-20.0                         0.21150947551866636
-19.884422110552762           0.21151008605950644
-19.768844221105528           0.21150941647302632
-19.65326633165829            0.21150865696149793
-19.537688442211056           0.2115093814528043
-19.42211055276382            0.21150944735291577
-19.306532663316585           0.21150950676444052
-19.190954773869347           0.21150907831241098
-19.07537688442211            0.2115094203967025
-18.959798994974875           0.21150929261233756
-18.844221105527637           0.21150992727437337
-18.728643216080403           0.21150933078952683
-18.613065326633166           0.21150919285578082
-18.49748743718593            0.2115092402804758
-18.381909547738694           0.2115103063851779
-18.266331658291456           0.21150911120196514
-18.150753768844222           0.21150919557047498
-18.035175879396984           0.21150874014534965
-17.91959798994975            0.21150912092285323
-17.804020100502512           0.21150923531191176
-17.688442211055275           0.21150932874903064
-17.57286432160804            0.21150908244442898
-17.457286432160803           0.21150888995099076
-17.34170854271357            0.21150911144871423
-17.22613065326633            0.21150927970321765
-17.110552763819094           0.21150885484632415
-16.99497487437186            0.21150900846707346
-16.87939698492462            0.21150912929054125
-16.763819095477388           0.21150909889288724
-16.64824120603015            0.2115090357812961
-16.532663316582916           0.21150882176021238
-16.417085427135678           0.2115089258892616
-16.301507537688444           0.2115088141672583
-16.185929648241206           0.21150887644443656
-16.07035175879397            0.21150894553849936
-15.954773869346734           0.21150835096266968
-15.839195979899497           0.21150878231208753
-15.72361809045226            0.21150879185009064
-15.608040201005025           0.21150874141375922
-15.492462311557789           0.21150871096551235
-15.376884422110553           0.2115084747746636
-15.261306532663315           0.21150879018058807
-15.145728643216081           0.21150868251411056
-15.030150753768844           0.2115090950360203
-14.914572864321608           0.21150853640629547
-14.798994974874372           0.2115082000738416
-14.683417085427136           0.21150865263641902
-14.5678391959799             0.21150865533745228
-14.452261306532662           0.21150862099472306
-14.336683417085428           0.21150855482589306
-14.22110552763819            0.2115084807059711
-14.105527638190955           0.21150855052386247
-13.989949748743719           0.21150795317230278
-13.874371859296481           0.21150842899204167
-13.758793969849247           0.21150911596572308
-13.64321608040201            0.2115085065660545
-13.527638190954773           0.21150830707708676
-13.412060301507537           0.21150848621906276
-13.296482412060302           0.21150868795631497
-13.180904522613066           0.21150847101834042
-13.065326633165828           0.2115080585412098
-12.949748743718594           0.21150850746737157
-12.834170854271356           0.211508089632427
-12.71859296482412            0.2115085826833216
-12.603015075376884           0.21150799739722687
-12.487437185929648           0.21150843318111298
-12.371859296482413           0.21150840353697933
-12.256281407035175           0.21150844076468808
-12.14070351758794            0.21150831323727048
-12.025125628140703           0.21150848832129907
-11.909547738693467           0.2115082022069421
-11.793969849246231           0.21150812202270294
-11.678391959798995           0.21150827479622908
-11.56281407035176            0.2115082512051949
-11.447236180904522           0.21150840316822622
-11.331658291457286           0.21150829296546175
-11.21608040201005            0.21150823968513044
-11.100502512562814           0.21150861049482128
-10.984924623115578           0.21150826856194146
-10.869346733668342           0.2115081642849929
-10.753768844221106           0.21150779381295723
-10.638190954773869           0.21150819955213823
-10.522613065326633           0.21150814029148188
-10.407035175879397           0.21150818206928332
-10.291457286432161           0.21150839350431339
-10.175879396984925           0.21150813621593054
-10.06030150753769            0.2115080413277166
-9.944723618090451            0.21150810264540876
-9.829145728643216            0.2115081055149383
-9.71356783919598             0.21150820943344786
-9.597989949748744            0.21150806384040904
-9.482412060301508            0.21150806887796
-9.366834170854272            0.21150806875576034
-9.251256281407034            0.21150804983405477
-9.135678391959798            0.211508045668175
-9.020100502512562            0.21150809628317294
-8.904522613065327            0.21150792312033026
-8.78894472361809             0.21150778319971844
-8.673366834170855            0.21150862359696826
-8.557788944723619            0.21150797081153427
-8.442211055276381            0.21150857847329502
-8.326633165829145            0.21150779013207716
-8.21105527638191             0.2115079918121125
-8.095477386934673            0.2115079224482621
-7.9798994974874375           0.21150793561598327
-7.864321608040202            0.21150791364049318
-7.748743718592964            0.21150788815826896
-7.633165829145728            0.21150791530669585
-7.517587939698492            0.21150782391002446
-7.402010050251256            0.21150796601881375
-7.28643216080402             0.21150790974060274
-7.170854271356784            0.2115078719858778
-7.055276381909547            0.21150769083413037
-6.939698492462311            0.21150784008261878
-6.824120603015075            0.21150785576543618
-6.708542713567839            0.21150784083002003
-6.592964824120603            0.21150780448520778
-6.477386934673367            0.21150772080131067
-6.361809045226131            0.21150779393740468
-6.246231155778894            0.2115077265112383
-6.130653266331658            0.21150780279715778
-6.015075376884422            0.2115078022910859
-5.899497487437186            0.2115078278713487
-5.78391959798995             0.21150777671335058
-5.668341708542714            0.2115077747026077
-5.5527638190954764           0.21150770770395108
-5.4371859296482405           0.2115076092716384
-5.321608040201005            0.21150772045385496
-5.206030150753769            0.21150771056499357
-5.090452261306533            0.21150771164278837
-4.974874371859297            0.21150778621765184
-4.859296482412061            0.211507870144237
-4.743718592964823            0.2115077159321014
-4.628140703517587            0.21150776318318412
-4.5125628140703515           0.21150767204146861
-4.396984924623116            0.2115076799498828
-4.28140703517588             0.2115076873956031
-4.165829145728644            0.211507671186882
-4.050251256281406            0.2115076723830382
-3.934673366834172            0.21150767024129324
-3.8190954773869343           0.21150767111914992
-3.7035175879396967           0.21150764160104416
-3.5879396984924625           0.21150763760400104
-3.472361809045225            0.21150762658212255
-3.3567839195979907           0.21150763455666252
-3.241206030150753            0.2115076070810588
-3.125628140703519            0.211507596326186
-3.0100502512562812           0.21150758992557722
-2.8944723618090435           0.21150754466243063
-2.7788944723618094           0.2115074572947091
-2.6633165829145717           0.2115074287363352
-2.5477386934673376           0.2115073479417643
-2.4321608040201              0.21150714837644374
-2.316582914572866            0.21150679101867964
-2.201005025125628            0.21150614879993296
-2.0854271356783904           0.21150497141157656
-1.9698492462311563           0.21150281381621044
-1.8542713567839186           0.2114989039380743
-1.7386934673366845           0.21149187534460254
-1.6231155778894468           0.2114790438430305
-1.5075376884422127           0.21145587316046685
-1.391959798994975            0.21141380960984535
-1.2763819095477373           0.21133768286521043
-1.1608040201005032           0.2112002375565912
-1.0452261306532655           0.2109527244619853
-0.9296482412060314           0.21050874745119988
-0.8140703517587937           0.20971635084886206
-0.698492462311556            0.20831132305803635
-0.5829145728643219           0.20584188591051544
-0.46733668341708423          0.20154885645899204
-0.3517587939698501           0.19418664291716037
-0.23618090452261245          0.18176691079935578
-0.12060301507537828          0.16121380605289076
-0.005025125628140596         0.12792824805966077
0.11055276381909708           0.07526849060248382
0.22613065326633117           -0.006046383476043795
0.34170854271356893           -0.1286189134937193
0.457286432160803             -0.3091844125403011
0.5728643216080407            -0.5696301243797478
0.6884422110552748            -0.9383325210925714
0.8040201005025125            -1.4519408430083387
0.9195979899497502            -2.157746496818147
1.0351758793969843            -3.116808500820133
1.150753768844222             -4.408092393294291
1.266331658291456             -6.134058656243005
1.3819095477386938            -8.428225383826558
1.4974874371859315            -11.465019382592534
1.6130653266331656            -15.472228948241543
1.7286432160804033            -20.746997728692165
1.8442211055276374            -27.676811837006404
1.959798994974875             -36.7670549507024
2.075376884422109             -48.67701366349082
2.190954773869347             -64.26685244706002
2.3065326633165846            -84.65889793553858
2.4221105527638187            -111.3175990971252
2.5376884422110564            -146.1538603873093
2.6532663316582905            -191.66118087886113
2.768844221105528             -252.84184594389927
