-20.0                         0.09568775548510224
-19.884422110552762           0.095688063700641
-19.768844221105528           0.09568771397245909
-19.65326633165829            0.09568727847071358
-19.537688442211056           0.09568768957132065
-19.42211055276382            0.09568774886987831
-19.306532663316585           0.09568768604144226
-19.190954773869347           0.09568775511185487
-19.07537688442211            0.09568762620545453
-18.959798994974875           0.09568760542236421
-18.844221105527637           0.0956876623041432
-18.728643216080403           0.09568757114700956
-18.613065326633166           0.09568747212387792
-18.49748743718593            0.09568752643776815
-18.381909547738694           0.09568777979310301
-18.266331658291456           0.09568745111818397
-18.150753768844222           0.09568749273656775
-18.035175879396984           0.09568713759340483
-17.91959798994975            0.09568741427002854
-17.804020100502512           0.09568740595201357
-17.688442211055275           0.09568742255526613
-17.57286432160804            0.09568741532149774
-17.457286432160803           0.09568725732756583
-17.34170854271357            0.09568734118443539
-17.22613065326633            0.09568738475291115
-17.110552763819094           0.09568725289622164
-16.99497487437186            0.09568727210211124
-16.87939698492462            0.09568733082305539
-16.763819095477388           0.09568725241601782
-16.64824120603015            0.09568726568260404
-16.532663316582916           0.09568721496768559
-16.417085427135678           0.0956872505602861
-16.301507537688444           0.09568723764464573
-16.185929648241206           0.0956871540330494
-16.07035175879397            0.09568717966084521
-15.954773869346734           0.095687004243819
-15.839195979899497           0.09568710332128481
-15.72361809045226            0.09568709096507368
-15.608040201005025           0.09568697539701548
-15.492462311557789           0.09568701844149792
-15.376884422110553           0.0956869666450184
-15.261306532663315           0.09568703955402473
-15.145728643216081           0.09568699012360596
-15.030150753768844           0.09568702896414624
-14.914572864321608           0.09568689885077984
-14.798994974874372           0.09568686607135127
-14.683417085427136           0.09568693199153343
-14.5678391959799             0.09568695325109745
-14.452261306532662           0.09568692806455396
-14.336683417085428           0.09568687114830524
-14.22110552763819            0.09568679745998136
-14.105527638190955           0.09568688016710676
-13.989949748743719           0.09568654500110255
-13.874371859296481           0.09568679348679647
-13.758793969849247           0.0956871697714233
-13.64321608040201            0.09568682002802427
-13.527638190954773           0.09568684404908981
-13.412060301507537           0.09568678985422391
-13.296482412060302           0.09568690911971102
-13.180904522613066           0.09568675078929144
-13.065326633165828           0.09568655796234633
-12.949748743718594           0.09568675914321807
-12.834170854271356           0.09568651582590558
-12.71859296482412            0.09568677432777126
-12.603015075376884           0.09568652933934688
-12.487437185929648           0.09568668075763179
-12.371859296482413           0.09568667363147075
-12.256281407035175           0.09568667937985186
-12.14070351758794            0.09568661193280896
-12.025125628140703           0.09568673574965468
-11.909547738693467           0.09568654890886767
-11.793969849246231           0.0956865665446456
-11.678391959798995           0.09568657484369929
-11.56281407035176            0.09568656133794984
-11.447236180904522           0.09568659292041337
-11.331658291457286           0.09568655393071011
-11.21608040201005            0.09568653204360214
-11.100502512562814           0.09568675147673184
-10.984924623115578           0.09568651955808864
-10.869346733668342           0.0956864718466976
-10.753768844221106           0.09568630209532622
-10.638190954773869           0.0956864689201469
-10.522613065326633           0.09568646481875984
-10.407035175879397           0.09568644084264044
-10.291457286432161           0.09568644037902348
-10.175879396984925           0.09568641972458286
-10.06030150753769            0.09568637311442578
-9.944723618090451            0.09568639254522188
-9.829145728643216            0.09568645302651378
-9.71356783919598             0.09568635546795311
-9.597989949748744            0.09568635527606921
-9.482412060301508            0.09568635942679836
-9.366834170854272            0.09568633217791349
-9.251256281407034            0.09568632853760191
-9.135678391959798            0.09568632432030796
-9.020100502512562            0.09568630851264884
-8.904522613065327            0.09568632550484946
-8.78894472361809             0.09568621664478981
-8.673366834170855            0.09568658872684531
-8.557788944723619            0.09568624133089827
-8.442211055276381            0.09568655591509616
-8.326633165829145            0.09568620279296482
-8.21105527638191             0.095686295608738
-8.095477386934673            0.09568621194527023
-7.9798994974874375           0.09568621343933051
-7.864321608040202            0.09568620304179798
-7.748743718592964            0.09568619430156916
-7.633165829145728            0.09568618346869148
-7.517587939698492            0.09568617815454777
-7.402010050251256            0.09568615416750068
-7.28643216080402             0.09568616961262032
-7.170854271356784            0.09568615263260699
-7.055276381909547            0.09568608412166436
-6.939698492462311            0.09568612234414502
-6.824120603015075            0.09568611674558947
-6.708542713567839            0.09568615257833227
-6.592964824120603            0.09568607281186926
-6.477386934673367            0.0956860090745064
-6.361809045226131            0.0956860529192213
-6.246231155778894            0.09568599041899892
-6.130653266331658            0.09568601620764884
-6.015075376884422            0.09568599133520776
-5.899497487437186            0.0956859586431973
-5.78391959798995             0.09568591443073575
-5.668341708542714            0.09568586336544672
-5.5527638190954764           0.09568578259290754
-5.4371859296482405           0.09568563361009383
-5.321608040201005            0.09568557467358585
-5.206030150753769            0.09568539921852094
-5.090452261306533            0.09568517724119813
-4.974874371859297            0.09568493194957567
-4.859296482412061            0.09568458532847038
-4.743718592964823            0.09568400745323087
-4.628140703517587            0.0956833539574464
-4.5125628140703515           0.09568240619985792
-4.396984924623116            0.09568118253944034
-4.28140703517588             0.09567954983285316
-4.165829145728644            0.09567735311951421
-4.050251256281406            0.09567443408416788
-3.934673366834172            0.09567047209927698
-3.8190954773869343           0.09566518704143968
-3.7035175879396967           0.09565809516614028
-3.5879396984924625           0.09564859186550846
-3.472361809045225            0.09563584399313618
-3.3567839195979907           0.09561875659176783
-3.241206030150753            0.09559582940994502
-3.125628140703519            0.0955650732425089
-3.0100502512562812           0.09552383269492923
-2.8944723618090435           0.09546848794959223
-2.7788944723618094           0.09539426542570774
-2.6633165829145717           0.0952947341455258
-2.5477386934673376           0.09516121995784098
-2.4321608040201              0.09498207927767582
-2.316582914572866            0.0947417448088462
-2.201005025125628            0.09441929179298308
-2.0854271356783904           0.0939866237266144
-1.9698492462311563           0.09340600663520397
-1.8542713567839186           0.09262677641144332
-1.7386934673366845           0.09158086225662584
-1.6231155778894468           0.09017672472340842
-1.5075376884422127           0.08829143938642099
-1.391959798994975            0.08575956581407611
-1.2763819095477373           0.0823587045124307
-1.1608040201005032           0.07778974992013334
-1.0452261306532655           0.07165044148875602
-0.9296482412060314           0.06340007260894633
-0.8140703517587937           0.05231226983431191
-0.698492462311556            0.03741222593801017
-0.5829145728643219           0.01739410643165315
-0.46733668341708423          -0.009488313668817203
-0.3517587939698501           -0.045564006577643715
-0.23618090452261245          -0.09393021518504774
-0.12060301507537828          -0.15869266684132718
-0.005025125628140596         -0.24527596529223705
0.11055276381909708           -0.36082385195644134
0.22613065326633117           -0.5147162379069771
0.34170854271356893           -0.7192374345709439
0.457286432160803             -0.9904426609104949
0.5728643216080407            -1.3492826239858235
0.6884422110552748            -1.8230639790155159
0.8040201005025125            -2.4473439683863876
0.9195979899497502            -3.2683839602961244
1.0351758793969843            -4.346334246351751
1.150753768844222             -5.759417746232417
1.266331658291456             -7.609534973871786
1.3819095477386938            -10.029776239966463
1.4974874371859315            -13.194187527188353
1.6130653266331656            -17.33019909777909
1.7286432160804033            -22.73465220414319
1.8442211055276374            -29.794803911610934
1.959798994974875             -39.01587106635652
2.075376884422109             -51.05701843510376
2.190954773869347             -66.77832060772464
2.3065326633165846            -87.30203732363748
2.4221105527638187            -114.09256742644627
2.5376884422110564            -149.06077761556372
2.6532663316582905            -194.70013840703888
2.768844221105528             -256.01217257706514
