-20.0                         0.5804010481075144
-19.884422110552762           0.580401898418558
-19.768844221105528           0.5804009507641648
-19.65326633165829            0.5803999769604452
-19.537688442211056           0.5804009166832761
-19.42211055276382            0.5804008608599784
-19.306532663316585           0.5804011248756739
-19.190954773869347           0.580399989114796
-19.07537688442211            0.5804010697547464
-18.959798994974875           0.5804008022658863
-18.844221105527637           0.5804019566590458
-18.728643216080403           0.5804008088222891
-18.613065326633166           0.5804008358589847
-18.49748743718593            0.5804007678168909
-18.381909547738694           0.5804026221712298
-18.266331658291456           0.5804006047865949
-18.150753768844222           0.5804006897254663
-18.035175879396984           0.5804005046977309
-17.91959798994975            0.5804006543645917
-17.804020100502512           0.5804009639630338
-17.688442211055275           0.5804009278499894
-17.57286432160804            0.5804004240631547
-17.457286432160803           0.5804003773381168
-17.34170854271357            0.5804006343408264
-17.22613065326633            0.5804007798160957
-17.110552763819094           0.5804003257576325
-16.99497487437186            0.5804006722599208
-16.87939698492462            0.5804004887704612
-16.763819095477388           0.5804008374650923
-16.64824120603015            0.5804004790146513
-16.532663316582916           0.5804003112460595
-16.417085427135678           0.5804003986291869
-16.301507537688444           0.5804000060945237
-16.185929648241206           0.5804003990662945
-16.07035175879397            0.5804005711507354
-15.954773869346734           0.5803995227872252
-15.839195979899497           0.5804002897560215
-15.72361809045226            0.5804003392195372
-15.608040201005025           0.5804006724740725
-15.492462311557789           0.5804002494834607
-15.376884422110553           0.5804000227767427
-15.261306532663315           0.5804003552525749
-15.145728643216081           0.5804002373045788
-15.030150753768844           0.5804009944849235
-14.914572864321608           0.5804000233018477
-14.798994974874372           0.5803994247281143
-14.683417085427136           0.5804002292827191
-14.5678391959799             0.5804001673360671
-14.452261306532662           0.5804001282312575
-14.336683417085428           0.5804000745527708
-14.22110552763819            0.580400272448113
-14.105527638190955           0.5804000348701914
-13.989949748743719           0.5803992566185565
-13.874371859296481           0.5803999023645157
-13.758793969849247           0.5804006511332318
-13.64321608040201            0.580399992721615
-13.527638190954773           0.5803995008297747
-13.412060301507537           0.5804000038657925
-13.296482412060302           0.5804000398053067
-13.180904522613066           0.5804000730394566
-13.065326633165828           0.5803995491375524
-12.949748743718594           0.5804000290295942
-12.834170854271356           0.5803995464286226
-12.71859296482412            0.5804001709474214
-12.603015075376884           0.5803994241176775
-12.487437185929648           0.5804000067011599
-12.371859296482413           0.5803998695432617
-12.256281407035175           0.5804000466152965
-12.14070351758794            0.5803998495530523
-12.025125628140703           0.5803998542644447
-11.909547738693467           0.580399697119621
-11.793969849246231           0.5803995596575386
-11.678391959798995           0.5803998153496576
-11.56281407035176            0.5803997760406381
-11.447236180904522           0.5804000564171523
-11.331658291457286           0.5803998405891022
-11.21608040201005            0.5803997661902008
-11.100502512562814           0.5804001342383898
-10.984924623115578           0.5803998252104737
-10.869346733668342           0.5803996910619066
-10.753768844221106           0.5803991453871197
-10.638190954773869           0.5803997825837427
-10.522613065326633           0.5803996296650201
-10.407035175879397           0.5803997883869283
-10.291457286432161           0.5804002648935389
-10.175879396984925           0.5803996706547198
-10.06030150753769            0.5803995456965119
-9.944723618090451            0.580399647320281
-9.829145728643216            0.5803994616931295
-9.71356783919598             0.5803999854534047
-9.597989949748744            0.5803996182521611
-9.482412060301508            0.5803996027224214
-9.366834170854272            0.5803996656060456
-9.251256281407034            0.5803996023180882
-9.135678391959798            0.5803995685291066
-9.020100502512562            0.580399722203343
-8.904522613065327            0.5803992885103894
-8.78894472361809             0.5803991844403997
-8.673366834170855            0.580400446735603
-8.557788944723619            0.5803995469278704
-8.442211055276381            0.5804003909006398
-8.326633165829145            0.5803992053315009
-8.21105527638191             0.5803994079020662
-8.095477386934673            0.5803995354203155
-7.9798994974874375           0.5803994983910138
-7.864321608040202            0.5803994593002777
-7.748743718592964            0.5803994091257589
-7.633165829145728            0.5803994893307478
-7.517587939698492            0.5803992809843327
-7.402010050251256            0.5803996679293878
-7.28643216080402             0.5803994695306752
-7.170854271356784            0.5803994099161875
-7.055276381909547            0.5803991615398215
-6.939698492462311            0.5803993867093931
-6.824120603015075            0.580399411340764
-6.708542713567839            0.5803993132760347
-6.592964824120603            0.5803993665330798
-6.477386934673367            0.5803993056087516
-6.361809045226131            0.5803993529793621
-6.246231155778894            0.580399265042192
-6.130653266331658            0.5803993557251914
-6.015075376884422            0.5803993625060169
-5.899497487437186            0.5803994170449664
-5.78391959798995             0.580399312879246
-5.668341708542714            0.5803993219579596
-5.5527638190954764           0.5803991933819467
-5.4371859296482405           0.5803990826240228
-5.321608040201005            0.5803992026544667
-5.206030150753769            0.5803992377660931
-5.090452261306533            0.5803992946237113
-4.974874371859297            0.5803993064114169
-4.859296482412061            0.5803994592156255
-4.743718592964823            0.5803992679280875
-4.628140703517587            0.5803993423150758
-4.5125628140703515           0.5803992023125406
-4.396984924623116            0.5803992243192803
-4.28140703517588             0.5803992422575159
-4.165829145728644            0.5803992187249938
-4.050251256281406            0.5803991674791216
-3.934673366834172            0.5803992327110625
-3.8190954773869343           0.5803992422863522
-3.7035175879396967           0.5803991931868312
-3.5879396984924625           0.580399198169284
-3.472361809045225            0.580399186210702
-3.3567839195979907           0.5803992050336048
-3.241206030150753            0.5803991559578525
-3.125628140703519            0.5803991547854127
-3.0100502512562812           0.5803991598023858
-2.8944723618090435           0.5803991616520413
-2.7788944723618094           0.5803990516861663
-2.6633165829145717           0.5803991207147339
-2.5477386934673376           0.5803991373001568
-2.4321608040201              0.5803991323003618
-2.316582914572866            0.5803991320802446
-2.201005025125628            0.5803991420079023
-2.0854271356783904           0.5803991299106921
-1.9698492462311563           0.5803990861995106
-1.8542713567839186           0.580399015151265
-1.7386934673366845           0.5803989870868771
-1.6231155778894468           0.5803988276590827
-1.5075376884422127           0.5803986060658076
-1.391959798994975            0.580397924714633
-1.2763819095477373           0.5803963475791294
-1.1608040201005032           0.5803926451936225
-1.0452261306532655           0.5803839428318797
-0.9296482412060314           0.5803636787047625
-0.8140703517587937           0.5803167376128473
-0.698492462311556            0.5802084175261574
-0.5829145728643219           0.5799619452734266
-0.46733668341708423          0.5794082890851516
-0.3517587939698501           0.5781871498337844
-0.23618090452261245          0.5755565211012781
-0.12060301507537828          0.5700549548288625
-0.005025125628140596         0.5589570808073085
0.11055276381909708           0.5374947261609118
0.22613065326633117           0.4978897258144699
0.34170854271356893           0.42832151765966286
0.457286432160803             0.31194877886139893
0.5728643216080407            0.1259806153759429
0.6884422110552748            -0.1593800249367946
0.8040201005025125            -0.5823946462495543
0.9195979899497502            -1.191904561083717
1.0351758793969843            -2.0503078167928273
1.150753768844222             -3.237628463217623
1.266331658291456             -4.857094142355983
1.3819095477386938            -7.042769882204443
1.4974874371859315            -9.9695266957183
1.6130653266331656            -13.865544101655884
1.7286432160804033            -19.028282388473716
1.8442211055276374            -25.845458761915747
1.959798994974875             -34.8226196696313
2.075376884422109             -46.619167348847526
2.190954773869347             -62.09534978367534
2.3065326633165846            -82.37355474167374
2.4221105527638187            -108.91827641665395
2.5376884422110564            -143.6404529957773
2.6532663316582905            -189.03360887160363
2.768844221105528             -250.1006901650048
