-20.0                         0.2853565479471678
-19.884422110552762           0.28535721706309675
-19.768844221105528           0.2853564819084831
-19.65326633165829            0.285355661451775
-19.537688442211056           0.2853564414134422
-19.42211055276382            0.2853564881264345
-19.306532663316585           0.2853566003594621
-19.190954773869347           0.28535599991529875
-19.07537688442211            0.2853565100046811
-18.959798994974875           0.2853563483283505
-18.844221105527637           0.2853571306434531
-18.728643216080403           0.285356396243841
-18.613065326633166           0.2853562743856839
-18.49748743718593            0.2853563053976405
-18.381909547738694           0.28535756823431135
-18.266331658291456           0.28535616395380803
-18.150753768844222           0.28535625074823795
-18.035175879396984           0.28535583228805567
-17.91959798994975            0.285356186205948
-17.804020100502512           0.2853563422051333
-17.688442211055275           0.2853564298039702
-17.57286432160804            0.28535610745594814
-17.457286432160803           0.28535593972514994
-17.34170854271357            0.2853561845561433
-17.22613065326633            0.2853563623382086
-17.110552763819094           0.2853558981359715
-16.99497487437186            0.2853560942993445
-16.87939698492462            0.285356177146872
-16.763819095477388           0.28535620651636784
-16.64824120603015            0.28535609398759026
-16.532663316582916           0.2853558596897574
-16.417085427135678           0.2853559751855769
-16.301507537688444           0.28535580546197703
-16.185929648241206           0.28535594108619977
-16.07035175879397            0.285356028071384
-15.954773869346734           0.2853553264592779
-15.839195979899497           0.28535583860405883
-15.72361809045226            0.28535585462556945
-15.608040201005025           0.2853558732047824
-15.492462311557789           0.2853557734732185
-15.376884422110553           0.28535551567359746
-15.261306532663315           0.28535586347368674
-15.145728643216081           0.28535574699572636
-15.030150753768844           0.28535625599896247
-14.914572864321608           0.28535558639144687
-14.798994974874372           0.28535517907195374
-14.683417085427136           0.28535572364919826
-14.5678391959799             0.2853557108196306
-14.452261306532662           0.2853556752361767
-14.336683417085428           0.2853556136123753
-14.22110552763819            0.2853555812670093
-14.105527638190955           0.28535560030554075
-13.989949748743719           0.28535495651103254
-13.874371859296481           0.28535547637830616
-13.758793969849247           0.28535619499608234
-13.64321608040201            0.2853555588263353
-13.527638190954773           0.285355289742327
-13.412060301507537           0.2853555441126074
-13.296482412060302           0.2853557263156826
-13.180904522613066           0.2853555446156971
-13.065326633165828           0.2853550972487581
-12.949748743718594           0.28535557185087546
-12.834170854271356           0.2853551303684655
-12.71859296482412            0.28535566230899007
-12.603015075376884           0.2853550226354495
-12.487437185929648           0.28535550741800614
-12.371859296482413           0.28535545924899447
-12.256281407035175           0.2853555197190412
-12.14070351758794            0.28535537583483395
-12.025125628140703           0.2853555264432832
-11.909547738693467           0.2853552545637117
-11.793969849246231           0.2853551506432966
-11.678391959798995           0.2853553370396202
-11.56281407035176            0.2853553108117475
-11.447236180904522           0.28535549312959246
-11.331658291457286           0.28535536076528345
-11.21608040201005            0.28535530097051653
-11.100502512562814           0.2853556813562732
-10.984924623115578           0.28535533879748126
-10.869346733668342           0.2853552245584832
-10.753768844221106           0.2853548107217646
-10.638190954773869           0.28535527092084095
-10.522613065326633           0.2853551922247277
-10.407035175879397           0.2853552602917608
-10.291457286432161           0.28535553215423687
-10.175879396984925           0.2853552001639707
-10.06030150753769            0.2853550962602162
-9.944723618090451            0.2853551667361224
-9.829145728643216            0.285355132420306
-9.71356783919598             0.2853553269672757
-9.597989949748744            0.2853551292073099
-9.482412060301508            0.2853551306810603
-9.366834170854272            0.2853551445246077
-9.251256281407034            0.2853551165836306
-9.135678391959798            0.2853551081124591
-9.020100502512562            0.2853551841622937
-8.904522613065327            0.285354946963159
-8.78894472361809             0.2853548134034265
-8.673366834170855            0.28535575726860657
-8.557788944723619            0.2853550422137559
-8.442211055276381            0.28535570949831573
-8.326633165829145            0.28535482403355
-8.21105527638191             0.2853550329432399
-8.095477386934673            0.2853549967189445
-7.9798994974874375           0.285355004155183
-7.864321608040202            0.2853549780603883
-7.748743718592964            0.28535494750301954
-7.633165829145728            0.2853549861726992
-7.517587939698492            0.28535486612992633
-7.402010050251256            0.285355066698685
-7.28643216080402             0.2853549790518711
-7.170854271356784            0.285354935588272
-7.055276381909547            0.2853547340201452
-6.939698492462311            0.2853549046096031
-6.824120603015075            0.2853549238559235
-6.708542713567839            0.28535489003142284
-6.592964824120603            0.28535487221720407
-6.477386934673367            0.28535479019431553
-6.361809045226131            0.28535486020578776
-6.246231155778894            0.2853547890261683
-6.130653266331658            0.28535487078987765
-6.015075376884422            0.2853548724439638
-5.899497487437186            0.2853549064114673
-5.78391959798995             0.2853548409488165
-5.668341708542714            0.2853548404654602
-5.5527638190954764           0.28535475786189285
-5.4371859296482405           0.28535465665723614
-5.321608040201005            0.28535477206640064
-5.206030150753769            0.2853547701888899
-5.090452261306533            0.2853547818147794
-4.974874371859297            0.28535485071047173
-4.859296482412061            0.28535494993027033
-4.743718592964823            0.285354783704275
-4.628140703517587            0.28535483656701094
-4.5125628140703515           0.28535473266802147
-4.396984924623116            0.28535474552684764
-4.28140703517588             0.2853547554696622
-4.165829145728644            0.28535473706779235
-4.050251256281406            0.2853547280227626
-3.934673366834172            0.28535473957995616
-3.8190954773869343           0.28535474249948306
-3.7035175879396967           0.28535470839485216
-3.5879396984924625           0.2853547061527688
-3.472361809045225            0.2853546956156081
-3.3567839195979907           0.285354707398096
-3.241206030150753            0.2853546759552276
-3.125628140703519            0.28535467206184695
-3.0100502512562812           0.2853546747515065
-2.8944723618090435           0.2853546490964029
-2.7788944723618094           0.28535457705347833
-2.6633165829145717           0.2853546046238859
-2.5477386934673376           0.2853546094821048
-2.4321608040201              0.2853545645687018
-2.316582914572866            0.28535448408806807
-2.201005025125628            0.28535433670636867
-2.0854271356783904           0.2853540359813279
-1.9698492462311563           0.28535343439333555
-1.8542713567839186           0.2853522821650678
-1.7386934673366845           0.2853501371739926
-1.6231155778894468           0.285345903995027
-1.5075376884422127           0.28533782604321073
-1.391959798994975            0.2853221112589312
-1.2763819095477373           0.28529175412380664
-1.1608040201005032           0.2852332725772398
-1.0452261306532655           0.28512088144051734
-0.9296482412060314           0.2849058111328763
-0.8140703517587937           0.2844964158906241
-0.698492462311556            0.2837224392529554
-0.5829145728643219           0.2822733993511942
-0.46733668341708423          0.27959293241526834
-0.3517587939698501           0.274710045391834
-0.23618090452261245          0.26598137062812216
-0.12060301507537828          0.2507248221530102
-0.005025125628140596         0.22473779468556163
0.11055276381909708           0.18171321921848313
0.22613065326633117           0.11257904302177132
0.34170854271356893           0.004776334588586185
0.457286432160803             -0.15855145064361548
0.5728643216080407            -0.39954056499002777
0.6884422110552748            -0.7468886777083368
0.8040201005025125            -1.2375849444805882
0.9195979899497502            -1.9192403874066113
1.0351758793969843            -2.853190208181805
1.150753768844222             -4.118620216816273
1.266331658291456             -5.818152601812479
1.3819095477386938            -8.085423466771227
1.4974874371859315            -11.094958556813891
1.6130653266331656            -15.074635324079406
1.7286432160804033            -20.321670662101955
1.8442211055276374            -27.223604846148653
1.959798994974875             -36.285860159483086
2.075376884422109             -48.16775089202249
2.190954773869347             -63.729461668054824
2.3065326633165846            -84.09333396016373
2.4221105527638187            -110.72382776319662
2.5376884422110564            -145.53185578537457
2.6532663316582905            -191.01092331065828
2.768844221105528             -252.16347910972843
