-20.0                         0.7854764877640954
-19.884422110552762           0.785477456414776
-19.768844221105528           0.785476367868453
-19.65326633165829            0.7854753395830834
-19.537688442211056           0.7854763748813
-19.42211055276382            0.7854762297207039
-19.306532663316585           0.7854765394942282
-19.190954773869347           0.7854751460772502
-19.07537688442211            0.7854765554095218
-18.959798994974875           0.785476235873577
-18.844221105527637           0.7854775091229578
-18.728643216080403           0.7854761587122895
-18.613065326633166           0.7854763451835391
-18.49748743718593            0.7854761798053921
-18.381909547738694           0.7854783496776379
-18.266331658291456           0.785476025176867
-18.150753768844222           0.7854761056629901
-18.035175879396984           0.7854761266037137
-17.91959798994975            0.7854760728235742
-17.804020100502512           0.7854764847801686
-17.688442211055275           0.7854763003582659
-17.57286432160804            0.7854757769779948
-17.457286432160803           0.7854757996474041
-17.34170854271357            0.7854760119009785
-17.22613065326633            0.7854761021329967
-17.110552763819094           0.7854757504404464
-16.99497487437186            0.785476179544875
-16.87939698492462            0.78547576655185
-16.763819095477388           0.7854763756081694
-16.64824120603015            0.7854758228653435
-16.532663316582916           0.785475799243763
-16.417085427135678           0.7854758064524372
-16.301507537688444           0.7854752852026503
-16.185929648241206           0.7854758151155282
-16.07035175879397            0.7854760495045081
-15.954773869346734           0.7854748015505231
-15.839195979899497           0.7854757155733009
-15.72361809045226            0.7854758004224673
-15.608040201005025           0.7854763542894214
-15.492462311557789           0.7854756932120824
-15.376884422110553           0.785475557945634
-15.261306532663315           0.7854757932685109
-15.145728643216081           0.7854756943220657
-15.030150753768844           0.7854765352792905
-14.914572864321608           0.7854754444370989
-14.798994974874372           0.7854747616684274
-14.683417085427136           0.7854756907694124
-14.5678391959799             0.7854756145902776
-14.452261306532662           0.7854755738681333
-14.336683417085428           0.7854755077575408
-14.22110552763819            0.7854758933381822
-14.105527638190955           0.7854754593963957
-13.989949748743719           0.785474603780627
-13.874371859296481           0.7854753157106992
-13.758793969849247           0.7854760460778942
-13.64321608040201            0.7854754108352722
-13.527638190954773           0.7854747940482032
-13.412060301507537           0.7854754414262366
-13.296482412060302           0.7854753449854611
-13.180904522613066           0.7854755574029878
-13.065326633165828           0.7854750119798075
-12.949748743718594           0.7854754476133823
-12.834170854271356           0.7854749600144193
-12.71859296482412            0.7854756209226619
-12.603015075376884           0.7854748534082138
-12.487437185929648           0.7854754520237069
-12.371859296482413           0.7854752517474358
-12.256281407035175           0.7854755131855425
-12.14070351758794            0.785475291538665
-12.025125628140703           0.7854751765140802
-11.909547738693467           0.7854751205404683
-11.793969849246231           0.7854750033228759
-11.678391959798995           0.7854752651806858
-11.56281407035176            0.7854752126894465
-11.447236180904522           0.7854755515457916
-11.331658291457286           0.7854752789789433
-11.21608040201005            0.785475200318701
-11.100502512562814           0.7854755392402344
-10.984924623115578           0.7854752665226646
-10.869346733668342           0.785475128785295
-10.753768844221106           0.7854745082494335
-10.638190954773869           0.7854752536411184
-10.522613065326633           0.7854750498679213
-10.407035175879397           0.7854752549366972
-10.291457286432161           0.7854758614572149
-10.175879396984925           0.7854751046645573
-10.06030150753769            0.7854749724557818
-9.944723618090451            0.7854750969579138
-9.829145728643216            0.7854748071151239
-9.71356783919598             0.785475526624405
-9.597989949748744            0.7854750738700785
-9.482412060301508            0.7854750459561751
-9.366834170854272            0.7854751349058153
-9.251256281407034            0.7854750503291703
-9.135678391959798            0.785474996483457
-9.020100502512562            0.7854751791438707
-8.904522613065327            0.7854746527483468
-8.78894472361809             0.7854745655409996
-8.673366834170855            0.7854760092174644
-8.557788944723619            0.7854750077680691
-8.442211055276381            0.7854759488193425
-8.326633165829145            0.785474591680575
-8.21105527638191             0.7854747783003394
-8.095477386934673            0.7854750293605688
-7.9798994974874375           0.7854749501116611
-7.864321608040202            0.7854749061725431
-7.748743718592964            0.7854748420749061
-7.633165829145728            0.7854749494078966
-7.517587939698492            0.7854746994670347
-7.402010050251256            0.7854751779917608
-7.28643216080402             0.7854749170769617
-7.170854271356784            0.7854748506009349
-7.055276381909547            0.7854745863223557
-6.939698492462311            0.7854748351906834
-6.824120603015075            0.7854748580263522
-6.708542713567839            0.7854747210325161
-6.592964824120603            0.7854748222408506
-6.477386934673367            0.7854747834711706
-6.361809045226131            0.7854748103621566
-6.246231155778894            0.7854747087270562
-6.130653266331658            0.7854747984635397
-6.015075376884422            0.7854748040051048
-5.899497487437186            0.7854748647327137
-5.78391959798995             0.7854747492872752
-5.668341708542714            0.785474766708792
-5.5527638190954764           0.7854746183689618
-5.4371859296482405           0.7854744959413179
-5.321608040201005            0.785474618631459
-5.206030150753769            0.785474681945948
-5.090452261306533            0.785474767098848
-4.974874371859297            0.7854747234678378
-4.859296482412061            0.7854749095380101
-4.743718592964823            0.7854747100619894
-4.628140703517587            0.7854748008562825
-4.5125628140703515           0.7854746462461403
-4.396984924623116            0.7854746654273684
-4.28140703517588             0.7854746874381163
-4.165829145728644            0.7854746637875211
-4.050251256281406            0.7854745835121784
-3.934673366834172            0.785474683450727
-3.8190954773869343           0.7854746975002528
-3.7035175879396967           0.7854746400469582
-3.5879396984924625           0.7854746512020273
-3.472361809045225            0.7854746379000617
-3.3567839195979907           0.785474658496137
-3.241206030150753            0.785474605467588
-3.125628140703519            0.7854745994230441
-3.0100502512562812           0.7854746037476639
-2.8944723618090435           0.7854746263619807
-2.7788944723618094           0.7854744868004523
-2.6633165829145717           0.7854745776015654
-2.5477386934673376           0.785474584970728
-2.4321608040201              0.78547457962515
-2.316582914572866            0.7854745819612595
-2.201005025125628            0.7854745956923672
-2.0854271356783904           0.7854745844874937
-1.9698492462311563           0.7854745452067027
-1.8542713567839186           0.7854744870254142
-1.7386934673366845           0.785474505658797
-1.6231155778894468           0.7854744492770819
-1.5075376884422127           0.7854744817847333
-1.391959798994975            0.7854743584353899
-1.2763819095477373           0.785474095415751
-1.1608040201005032           0.785473388047395
-1.0452261306532655           0.7854714959427873
-0.9296482412060314           0.7854665916614033
-0.8140703517587937           0.7854539666558358
-0.698492462311556            0.7854211161410984
-0.5829145728643219           0.7853377787290621
-0.46733668341708423          0.7851285743105657
-0.3517587939698501           0.784613315411334
-0.23618090452261245          0.783375389864438
-0.12060301507537828          0.7804946176601185
-0.005025125628140596         0.7740533939978639
0.11055276381909708           0.760328783417533
0.22613065326633117           0.7326611556393791
0.34170854271356893           0.6801400175072028
0.457286432160803             0.5863550896341305
0.5728643216080407            0.42836608459163156
0.6884422110552748            0.17575933645548955
0.8040201005025125            -0.21058043087246348
0.9195979899497502            -0.7803712443229045
1.0351758793969843            -1.5967789496290634
1.150753768844222             -2.7404296944137183
1.266331658291456             -4.314979785919189
1.3819095477386938            -6.454789132471232
1.4974874371859315            -9.334956194786345
1.6130653266331656            -13.18385318013353
1.7286432160804033            -18.299092355553913
1.8442211055276374            -25.068499302197075
1.959798994974875             -33.99769518090307
2.075376884422109             -45.74613437645362
2.190954773869347             -61.17410201160115
2.3065326633165846            -81.4040127488583
2.4221105527638187            -107.90038051314362
2.5376884422110564            -142.57415811349392
2.6532663316582905            -187.91888086347666
2.768844221105528             -248.9377755921405
