-20.0                         0.9742956784324043
-19.884422110552762           0.9742967629592006
-19.768844221105528           0.9742955397031275
-19.65326633165829            0.9742944885165016
-19.537688442211056           0.9742956139244581
-19.42211055276382            0.9742953743307909
-19.306532663316585           0.9742956863053042
-19.190954773869347           0.9742941234338475
-19.07537688442211            0.9742957960687896
-18.959798994974875           0.9742954411697974
-18.844221105527637           0.9742967501492084
-18.728643216080403           0.9742952626181471
-18.613065326633166           0.9742956207596066
-18.49748743718593            0.9742953485802072
-18.381909547738694           0.9742977651847458
-18.266331658291456           0.9742952161950006
-18.150753768844222           0.9742952920010276
-18.035175879396984           0.9742955219544094
-17.91959798994975            0.9742952479320038
-17.804020100502512           0.9742957515398691
-17.688442211055275           0.9742954035241931
-17.57286432160804            0.97429493196595
-17.457286432160803           0.9742949938414074
-17.34170854271357            0.9742951397797928
-17.22613065326633            0.9742951679516073
-17.110552763819094           0.9742949514609378
-16.99497487437186            0.9742954351104272
-16.87939698492462            0.9742948103845435
-16.763819095477388           0.974295667016953
-16.64824120603015            0.9742949339895446
-16.532663316582916           0.9742950883067649
-16.417085427135678           0.9742949857399262
-16.301507537688444           0.9742943715191345
-16.185929648241206           0.9742949978375611
-16.07035175879397            0.9742952832214926
-15.954773869346734           0.9742938730673422
-15.839195979899497           0.9742949106554453
-15.72361809045226            0.9742950385947203
-15.608040201005025           0.9742957808699404
-15.492462311557789           0.9742949051322065
-15.376884422110553           0.9742948870103739
-15.261306532663315           0.9742949929852862
-15.145728643216081           0.9742949188873884
-15.030150753768844           0.9742957897507183
-14.914572864321608           0.974294637270882
-14.798994974874372           0.9742938996481202
-14.683417085427136           0.974294917479063
-14.5678391959799             0.9742948433727007
-14.452261306532662           0.9742948021930602
-14.336683417085428           0.9742947104413354
-14.22110552763819            0.97429527415001
-14.105527638190955           0.9742946602657692
-13.989949748743719           0.9742937365914631
-13.874371859296481           0.974294501305647
-13.758793969849247           0.9742952015823392
-13.64321608040201            0.9742946033849768
-13.527638190954773           0.9742938852756242
-13.412060301507537           0.9742946517882676
-13.296482412060302           0.9742944237517396
-13.180904522613066           0.9742948067436568
-13.065326633165828           0.9742942577091754
-12.949748743718594           0.9742946321684665
-12.834170854271356           0.9742941485875977
-12.71859296482412            0.9742948321449139
-12.603015075376884           0.9742940688104584
-12.487437185929648           0.9742946581956947
-12.371859296482413           0.974294406144486
-12.256281407035175           0.9742947360051765
-12.14070351758794            0.9742945026832297
-12.025125628140703           0.9742942733885638
-11.909547738693467           0.974294314843471
-11.793969849246231           0.9742942408021407
-11.678391959798995           0.9742944855351363
-11.56281407035176            0.974294418219458
-11.447236180904522           0.974294807353466
-11.331658291457286           0.9742944830248946
-11.21608040201005            0.9742944033011826
-11.100502512562814           0.974294708167607
-10.984924623115578           0.9742944725486942
-10.869346733668342           0.9742943359685365
-10.753768844221106           0.9742936523550572
-10.638190954773869           0.9742944914473575
-10.522613065326633           0.9742942421673277
-10.407035175879397           0.9742944759674944
-10.291457286432161           0.9742952002417153
-10.175879396984925           0.9742943055740203
-10.06030150753769            0.9742941692811868
-9.944723618090451            0.9742943179528993
-9.829145728643216            0.9742939334121344
-9.71356783919598             0.9742948085358644
-9.597989949748744            0.9742942982076598
-9.482412060301508            0.9742942594383873
-9.366834170854272            0.9742943664525279
-9.251256281407034            0.9742942658906957
-9.135678391959798            0.9742941948174743
-9.020100502512562            0.9742943851941522
-8.904522613065327            0.9742937995119928
-8.78894472361809             0.9742937237809753
-8.673366834170855            0.9742953193749939
-8.557788944723619            0.9742942343726616
-8.442211055276381            0.9742952551628534
-8.326633165829145            0.9742937540455873
-8.21105527638191             0.9742939241271138
-8.095477386934673            0.9742942871947673
-7.9798994974874375           0.9742941654262028
-7.864321608040202            0.9742941207112169
-7.748743718592964            0.9742940437380248
-7.633165829145728            0.9742941749728777
-7.517587939698492            0.9742938993536301
-7.402010050251256            0.9742944373481162
-7.28643216080402             0.974294129691343
-7.170854271356784            0.9742940592916595
-7.055276381909547            0.974293787520392
-6.939698492462311            0.9742940521224973
-6.824120603015075            0.9742940706028638
-6.708542713567839            0.9742939002951398
-6.592964824120603            0.9742940450364856
-6.477386934673367            0.9742940300853987
-6.361809045226131            0.9742940359659046
-6.246231155778894            0.9742939205575529
-6.130653266331658            0.9742940061148226
-6.015075376884422            0.9742940068129563
-5.899497487437186            0.9742940691594085
-5.78391959798995             0.9742939532242165
-5.668341708542714            0.9742939786436406
-5.5527638190954764           0.9742938196970149
-5.4371859296482405           0.9742936815037903
-5.321608040201005            0.9742938094774771
-5.206030150753769            0.9742938994145928
-5.090452261306533            0.9742940054410414
-4.974874371859297            0.9742939066557053
-4.859296482412061            0.9742941210073981
-4.743718592964823            0.9742939171719653
-4.628140703517587            0.9742940241523215
-4.5125628140703515           0.9742938624035479
-4.396984924623116            0.9742938735139759
-4.28140703517588             0.974293898099793
-4.165829145728644            0.9742938765897943
-4.050251256281406            0.9742937700559298
-3.934673366834172            0.9742938994411053
-3.8190954773869343           0.9742939177208769
-3.7035175879396967           0.974293853461262
-3.5879396984924625           0.9742938707173019
-3.472361809045225            0.9742938561942068
-3.3567839195979907           0.9742938758120285
-3.241206030150753            0.974293825561467
-3.125628140703519            0.9742938111662456
-3.0100502512562812           0.9742938142765362
-2.8944723618090435           0.9742938576255165
-2.7788944723618094           0.9742936907852698
-2.6633165829145717           0.9742938019949617
-2.5477386934673376           0.9742937992646973
-2.4321608040201              0.9742937929469866
-2.316582914572866            0.9742937974765519
-2.201005025125628            0.9742938117240265
-2.0854271356783904           0.9742937989200463
-1.9698492462311563           0.9742937582533158
-1.8542713567839186           0.9742936972837315
-1.7386934673366845           0.9742937223941831
-1.6231155778894468           0.9742936746172545
-1.5075376884422127           0.9742937467482118
-1.391959798994975            0.9742936977155281
-1.2763819095477373           0.9742936542366175
-1.1608040201005032           0.9742934917515026
-1.0452261306532655           0.9742929766668469
-0.9296482412060314           0.9742915261335813
-0.8140703517587937           0.974287529329905
-0.698492462311556            0.9742757968152961
-0.5829145728643219           0.9742433708346773
-0.46733668341708423          0.9741540382085265
-0.3517587939698501           0.9739126911223911
-0.23618090452261245          0.9732770362985671
-0.12060301507537828          0.971657325089458
-0.005025125628140596         0.9677008474839525
0.11055276381909708           0.95852683668436
0.22613065326633117           0.9385233539669541
0.34170854271356893           0.8977975249355401
0.457286432160803             0.8206045694458498
0.5728643216080407            0.6841030916933141
0.6884422110552748            0.45744101217497435
0.8040201005025125            0.10074528543178822
0.9195979899497502            -0.4365344569477568
1.0351758793969843            -1.218308208777537
1.150753768844222             -2.3257865066706342
1.266331658291456             -3.863038802860101
1.3819095477386938            -5.964704323736788
1.4974874371859315            -8.806091311043241
1.6130653266331656            -12.615746070497131
1.7286432160804033            -17.691416315508825
1.8442211055276374            -24.421023015942712
1.959798994974875             -33.3102523284052
2.075376884422109             -45.01860356482466
2.190954773869347             -60.406393602425474
2.3065326633165846            -80.59605996473711
2.4221105527638187            -107.05213327218863
2.5376884422110564            -141.6855786626996
2.6532663316582905            -186.98994063324963
2.768844221105528             -247.96868011475357
