-20.0                         0.6847254362570742
-19.884422110552762           0.6847263461774938
-19.768844221105528           0.6847253273117245
-19.65326633165829            0.6847243214900076
-19.537688442211056           0.6847253099982354
-19.42211055276382            0.6847252104674827
-19.306532663316585           0.684725503757699
-19.190954773869347           0.6847242265078708
-19.07537688442211            0.6847254803592238
-18.959798994974875           0.6847251844478185
-18.844221105527637           0.6847264109883082
-18.728643216080403           0.6847251527305925
-18.613065326633166           0.6847252565091014
-18.49748743718593            0.6847251416256828
-18.381909547738694           0.6847271635356598
-18.266331658291456           0.684724980639457
-18.150753768844222           0.6847250634284812
-18.035175879396984           0.6847249799774758
-17.91959798994975            0.6847250313363276
-17.804020100502512           0.684725393318442
-17.688442211055275           0.6847252864850237
-17.57286432160804            0.6847247623531392
-17.457286432160803           0.6847247538924647
-17.34170854271357            0.6847249923991326
-17.22613065326633            0.6847251118285734
-17.110552763819094           0.6847247027797612
-16.99497487437186            0.6847250940379149
-16.87939698492462            0.6847247952949199
-16.763819095477388           0.6847252743927853
-16.64824120603015            0.6847248181088719
-16.532663316582916           0.6847247159082842
-16.417085427135678           0.6847247680926328
-16.301507537688444           0.6847243066870909
-16.185929648241206           0.6847247737168136
-16.07035175879397            0.6847249779157317
-15.954773869346734           0.6847238247018576
-15.839195979899497           0.6847246685063071
-15.72361809045226            0.684724734529231
-15.608040201005025           0.6847251813999317
-15.492462311557789           0.6847246372779696
-15.376884422110553           0.6847244516443057
-15.261306532663315           0.6847247413948236
-15.145728643216081           0.6847246316877676
-15.030150753768844           0.6847254389517791
-14.914572864321608           0.6847243993058745
-14.798994974874372           0.6847237542196463
-14.683417085427136           0.6847246263632949
-14.5678391959799             0.6847245549510218
-14.452261306532662           0.6847245149118799
-14.336683417085428           0.6847244569629233
-14.22110552763819            0.6847247489272457
-14.105527638190955           0.6847244119236394
-13.989949748743719           0.6847235936035693
-13.874371859296481           0.684724274417803
-13.758793969849247           0.6847250162164917
-13.64321608040201            0.6847243669405348
-13.527638190954773           0.6847238092568206
-13.412060301507537           0.6847243879298154
-13.296482412060302           0.6847243583972903
-13.180904522613066           0.6847244813376346
-13.065326633165828           0.6847239440055495
-12.949748743718594           0.6847244048046769
-12.834170854271356           0.684723918132014
-12.71859296482412            0.6847245630310171
-12.603015075376884           0.6847238018199783
-12.487437185929648           0.6847243964863425
-12.371859296482413           0.6847242266623661
-12.256281407035175           0.6847244474013418
-12.14070351758794            0.6847242363804887
-12.025125628140703           0.6847241810913945
-11.909547738693467           0.6847240743948403
-11.793969849246231           0.6847239434230741
-11.678391959798995           0.684724205794813
-11.56281407035176            0.684724160211169
-11.447236180904522           0.6847244709552167
-11.331658291457286           0.6847242261918631
-11.21608040201005            0.6847241491849498
-11.100502512562814           0.6847245036805455
-10.984924623115578           0.6847242124200268
-10.869346733668342           0.6847240756979713
-10.753768844221106           0.6847234909029956
-10.638190954773869           0.684724184069784
-10.522613065326633           0.684724005183022
-10.407035175879397           0.6847241893864419
-10.291457286432161           0.6847247325401218
-10.175879396984925           0.6847240539056829
-10.06030150753769            0.6847239247646879
-9.944723618090451            0.6847240376673072
-9.829145728643216            0.6847237988482054
-9.71356783919598             0.6847244256804179
-9.597989949748744            0.6847240118261824
-9.482412060301508            0.6847239899688666
-9.366834170854272            0.6847240669701987
-9.251256281407034            0.6847239923913904
-9.135678391959798            0.6847239483708718
-9.020100502512562            0.6847241194664404
-8.904522613065327            0.6847236346351304
-8.78894472361809             0.6847235396926752
-8.673366834170855            0.6847248968596561
-8.557788944723619            0.6847239436115969
-8.442211055276381            0.6847248386362192
-8.326633165829145            0.6847235633758517
-8.21105527638191             0.6847237583145404
-8.095477386934673            0.6847239485487381
-7.9798994974874375           0.6847238907725445
-7.864321608040202            0.684723848720963
-7.748743718592964            0.6847237914912213
-7.633165829145728            0.684723885634681
-7.517587939698492            0.6847236542703156
-7.402010050251256            0.6847240914567294
-7.28643216080402             0.6847238597284588
-7.170854271356784            0.684723796247624
-7.055276381909547            0.6847235385986767
-6.939698492462311            0.6847237768208183
-6.824120603015075            0.6847238009857014
-6.708542713567839            0.6847236827004449
-6.592964824120603            0.6847237604544071
-6.477386934673367            0.6847237102413051
-6.361809045226131            0.6847237475378583
-6.246231155778894            0.6847236528208847
-6.130653266331658            0.6847237435687608
-6.015075376884422            0.6847237502538831
-5.899497487437186            0.6847238085970471
-5.78391959798995             0.6847236972014805
-5.668341708542714            0.684723710434004
-5.5527638190954764           0.6847235706743248
-5.4371859296482405           0.6847234546639142
-5.321608040201005            0.6847235757506339
-5.206030150753769            0.6847236250591684
-5.090452261306533            0.6847236969220308
-4.974874371859297            0.6847236814166631
-4.859296482412061            0.6847238514876225
-4.743718592964823            0.6847236554759825
-4.628140703517587            0.6847237380320341
-4.5125628140703515           0.6847235896433791
-4.396984924623116            0.6847236110693561
-4.28140703517588             0.6847236312360714
-4.165829145728644            0.6847236073027039
-4.050251256281406            0.6847235412257896
-3.934673366834172            0.6847236244506665
-3.8190954773869343           0.6847236362915511
-3.7035175879396967           0.6847235827937683
-3.5879396984924625           0.6847235908330771
-3.472361809045225            0.6847235782042448
-3.3567839195979907           0.6847235982782308
-3.241206030150753            0.6847235462769281
-3.125628140703519            0.6847235432202271
-3.0100502512562812           0.6847235479861328
-2.8944723618090435           0.684723560125836
-2.7788944723618094           0.6847234351025864
-2.6633165829145717           0.6847235151678254
-2.5477386934673376           0.6847235273387371
-2.4321608040201              0.6847235223008166
-2.316582914572866            0.6847235235273041
-2.201005025125628            0.6847235360680219
-2.0854271356783904           0.6847235253798329
-1.9698492462311563           0.6847234860241663
-1.8542713567839186           0.6847234265046465
-1.7386934673366845           0.6847234338688672
-1.6231155778894468           0.6847233532233437
-1.5075376884422127           0.6847233191388561
-1.391959798994975            0.6847230498775763
-1.2763819095477373           0.6847224216451645
-1.1608040201005032           0.6847208503399077
-1.0452261306532655           0.6847169132143254
-0.9296482412060314           0.6847072094451525
-0.8140703517587937           0.6846834229645017
-0.698492462311556            0.684625060311416
-0.5829145728643219           0.6844844211300422
-0.46733668341708423          0.6841495921815074
-0.3517587939698501           0.6833672429414503
-0.23618090452261245          0.6815831486236371
-0.12060301507537828          0.6776386496955781
-0.005025125628140596         0.6692452382973331
0.11055276381909708           0.652179609441038
0.22613065326633117           0.61922301372632
0.34170854271356893           0.5589860676358094
0.457286432160803             0.4548061993410624
0.5728643216080407            0.28378395755659547
0.6884422110552748            0.015792097991376354
0.8040201005025125            -0.38786824009126636
0.9195979899497502            -0.9764807948243934
1.0351758793969843            -1.8128293977447743
1.150753768844222             -2.9772406819843567
1.266331658291456             -4.573158187701864
1.3819095477386938            -6.73479619461672
1.4974874371859315            -9.63714168612061
1.6130653266331656            -13.50847297847157
1.7286432160804033            -18.646328572626306
1.8442211055276374            -25.438481633460828
1.959798994974875             -34.39051730601731
2.075376884422109             -46.16186490623282
2.190954773869347             -61.612791741712066
2.3065326633165846            -81.8656995952284
2.4221105527638187            -108.38509295490675
2.5376884422110564            -143.08191764359353
2.6532663316582905            -188.44970376094577
2.768844221105528             -249.4915444363616
