-20.0                         0.10236353174029406
-19.884422110552762           0.10236382709815589
-19.768844221105528           0.10236349061467322
-19.65326633165829            0.10236306934472293
-19.537688442211056           0.10236346580810629
-19.42211055276382            0.10236352197182809
-19.306532663316585           0.10236345948883115
-19.190954773869347           0.10236353375610992
-19.07537688442211            0.10236340012016658
-18.959798994974875           0.10236338119301695
-18.844221105527637           0.10236342509121736
-18.728643216080403           0.1023633454812972
-18.613065326633166           0.1023632497054559
-18.49748743718593            0.1023633022532406
-18.381909547738694           0.10236353132371963
-18.266331658291456           0.10236322863488397
-18.150753768844222           0.10236326755484632
-18.035175879396984           0.10236292475486579
-17.91959798994975            0.10236319058913043
-17.804020100502512           0.10236318012611435
-17.688442211055275           0.10236319346075447
-17.57286432160804            0.10236318918005298
-17.457286432160803           0.10236303648774897
-17.34170854271357            0.10236311564690656
-17.22613065326633            0.10236315415443278
-17.110552763819094           0.10236303240958339
-16.99497487437186            0.10236304823428076
-16.87939698492462            0.1023631013033219
-16.763819095477388           0.10236302540612648
-16.64824120603015            0.1023630384928411
-16.532663316582916           0.1023629921836424
-16.417085427135678           0.10236302595507825
-16.301507537688444           0.10236301209341227
-16.185929648241206           0.10236292962526547
-16.07035175879397            0.10236295386306495
-15.954773869346734           0.10236279134919911
-15.839195979899497           0.10236287995819172
-15.72361809045226            0.10236286690797182
-15.608040201005025           0.10236275548511423
-15.492462311557789           0.10236279525228788
-15.376884422110553           0.10236274958206636
-15.261306532663315           0.10236281426728526
-15.145728643216081           0.10236276692534804
-15.030150753768844           0.10236279729991796
-14.914572864321608           0.10236267764399333
-14.798994974874372           0.10236265288059203
-14.683417085427136           0.10236270802162932
-14.5678391959799             0.10236272810765479
-14.452261306532662           0.1023627034149647
-14.336683417085428           0.1023626479843329
-14.22110552763819            0.10236257832750108
-14.105527638190955           0.10236265613765047
-13.989949748743719           0.10236233317413626
-13.874371859296481           0.1023625718724834
-13.758793969849247           0.10236293117983224
-13.64321608040201            0.1023625956154465
-13.527638190954773           0.10236262291090699
-13.412060301507537           0.10236256543400207
-13.296482412060302           0.10236267754452778
-13.180904522613066           0.10236252665853443
-13.065326633165828           0.10236234365448214
-12.949748743718594           0.10236253270473464
-12.834170854271356           0.10236229798662266
-12.71859296482412            0.10236254580669026
-12.603015075376884           0.10236231498515666
-12.487437185929648           0.10236245538238507
-12.371859296482413           0.10236244790181177
-12.256281407035175           0.10236245347498533
-12.14070351758794            0.10236238808315276
-12.025125628140703           0.10236250557419248
-11.909547738693467           0.10236232687733453
-11.793969849246231           0.10236234582596866
-11.678391959798995           0.10236235078281988
-11.56281407035176            0.10236233758747611
-11.447236180904522           0.10236236554695274
-11.331658291457286           0.10236232844234215
-11.21608040201005            0.10236230746653943
-11.100502512562814           0.10236251760518592
-10.984924623115578           0.10236229381029602
-10.869346733668342           0.10236224821617038
-10.753768844221106           0.10236208609060506
-10.638190954773869           0.10236224406527179
-10.522613065326633           0.10236224076140663
-10.407035175879397           0.10236221623858582
-10.291457286432161           0.10236221097412906
-10.175879396984925           0.10236219509411654
-10.06030150753769            0.1023621503626083
-9.944723618090451            0.1023621682039646
-9.829145728643216            0.10236222690154832
-9.71356783919598             0.10236212967408329
-9.597989949748744            0.10236213110317019
-9.482412060301508            0.10236213465753875
-9.366834170854272            0.1023621077198694
-9.251256281407034            0.10236210384594575
-9.135678391959798            0.102362099287757
-9.020100502512562            0.10236208291135081
-8.904522613065327            0.10236210209017614
-8.78894472361809             0.1023619970117786
-8.673366834170855            0.10236235149576621
-8.557788944723619            0.10236201671150207
-8.442211055276381            0.1023623190720655
-8.326633165829145            0.1023619819766449
-8.21105527638191             0.10236206853154618
-8.095477386934673            0.1023619877926086
-7.9798994974874375           0.102361988179424
-7.864321608040202            0.10236197774931138
-7.748743718592964            0.10236196915456794
-7.633165829145728            0.10236195710941738
-7.517587939698492            0.10236195246629108
-7.402010050251256            0.10236192597765098
-7.28643216080402             0.10236194059845106
-7.170854271356784            0.102361923053409
-7.055276381909547            0.102361857345832
-6.939698492462311            0.10236188972304555
-6.824120603015075            0.10236188097914123
-6.708542713567839            0.10236191375543185
-6.592964824120603            0.10236183015176696
-6.477386934673367            0.10236176264597047
-6.361809045226131            0.10236179681811079
-6.246231155778894            0.10236172537196175
-6.130653266331658            0.10236173660850303
-6.015075376884422            0.1023616948153191
-5.899497487437186            0.10236163946628431
-5.78391959798995             0.10236156696463901
-5.668341708542714            0.10236147825764755
-5.5527638190954764           0.10236134933410507
-5.4371859296482405           0.10236113872982154
-5.321608040201005            0.10236099319320423
-5.206030150753769            0.10236070935519935
-5.090452261306533            0.10236034597800397
-4.974874371859297            0.10235991363180436
-4.859296482412061            0.10235932533024768
-4.743718592964823            0.1023584390516911
-4.628140703517587            0.10235737905548102
-4.5125628140703515           0.10235590628037422
-4.396984924623116            0.1023539990966317
-4.28140703517588             0.1023514798418648
-4.165829145728644            0.10234813469396038
-4.050251256281406            0.10234372773458719
-3.934673366834172            0.10233784181296034
-3.8190954773869343           0.10233006901667732
-3.7035175879396967           0.10231976499816263
-3.5879396984924625           0.10230611681713932
-3.472361809045225            0.10228802714651652
-3.3567839195979907           0.1022640626204942
-3.241206030150753            0.10223229366018849
-3.125628140703519            0.10219018364778565
-3.0100502512562812           0.10213438382668585
-2.8944723618090435           0.10206039867291318
-2.7788944723618094           0.10196234791890116
-2.6633165829145717           0.10183240827597503
-2.5477386934673376           0.10166016302109061
-2.4321608040201              0.10143179202492222
-2.316582914572866            0.10112901796781829
-2.201005025125628            0.10072756035776856
-2.0854271356783904           0.10019518686395086
-1.9698492462311563           0.09948909394891498
-1.8542713567839186           0.09855244047030036
-1.7386934673366845           0.09730968075763603
-1.6231155778894468           0.09566030659646672
-1.5075376884422127           0.09347071641388285
-1.391959798994975            0.09056290219465708
-1.2763819095477373           0.08669983649380203
-1.1608040201005032           0.08156562476281064
-1.0452261306532655           0.07473905186294548
-0.9296482412060314           0.0656584208223007
-0.8140703517587937           0.05357465545357134
-0.698492462311556            0.03748908865552783
-0.5829145728643219           0.016071687101021487
-0.46733668341708423          -0.012447202773019455
-0.3517587939698501           -0.05041787934109281
-0.23618090452261245          -0.10095532687710711
-0.12060301507537828          -0.1681779647771133
-0.005025125628140596         -0.2575167939984526
0.11055276381909708           -0.3761148501546702
0.22613065326633117           -0.5333440302569411
0.34170854271356893           -0.741473796991104
0.457286432160803             -1.0165387813623972
0.5728643216080407            -1.3794649004107855
0.6884422110552748            -1.8575315518060378
0.8040201005025125            -2.486267947048645
0.9195979899497502            -3.3119082109664366
1.0351758793969843            -4.39457770394195
1.150753768844222             -5.812478297537464
1.266331658291456             -7.667494118812872
1.3819095477386938            -10.092702291423347
1.4974874371859315            -13.262136289612931
1.6130653266331656            -17.40321410992687
1.7286432160804033            -22.81276636604603
1.8442211055276374            -29.87804188284485
1.959798994974875             -39.10425138537358
2.075376884422109             -51.15055509907039
2.190954773869347             -66.87702422196647
2.3065326633165846            -87.405915945162
2.4221105527638187            -114.20162718889209
2.5376884422110564            -149.17502319570715
2.6532663316582905            -194.81957337503573
2.768844221105528             -256.1367705670149
