-20.0                         0.10318202661677817
-19.884422110552762           0.10318232054260251
-19.768844221105528           0.10318198553313876
-19.65326633165829            0.10318156585434496
-19.537688442211056           0.10318196067858865
-19.42211055276382            0.10318201648490441
-19.306532663316585           0.10318195405968658
-19.190954773869347           0.1031820288345278
-19.07537688442211            0.10318189474151085
-18.959798994974875           0.10318187600892126
-18.844221105527637           0.1031819185253726
-18.728643216080403           0.10318184014812204
-18.613065326633166           0.10318174473574757
-18.49748743718593            0.10318179707812637
-18.381909547738694           0.103182023504683
-18.266331658291456           0.10318172364732789
-18.150753768844222           0.10318176226433129
-18.035175879396984           0.10318142086625594
-17.91959798994975            0.10318168547109596
-17.804020100502512           0.10318167478209109
-17.688442211055275           0.10318168776229442
-17.57286432160804            0.10318168377986416
-17.457286432160803           0.10318153168624261
-17.34170854271357            0.10318161032939896
-17.22613065326633            0.10318164828461247
-17.110552763819094           0.10318152763878335
-16.99497487437186            0.10318154309601571
-16.87939698492462            0.10318159554266605
-16.763819095477388           0.1031815199304281
-16.64824120603015            0.10318153298925337
-16.532663316582916           0.10318148715018913
-16.417085427135678           0.10318152072293202
-16.301507537688444           0.1031815067455505
-16.185929648241206           0.10318142442817564
-16.07035175879397            0.103181448509718
-15.954773869346734           0.10318128740752683
-15.839195979899497           0.10318137487196938
-15.72361809045226            0.10318136174584973
-15.608040201005025           0.10318125079995474
-15.492462311557789           0.10318129018989186
-15.376884422110553           0.1031812451800867
-15.261306532663315           0.10318130897303278
-15.145728643216081           0.10318126186016897
-15.030150753768844           0.10318129133231488
-14.914572864321608           0.10318117280067268
-14.798994974874372           0.10318114889593
-14.683417085427136           0.10318120287319885
-14.5678391959799             0.10318122282253925
-14.452261306532662           0.10318119818505703
-14.336683417085428           0.10318114292291668
-14.22110552763819            0.10318107371803838
-14.105527638190955           0.10318115097354076
-13.989949748743719           0.10318082937445228
-13.874371859296481           0.10318106698069598
-13.758793969849247           0.10318142438756821
-13.64321608040201            0.10318109041127788
-13.527638190954773           0.1031811180387335
-13.412060301507537           0.10318106022981414
-13.296482412060302           0.10318117153968918
-13.180904522613066           0.10318102148948388
-13.065326633165828           0.10318083957606639
-12.949748743718594           0.1031810272794167
-12.834170854271356           0.10318079352243353
-12.71859296482412            0.10318104015078648
-12.603015075376884           0.10318081089440659
-12.487437185929648           0.10318095007825563
-12.371859296482413           0.10318094255670705
-12.256281407035175           0.10318094810923585
-12.14070351758794            0.10318088294570998
-12.025125628140703           0.10318099972399308
-11.909547738693467           0.10318082194112445
-11.793969849246231           0.10318084101854338
-11.678391959798995           0.10318084561989715
-11.56281407035176            0.10318083245805801
-11.447236180904522           0.10318086002218174
-11.331658291457286           0.10318082312344878
-11.21608040201005            0.10318080224612472
-11.100502512562814           0.10318101134035991
-10.984924623115578           0.10318078846340262
-10.869346733668342           0.1031807431021117
-10.753768844221106           0.10318058182121716
-10.638190954773869           0.1031807388162834
-10.522613065326633           0.10318073559393828
-10.407035175879397           0.10318071101867768
-10.291457286432161           0.1031807052422844
-10.175879396984925           0.10318068986909923
-10.06030150753769            0.10318064534516214
-9.944723618090451            0.10318066301047611
-9.829145728643216            0.1031807214940007
-9.71356783919598             0.10318062433696559
-9.597989949748744            0.10318062592781288
-9.482412060301508            0.10318062941375748
-9.366834170854272            0.10318060251526809
-9.251256281407034            0.10318059861222134
-9.135678391959798            0.10318059401523363
-9.020100502512562            0.10318057758256016
-8.904522613065327            0.10318059697706893
-8.78894472361809             0.10318049232834857
-8.673366834170855            0.10318084486086607
-8.557788944723619            0.10318051147909019
-8.442211055276381            0.10318081247389574
-8.326633165829145            0.1031804771474945
-8.21105527638191             0.10318056299851895
-8.095477386934673            0.10318048258589879
-7.9798994974874375           0.10318048284065758
-7.864321608040202            0.10318047239280885
-7.748743718592964            0.10318046379601835
-7.633165829145728            0.10318045159833579
-7.517587939698492            0.1031804469912864
-7.402010050251256            0.10318042020990427
-7.28643216080402             0.10318043468145101
-7.170854271356784            0.10318041701272296
-7.055276381909547            0.10318035153468486
-6.939698492462311            0.10318038317033708
-6.824120603015075            0.10318037395244288
-6.708542713567839            0.10318040621590195
-6.592964824120603            0.10318032198998689
-6.477386934673367            0.1031802538023993
-6.361809045226131            0.10318028655308831
-6.246231155778894            0.10318021367910889
-6.130653266331658            0.10318022273865345
-6.015075376884422            0.10318017835051994
-5.899497487437186            0.1031801195745474
-5.78391959798995             0.10318004275883048
-5.668341708542714            0.10317994838157331
-5.5527638190954764           0.10317981220790301
-5.4371859296482405           0.10317959234737384
-5.321608040201005            0.10317943411693063
-5.206030150753769            0.103179134338324
-5.090452261306533            0.10317875030031137
-4.974874371859297            0.10317829089261779
-4.859296482412061            0.1031776677867554
-4.743718592964823            0.10317673718101536
-4.628140703517587            0.10317561930805123
-4.5125628140703515           0.10317407216023612
-4.396984924623116            0.10317206882733965
-4.28140703517588             0.10316942564973036
-4.165829145728644            0.10316592097101805
-4.050251256281406            0.10316130864803334
-3.934673366834172            0.1031551588488415
-3.8190954773869343           0.10314704703035377
-3.7035175879396967           0.10313630804428559
-3.5879396984924625           0.10312210220059333
-3.472361809045225            0.10310329844160894
-3.3567839195979907           0.10307842051383262
-3.241206030150753            0.10304548477839308
-3.125628140703519            0.10300188620288343
-3.0100502512562812           0.10294418996228387
-2.8944723618090435           0.10286779259258774
-2.7788944723618094           0.1027666783995072
-2.6633165829145717           0.10263285496045192
-2.5477386934673376           0.10245569535536449
-2.4321608040201              0.1022211188339453
-2.316582914572866            0.10191052596641192
-2.201005025125628            0.10149924033582804
-2.0854271356783904           0.10095454525714836
-1.9698492462311563           0.10023304789564784
-1.8542713567839186           0.09927719441679844
-1.7386934673366845           0.09801058312536874
-1.6231155778894468           0.09633168626547207
-1.5075376884422127           0.09410569741503329
-1.391959798994975            0.09115320060704983
-1.2763819095477373           0.08723554120392214
-1.1608040201005032           0.08203496991051194
-1.0452261306532655           0.07512819148603236
-0.9296482412060314           0.0659512200512926
-0.8140703517587937           0.053752518658431614
-0.698492462311556            0.03753084863185932
-0.5829145728643219           0.015953582342954693
-0.46733668341708423          -0.012751432843843166
-0.3517587939698501           -0.050936758715430734
-0.23618090452261245          -0.10171925178929385
-0.12060301507537828          -0.1692186593120067
-0.005025125628140596         -0.2588666354127375
0.11055276381909708           -0.37780610943756615
0.22613065326633117           -0.535408090704866
0.34170854271356893           -0.7439404218631323
0.457286432160803             -1.0194354962850527
0.5728643216080407            -1.3828165379109416
0.6884422110552748            -1.8613599801265563
0.8040201005025125            -2.4905919805112484
0.9195979899497502            -3.3167436895490985
1.0351758793969843            -4.399937740382706
1.150753768844222             -5.81837369856431
1.266331658291456             -7.673933893244153
1.3819095477386938            -10.099693997879985
1.4974874371859315            -13.269686107342956
1.6130653266331656            -17.411326863142357
1.7286432160804033            -22.821445702337822
1.8442211055276374            -29.887290537571996
1.959798994974875             -39.114071415722464
2.075376884422109             -51.160948058756304
2.190954773869347             -66.8879912884746
2.3065326633165846            -87.41745801320113
2.4221105527638187            -114.21374493967791
2.5376884422110564            -149.18771714870647
2.6532663316582905            -194.83284392683015
2.768844221105528             -256.1506147881204
