-20.0                         0.6104871938265608
-19.884422110552762           0.6104880612797775
-19.768844221105528           0.6104870931296317
-19.65326633165829            0.6104861091113972
-19.537688442211056           0.6104870630228393
-19.42211055276382            0.610486994967083
-19.306532663316585           0.6104872687315457
-19.190954773869347           0.6104860898432893
-19.07537688442211            0.6104872217766517
-18.959798994974875           0.6104869456563092
-18.844221105527637           0.6104881235286533
-18.728643216080403           0.610486942210029
-18.613065326633166           0.6104869903338618
-18.49748743718593            0.6104869093787484
-18.381909547738694           0.610488813709158
-18.266331658291456           0.610486746445179
-18.150753768844222           0.6104868307977236
-18.035175879396984           0.6104866743046065
-17.91959798994975            0.6104867968007058
-17.804020100502512           0.6104871215727984
-17.688442211055275           0.6104870662009104
-17.57286432160804            0.610486554284593
-17.457286432160803           0.6104865191297688
-17.34170854271357            0.6104867718040705
-17.22613065326633            0.6104869102885684
-17.110552763819094           0.6104864675130246
-16.99497487437186            0.6104868274578465
-16.87939698492462            0.6104866112744233
-16.763819095477388           0.6104869969977926
-16.64824120603015            0.6104866106634943
-16.532663316582916           0.610486459963917
-16.417085427135678           0.6104865384455241
-16.301507537688444           0.6104861253712572
-16.185929648241206           0.6104865406472443
-16.07035175879397            0.6104867220151524
-15.954773869346734           0.6104856426611773
-15.839195979899497           0.6104864322807607
-15.72361809045226            0.6104864862249074
-15.608040201005025           0.6104868524278609
-15.492462311557789           0.6104863946007966
-15.376884422110553           0.6104861784607838
-15.261306532663315           0.610486500197503
-15.145728643216081           0.6104863842702254
-15.030150753768844           0.6104871575980102
-14.914572864321608           0.6104861649460825
-14.798994974874372           0.6104855520952078
-14.683417085427136           0.6104863771348853
-14.5678391959799             0.6104863119866261
-14.452261306532662           0.6104862725927434
-14.336683417085428           0.6104862181148585
-14.22110552763819            0.6104864427369668
-14.105527638190955           0.6104861766798054
-13.989949748743719           0.6104853866713509
-13.874371859296481           0.610486042872291
-13.758793969849247           0.6104867902340905
-13.64321608040201            0.6104861338179538
-13.527638190954773           0.610485622419677
-13.412060301507537           0.6104861477825293
-13.296482412060302           0.6104861653213564
-13.180904522613066           0.6104862240107659
-13.065326633165828           0.610485695669959
-12.949748743718594           0.6104861708742648
-12.834170854271356           0.6104856867205593
-12.71859296482412            0.6104863175723158
-12.603015075376884           0.6104855656757794
-12.487437185929648           0.6104861526666283
-12.371859296482413           0.6104860060225604
-12.256281407035175           0.6104861957605877
-12.14070351758794            0.6104859943808604
-12.025125628140703           0.6104859820417152
-11.909547738693467           0.6104858391568482
-11.793969849246231           0.6104857027072165
-11.678391959798995           0.6104859611303406
-11.56281407035176            0.6104859201068451
-11.447236180904522           0.6104862093933884
-11.331658291457286           0.6104859852040475
-11.21608040201005            0.6104859099507669
-11.100502512562814           0.6104862744055528
-10.984924623115578           0.6104859703176204
-10.869346733668342           0.610485835248674
-10.753768844221106           0.6104852780331115
-10.638190954773869           0.6104859315935961
-10.522613065326633           0.6104857711735433
-10.407035175879397           0.6104859376350447
-10.291457286432161           0.6104864335133158
-10.175879396984925           0.6104858145622616
-10.06030150753769            0.6104856882739198
-9.944723618090451            0.6104857930885806
-9.829145728643216            0.6104855920858475
-9.71356783919598             0.610486146309639
-9.597989949748744            0.6104857649733495
-9.482412060301508            0.6104857476195434
-9.366834170854272            0.6104858147570763
-9.251256281407034            0.6104857481236919
-9.135678391959798            0.6104857114001426
-9.020100502512562            0.610485870661373
-8.904522613065327            0.6104854213342422
-8.78894472361809             0.6104853200064797
-8.673366834170855            0.6104866102984138
-8.557788944723619            0.6104856946538663
-8.442211055276381            0.6104865537581483
-8.326633165829145            0.6104853417327073
-8.21105527638191             0.6104855422450806
-8.095477386934673            0.6104856877613234
-7.9798994974874375           0.6104856449364084
-7.864321608040202            0.6104856048917601
-7.748743718592964            0.6104855526903876
-7.633165829145728            0.6104856369443346
-7.517587939698492            0.6104854215534276
-7.402010050251256            0.6104858237825053
-7.28643216080402             0.6104856154495437
-7.170854271356784            0.6104855546349632
-7.055276381909547            0.6104853033026092
-6.939698492462311            0.6104855324740727
-6.824120603015075            0.6104855570750933
-6.708542713567839            0.6104854530799798
-6.592964824120603            0.6104855134264521
-6.477386934673367            0.6104854554595311
-6.361809045226131            0.6104855000055982
-6.246231155778894            0.6104854101562212
-6.130653266331658            0.6104855009864721
-6.015075376884422            0.6104855078525089
-5.899497487437186            0.6104855636404857
-5.78391959798995             0.6104854570617069
-5.668341708542714            0.6104854673125206
-5.5527638190954764           0.6104853352627314
-5.4371859296482405           0.610485223128254
-5.321608040201005            0.6104853434200345
-5.206030150753769            0.6104853825858255
-5.090452261306533            0.610485443880277
-4.974874371859297            0.6104854480380977
-4.859296482412061            0.6104856058974643
-4.743718592964823            0.6104854131076036
-4.628140703517587            0.6104854898114401
-4.5125628140703515           0.6104853471788891
-4.396984924623116            0.6104853692097805
-4.28140703517588             0.6104853878229269
-4.165829145728644            0.6104853641003051
-4.050251256281406            0.6104853085648639
-3.934673366834172            0.6104853790535014
-3.8190954773869343           0.6104853892812433
-3.7035175879396967           0.6104853388777177
-3.5879396984924625           0.6104853447207264
-3.472361809045225            0.6104853325735616
-3.3567839195979907           0.6104853518279325
-3.241206030150753            0.6104853017152553
-3.125628140703519            0.6104853001312932
-3.0100502512562812           0.6104853051003242
-2.8944723618090435           0.6104853098533982
-2.7788944723618094           0.6104851955443684
-2.6633165829145717           0.6104852677522415
-2.5477386934673376           0.610485283136169
-2.4321608040201              0.6104852781737201
-2.316582914572866            0.6104852784470137
-2.201005025125628            0.6104852893667799
-2.0854271356783904           0.6104852780911502
-1.9698492462311563           0.610485236534846
-1.8542713567839186           0.6104851708349176
-1.7386934673366845           0.61048515753933
-1.6231155778894468           0.6104850307975785
-1.5075376884422127           0.6104848848118143
-1.391959798994975            0.6104843685397057
-1.2763819095477373           0.6104831635573821
-1.1608040201005032           0.6104802835689729
-1.0452261306532655           0.6104733885557482
-0.9296482412060314           0.6104570594428695
-0.8140703517587937           0.610418589740762
-0.698492462311556            0.6103282144029817
-0.5829145728643219           0.6101190475906939
-0.46733668341708423          0.6096410626181973
-0.3517587939698501           0.6085687383194265
-0.23618090452261245          0.6062196477248095
-0.12060301507537828          0.6012259609623491
-0.005025125628140596         0.5909937326874297
0.11055276381909708           0.5709139919480839
0.22613065326633117           0.5333668008774451
0.34170854271356893           0.4666483615212056
0.457286432160803             0.35396002205920696
0.5728643216080407            0.17247280412604732
0.6884422110552748            -0.10770887097163158
0.8040201005025125            -0.5249731975905052
0.9195979899497502            -1.1282883585555665
1.0351758793969843            -1.9801627286580474
1.150753768844222             -3.1607069262532494
1.266331658291456             -4.773210472410268
1.3819095477386938            -6.951781338101353
1.4974874371859315            -9.87132409398058
1.6130653266331656            -13.760046970737301
1.7286432160804033            -18.91543305146191
1.8442211055276374            -25.725215892902597
1.959798994974875             -34.694953276935166
2.075376884422109             -46.48405538762546
2.190954773869347             -61.952775888724425
2.3065326633165846            -82.22350667211195
2.4221105527638187            -108.76074496374544
2.5376884422110564            -143.47543120144468
2.6532663316582905            -188.86109146088944
2.768844221105528             -249.92071529063296
