-20.0                         0.10036892453824832
-19.884422110552762           0.10036939771654543
-19.768844221105528           0.10036887614872567
-19.65326633165829            0.10036826310722252
-19.537688442211056           0.10036885133213973
-19.42211055276382            0.1003689335559999
-19.306532663316585           0.10036890281160009
-19.190954773869347           0.10036879186863834
-19.07537688442211            0.10036883206917936
-18.959798994974875           0.10036876846846875
-18.844221105527637           0.10036908305073149
-18.728643216080403           0.10036876826353225
-18.613065326633166           0.10036863349896996
-18.49748743718593            0.10036869700312553
-18.381909547738694           0.10036934192539733
-18.266331658291456           0.1003685959328014
-18.150753768844222           0.10036866675789378
-18.035175879396984           0.10036820386799626
-17.91959798994975            0.10036857968308795
-17.804020100502512           0.10036861975638851
-17.688442211055275           0.10036868648721531
-17.57286432160804            0.10036859003937308
-17.457286432160803           0.10036838473345848
-17.34170854271357            0.10036853966989272
-17.22613065326633            0.1003686573720214
-17.110552763819094           0.10036836658865693
-16.99497487437186            0.10036844375235274
-16.87939698492462            0.1003685695453184
-16.763819095477388           0.10036847904420676
-16.64824120603015            0.10036847728366584
-16.532663316582916           0.10036834347347315
-16.417085427135678           0.10036841135023003
-16.301507537688444           0.10036838201008459
-16.185929648241206           0.10036833002538963
-16.07035175879397            0.10036837371787705
-15.954773869346734           0.10036799765979317
-15.839195979899497           0.10036825869967927
-15.72361809045226            0.10036825683127999
-15.608040201005025           0.10036812615618752
-15.492462311557789           0.1003681772741406
-15.376884422110553           0.10036802446981231
-15.261306532663315           0.10036822844537638
-15.145728643216081           0.10036814793167766
-15.030150753768844           0.10036835321252303
-14.914572864321608           0.10036802976409961
-14.798994974874372           0.10036785258448724
-14.683417085427136           0.10036810321091635
-14.5678391959799             0.10036812732624822
-14.452261306532662           0.10036809646163108
-14.336683417085428           0.10036802716004646
-14.22110552763819            0.10036791965766347
-14.105527638190955           0.10036803704716285
-13.989949748743719           0.10036755338246796
-13.874371859296481           0.1003679257981339
-13.758793969849247           0.1003684977052925
-13.64321608040201            0.10036798495298167
-13.527638190954773           0.10036792003294762
-13.412060301507537           0.10036795701983647
-13.296482412060302           0.10036815065257843
-13.180904522613066           0.1003679212725709
-13.065326633165828           0.1003676030271329
-12.949748743718594           0.10036795552962725
-12.834170854271356           0.10036760862774258
-12.71859296482412            0.1003680001268883
-12.603015075376884           0.100367564607926
-12.487437185929648           0.10036787057228236
-12.371859296482413           0.10036786217994388
-12.256281407035175           0.10036787332029556
-12.14070351758794            0.10036777719374194
-12.025125628140703           0.10036795964112681
-11.909547738693467           0.10036768916551064
-11.793969849246231           0.10036766599595803
-11.678391959798995           0.10036774039097225
-11.56281407035176            0.10036772186344319
-11.447236180904522           0.10036781102568476
-11.331658291457286           0.10036774084179573
-11.21608040201005            0.10036770347388585
-11.100502512562814           0.10036802428896979
-10.984924623115578           0.10036771109934992
-10.869346733668342           0.10036763305958375
-10.753768844221106           0.10036735899048557
-10.638190954773869           0.10036764814886691
-10.522613065326633           0.10036762295796221
-10.407035175879397           0.10036762065587304
-10.291457286432161           0.1003677132670949
-10.175879396984925           0.10036759432399628
-10.06030150753769            0.10036752186750247
-9.944723618090451            0.10036756309926748
-9.829145728643216            0.10036761889397167
-9.71356783919598             0.1003675761047719
-9.597989949748744            0.10036752394408952
-9.482412060301508            0.1003675322700255
-9.366834170854272            0.10036751042126087
-9.251256281407034            0.10036750439636843
-9.135678391959798            0.10036750324816904
-9.020100502512562            0.10036750941599167
-8.904522613065327            0.10036745607797772
-8.78894472361809             0.10036731581689845
-8.673366834170855            0.10036792934005022
-8.557788944723619            0.10036741849985327
-8.442211055276381            0.10036789010231302
-8.326633165829145            0.10036731375868045
-8.21105527638191             0.10036747832334539
-8.095477386934673            0.10036737573900822
-7.9798994974874375           0.1003673887600719
-7.864321608040202            0.10036737407621404
-7.748743718592964            0.10036735794298965
-7.633165829145728            0.10036736357251469
-7.517587939698492            0.10036732589984905
-7.402010050251256            0.10036736199080408
-7.28643216080402             0.10036735741901297
-7.170854271356784            0.10036733152333019
-7.055276381909547            0.10036720292634131
-6.939698492462311            0.10036730025243909
-6.824120603015075            0.1003673066351887
-6.708542713567839            0.10036732655671926
-6.592964824120603            0.10036726033949554
-6.477386934673367            0.10036718242456122
-6.361809045226131            0.10036725339061439
-6.246231155778894            0.1003671928041072
-6.130653266331658            0.10036725371108603
-6.015075376884422            0.10036724984653629
-5.899497487437186            0.1003672573314817
-5.78391959798995             0.10036723330145535
-5.668341708542714            0.10036723015646574
-5.5527638190954764           0.10036719334862251
-5.4371859296482405           0.10036710595745461
-5.321608040201005            0.10036719861228555
-5.206030150753769            0.1003671785576711
-5.090452261306533            0.10036716625558541
-4.974874371859297            0.10036723199257976
-4.859296482412061            0.10036728632081725
-4.743718592964823            0.10036716552617889
-4.628140703517587            0.10036720017090843
-4.5125628140703515           0.10036713385526852
-4.396984924623116            0.10036712919538789
-4.28140703517588             0.10036712773839701
-4.165829145728644            0.10036710955726504
-4.050251256281406            0.1003671149809546
-3.934673366834172            0.10036707716115668
-3.8190954773869343           0.10036704966959735
-3.7035175879396967           0.10036699141880522
-3.5879396984924625           0.10036692510524615
-3.472361809045225            0.10036681920068671
-3.3567839195979907           0.1003666722996805
-3.241206030150753            0.10036642063356414
-3.125628140703519            0.10036603466383713
-3.0100502512562812           0.10036544445779258
-2.8944723618090435           0.10036448214765814
-2.7788944723618094           0.10036298365099401
-2.6633165829145717           0.10036069670011788
-2.5477386934673376           0.10035709631626
-2.4321608040201              0.10035138933913572
-2.316582914572866            0.10034241508281598
-2.201005025125628            0.10032830355777264
-2.0854271356783904           0.10030610613677104
-1.9698492462311563           0.10027118697684072
-1.8542713567839186           0.10021629639380879
-1.7386934673366845           0.10013007449324468
-1.6231155778894468           0.09999457964880824
-1.5075376884422127           0.09978195899955396
-1.391959798994975            0.099448434074429
-1.2763819095477373           0.09892593593642583
-1.1608040201005032           0.09810874786043258
-1.0452261306532655           0.09683334187811495
-0.9296482412060314           0.0948483655168133
-0.8140703517587937           0.09177012453223087
-0.698492462311556            0.08701810742136305
-0.5829145728643219           0.07972411706067313
-0.46733668341708423          0.06860567544673217
-0.3517587939698501           0.05179689585617017
-0.23618090452261245          0.026627299443706696
-0.12060301507537828          -0.010658966914192564
-0.005025125628140596         -0.0652523644679399
0.11055276381909708           -0.14420721223951932
0.22613065326633117           -0.2569708608428322
0.34170854271356893           -0.4160439780413078
0.457286432160803             -0.6378209899320478
0.5728643216080407            -0.9436769600775505
0.6884422110552748            -1.3613870155526064
0.8040201005025125            -1.926983854175238
0.9195979899497502            -2.6871812471817553
1.0351758793969843            -3.702534369669974
1.150753768844222             -5.05160166094062
1.266331658291456             -6.8365402416551255
1.3819095477386938            -9.190641052090607
1.4974874371859315            -12.288133870755514
1.6130653266331656            -16.356625107340985
1.7286432160804033            -21.69310660875914
1.8442211055276374            -28.6849506856712
1.959798994974875             -37.83745888865275
2.075376884422109             -49.80985829225377
2.190954773869347             -65.4622697161893
2.3065326633165846            -85.91698745604923
2.4221105527638187            -112.63843633494363
2.5376884422110564            -147.5375026713013
2.6532663316582905            -193.107671849123
2.768844221105528             -254.3508660444018
