-20.0                         1.0771764703288265
-19.884422110552762           1.0771776218510278
-19.768844221105528           1.0771763227442293
-19.65326633165829            1.077175268050067
-19.537688442211056           1.0771764449357863
-19.42211055276382            1.0771761491355996
-19.306532663316585           1.0771764483149653
-19.190954773869347           1.0771748164312391
-19.07537688442211            1.0771766186083536
-18.959798994974875           1.0771762486321776
-18.844221105527637           1.0771775527499456
-18.728643216080403           1.0771760090815976
-18.613065326633166           1.0771764669487496
-18.49748743718593            1.0771761309956946
-18.381909547738694           1.077178667323508
-18.266331658291456           1.0771760155603571
-18.150753768844222           1.0771760886184205
-18.035175879396984           1.0771764385168658
-17.91959798994975            1.0771760336157323
-17.804020100502512           1.0771765856448934
-17.688442211055275           1.0771761414695857
-17.57286432160804            1.0771757236211545
-17.457286432160803           1.077175795165348
-17.34170854271357            1.0771758981351915
-17.22613065326633            1.077175889622868
-17.110552763819094           1.0771757580609744
-16.99497487437186            1.077176261569113
-16.87939698492462            1.0771755269808307
-16.763819095477388           1.0771765178673653
-16.64824120603015            1.0771756895101512
-16.532663316582916           1.077175952864306
-16.417085427135678           1.077175778504577
-16.301507537688444           1.0771751245518968
-16.185929648241206           1.0771757927361842
-16.07035175879397            1.0771761012319845
-15.954773869346734           1.0771746103917217
-15.839195979899497           1.077175711862638
-15.72361809045226            1.0771758675225276
-15.608040201005025           1.0771767038940752
-15.492462311557789           1.0771757155307051
-15.376884422110553           1.0771757712903367
-15.261306532663315           1.0771757951659175
-15.145728643216081           1.0771757358240919
-15.030150753768844           1.0771766073315616
-14.914572864321608           1.0771754377683629
-14.798994974874372           1.077174677605757
-14.683417085427136           1.0771757355022193
-14.5678391959799             1.0771756678987796
-14.452261306532662           1.0771756270495165
-14.336683417085428           1.077175516151726
-14.22110552763819            1.0771761764051169
-14.105527638190955           1.0771754671154663
-13.989949748743719           1.0771745067718719
-13.874371859296481           1.0771752978391425
-13.758793969849247           1.0771759783071828
-13.64321608040201            1.0771754050796907
-13.527638190954773           1.0771746360336567
-13.412060301507537           1.0771754628868964
-13.296482412060302           1.0771751611236031
-13.180904522613066           1.077175636802049
-13.065326633165828           1.0771750917388174
-12.949748743718594           1.0771754266258553
-12.834170854271356           1.0771749475638857
-12.71859296482412            1.0771756402998067
-12.603015075376884           1.0771748864815944
-12.487437185929648           1.077175463249843
-12.371859296482413           1.0771751868844064
-12.256281407035175           1.0771755480908207
-12.14070351758794            1.077175313113636
-12.025125628140703           1.0771750211734534
-11.909547738693467           1.0771751159524363
-11.793969849246231           1.0771750738636492
-11.678391959798995           1.0771753013177654
-11.56281407035176            1.0771752251942617
-11.447236180904522           1.0771756406692632
-11.331658291457286           1.0771752883246708
-11.21608040201005            1.077175209124365
-11.100502512562814           1.0771754932805002
-10.984924623115578           1.0771752787143682
-10.869346733668342           1.0771751441057293
-10.753768844221106           1.0771744277614015
-10.638190954773869           1.077175315650879
-10.522613065326633           1.0771750426088593
-10.407035175879397           1.0771752863057888
-10.291457286432161           1.0771760746783192
-10.175879396984925           1.0771751096344515
-10.06030150753769            1.0771749716019103
-9.944723618090451            1.0771751349373175
-9.829145728643216            1.0771746992925841
-9.71356783919598             1.0771756494982283
-9.597989949748744            1.077175115614826
-9.482412060301508            1.0771750713944084
-9.366834170854272            1.077175186007904
-9.251256281407034            1.0771750783602332
-9.135678391959798            1.0771749989993302
-9.020100502512562            1.0771751860737795
-8.904522613065327            1.077174577243684
-8.78894472361809             1.077174506110988
-8.673366834170855            1.0771761800652724
-8.557788944723619            1.077175052458947
-8.442211055276381            1.0771761138872573
-8.326633165829145            1.07717453841661
-8.21105527638191             1.077174699497757
-8.095477386934673            1.077175121426098
-7.9798994974874375           1.0771749759290294
-7.864321608040202            1.0771749323466002
-7.748743718592964            1.0771748484423196
-7.633165829145728            1.0771749921582663
-7.517587939698492            1.0771747073210594
-7.402010050251256            1.0771752683878149
-7.28643216080402             1.0771749395781198
-7.170854271356784            1.0771748678313358
-7.055276381909547            1.0771745942403483
-6.939698492462311            1.0771748653989632
-6.824120603015075            1.0771748807129695
-6.708542713567839            1.0771746930631245
-6.592964824120603            1.077174861336411
-6.477386934673367            1.077174860455217
-6.361809045226131            1.0771748541475672
-6.246231155778894            1.0771747308869288
-6.130653266331658            1.0771748131533436
-6.015075376884422            1.0771748098459841
-5.899497487437186            1.077174871743041
-5.78391959798995             1.0771747590534682
-5.668341708542714            1.077174788760886
-5.5527638190954764           1.0771746268539268
-5.4371859296482405           1.0771744780201313
-5.321608040201005            1.0771746103480506
-5.206030150753769            1.0771747147936253
-5.090452261306533            1.0771748296739496
-4.974874371859297            1.077174700420874
-4.859296482412061            1.0771749292772481
-4.743718592964823            1.077174724014074
-4.628140703517587            1.0771748400783183
-4.5125628140703515           1.0771746766835542
-4.396984924623116            1.0771746816272205
-4.28140703517588             1.077174707097133
-4.165829145728644            1.0771746875209132
-4.050251256281406            1.077174566874645
-3.934673366834172            1.0771747112602534
-3.8190954773869343           1.0771747318939866
-3.7035175879396967           1.0771746641962465
-3.5879396984924625           1.0771746848350796
-3.472361809045225            1.0771746697263715
-3.3567839195979907           1.077174687699439
-3.241206030150753            1.077174641442335
-3.125628140703519            1.0771746211886581
-3.0100502512562812           1.0771746234923851
-2.8944723618090435           1.0771746785920981
-2.7788944723618094           1.077174496857281
-2.6633165829145717           1.0771746193479932
-2.5477386934673376           1.077174610579118
-2.4321608040201              1.077174603531342
-2.316582914572866            1.0771746094116648
-2.201005025125628            1.0771746231884853
-2.0854271356783904           1.077174609681029
-1.9698492462311563           1.077174568533004
-1.8542713567839186           1.0771745056916022
-1.7386934673366845           1.0771745325313946
-1.6231155778894468           1.0771744835922539
-1.5075376884422127           1.0771745638709793
-1.391959798994975            1.077174522220722
-1.2763819095477373           1.0771745154067762
-1.1608040201005032           1.0771744456116994
-1.0452261306532655           1.0771741825420158
-0.9296482412060314           1.0771734116676084
-0.8140703517587937           1.077171265017804
-0.698492462311556            1.0771644129676066
-0.5829145728643219           1.0771447160872178
-0.46733668341708423          1.0770877865802
-0.3517587939698501           1.0769264724515235
-0.23618090452261245          1.0764809560879212
-0.12060301507537828          1.075291038299493
-0.005025125628140596         1.0722471145015664
0.11055276381909708           1.0648676850286698
0.22613065326633117           1.0480904625687721
0.34170854271356893           1.0126193507340577
0.457286432160803             0.9431656495825631
0.5728643216080407            0.8170396252133101
0.6884422110552748            0.6032112634378317
0.8040201005025125            0.2614119136266221
0.9195979899497502            -0.2593712250750574
1.0351758793969843            -1.0234699445445747
1.150753768844222             -2.112427208675008
1.266331658291456             -3.6305466495951575
1.3819095477386938            -5.712624104363885
1.4974874371859315            -8.534083396884649
1.6130653266331656            -12.323565441339
1.7286432160804033            -17.37889088155251
1.8442211055276374            -24.08803161720539
1.959798994974875             -32.95670823150777
2.075376884422109             -44.64444367561791
2.190954773869347             -60.01157144828975
2.3065326633165846            -80.18054099125516
2.4221105527638187            -106.61589160173655
2.5376884422110564            -141.22859480962578
2.6532663316582905            -186.51219986422026
2.768844221105528             -247.47028815495457
