-20.0                         0.07868227256976601
-19.884422110552762           0.07868264971833835
-19.768844221105528           0.07868222866167669
-19.65326633165829            0.07868171819416632
-19.537688442211056           0.07868220551128027
-19.42211055276382            0.07868227882078423
-19.306532663316585           0.07868222032105573
-19.190954773869347           0.07868224070754407
-19.07537688442211            0.07868215726588759
-18.959798994974875           0.07868212302799696
-18.844221105527637           0.07868226734255916
-18.728643216080403           0.07868209956421858
-18.613065326633166           0.07868198384597788
-18.49748743718593            0.07868204514714332
-18.381909547738694           0.07868244478610496
-18.266331658291456           0.07868196006734078
-18.150753768844222           0.07868201529066951
-18.035175879396984           0.07868160256835083
-17.91959798994975            0.07868193053664528
-17.804020100502512           0.07868193750326007
-17.688442211055275           0.07868197390418816
-17.57286432160804            0.0786819416193175
-17.457286432160803           0.07868175822888428
-17.34170854271357            0.0786818693752394
-17.22613065326633            0.07868194265722368
-17.110552763819094           0.0786817498163329
-16.99497487437186            0.07868178974305969
-16.87939698492462            0.07868187950130776
-16.763819095477388           0.07868179009854843
-16.64824120603015            0.07868180172137158
-16.532663316582916           0.0786817218069495
-16.417085427135678           0.07868176865366648
-16.301507537688444           0.07868175670314627
-16.185929648241206           0.07868167461112363
-16.07035175879397            0.07868170745115328
-15.954773869346734           0.0786814560604518
-15.839195979899497           0.07868161682216708
-15.72361809045226            0.07868160852053885
-15.608040201005025           0.07868147637783834
-15.492462311557789           0.0786815321643296
-15.376884422110553           0.07868144218154463
-15.261306532663315           0.07868156508718374
-15.145728643216081           0.07868150353597908
-15.030150753768844           0.07868159901924111
-14.914572864321608           0.07868140147524026
-14.798994974874372           0.07868131695592533
-14.683417085427136           0.07868145025306465
-14.5678391959799             0.0786814758201478
-14.452261306532662           0.07868144808117111
-14.336683417085428           0.07868138424823382
-14.22110552763819            0.07868129094370385
-14.105527638190955           0.07868139603955471
-13.989949748743719           0.07868099699819366
-13.874371859296481           0.07868129750874298
-13.758793969849247           0.0786817613401196
-13.64321608040201            0.07868133863654059
-13.527638190954773           0.07868133601296723
-13.412060301507537           0.07868130881317296
-13.296482412060302           0.07868146431909159
-13.180904522613066           0.0786812692385804
-13.065326633165828           0.07868102336667411
-12.949748743718594           0.07868128977148837
-12.834170854271356           0.07868100144522155
-12.71859296482412            0.07868131655230226
-12.603015075376884           0.07868099299740454
-12.487437185929648           0.07868120673689229
-12.371859296482413           0.07868120080735816
-12.256281407035175           0.07868120754536884
-12.14070351758794            0.07868112879832131
-12.025125628140703           0.07868128328332553
-11.909547738693467           0.07868105569493386
-11.793969849246231           0.07868106149503352
-11.678391959798995           0.07868109233287583
-11.56281407035176            0.07868107691639703
-11.447236180904522           0.07868113010647258
-11.331658291457286           0.07868107980183602
-11.21608040201005            0.078681052234821
-11.100502512562814           0.07868131850296316
-10.984924623115578           0.07868104707458644
-10.869346733668342           0.07868098728466122
-10.753768844221106           0.07868077540494371
-10.638190954773869           0.07868099133046752
-10.522613065326633           0.07868098090607753
-10.407035175879397           0.07868096242304866
-10.291457286432161           0.0786809938753601
-10.175879396984925           0.07868094066150962
-10.06030150753769            0.0786808835887472
-9.944723618090451            0.0786809118197452
-9.829145728643216            0.07868097710037675
-9.71356783919598             0.07868088809377669
-9.597989949748744            0.07868087363907578
-9.482412060301508            0.07868088040769483
-9.366834170854272            0.0786808530554361
-9.251256281407034            0.07868084977967424
-9.135678391959798            0.07868084723725878
-9.020100502512562            0.078680836945836
-8.904522613065327            0.07868083437548137
-8.78894472361809             0.0786807082456761
-8.673366834170855            0.0786811774950165
-8.557788944723619            0.07868076227745836
-8.442211055276381            0.07868114209710485
-8.326633165829145            0.07868069957624448
-8.21105527638191             0.07868082470636427
-8.095477386934673            0.07868072779326368
-7.9798994974874375           0.07868073460048448
-7.864321608040202            0.07868072300049488
-7.748743718592964            0.07868071173973681
-7.633165829145728            0.0786807067285019
-7.517587939698492            0.07868069230063207
-7.402010050251256            0.07868068518328598
-7.28643216080402             0.07868069760959327
-7.170854271356784            0.07868067808562873
-7.055276381909547            0.07868058635160938
-6.939698492462311            0.0786806489399514
-6.824120603015075            0.07868064934761482
-6.708542713567839            0.07868068378038273
-6.592964824120603            0.07868060858260191
-6.477386934673367            0.07868054096990762
-6.361809045226131            0.07868060270058934
-6.246231155778894            0.07868054660362082
-6.130653266331658            0.07868059538717087
-6.015075376884422            0.07868059000216178
-5.899497487437186            0.07868058738470268
-5.78391959798995             0.07868057327028734
-5.668341708542714            0.07868056830841569
-5.5527638190954764           0.07868054268777105
-5.4371859296482405           0.07868046431308633
-5.321608040201005            0.07868053180836482
-5.206030150753769            0.07868050243370524
-5.090452261306533            0.07868047656546874
-4.974874371859297            0.07868050847121093
-4.859296482412061            0.07868052299734588
-4.743718592964823            0.07868039461500621
-4.628140703517587            0.0786803725681521
-4.5125628140703515           0.07868025088163971
-4.396984924623116            0.07868014207509288
-4.28140703517588             0.07867999509750918
-4.165829145728644            0.07867977487644048
-4.050251256281406            0.07867949107146291
-3.934673366834172            0.07867903327765578
-3.8190954773869343           0.07867841129325578
-3.7035175879396967           0.07867751373099673
-3.5879396984924625           0.07867624323564856
-3.472361809045225            0.07867442313799287
-3.3567839195979907           0.07867183221764773
-3.241206030150753            0.07866811139480684
-3.125628140703519            0.0786627846537436
-3.0100502512562812           0.07865517511595327
-2.8944723618090435           0.07864425134975087
-2.7788944723618094           0.07862863144775674
-2.6633165829145717           0.07860631601209137
-2.5477386934673376           0.07857437437206419
-2.4321608040201              0.07852861554006375
-2.316582914572866            0.07846311505047587
-2.201005025125628            0.07836935961000088
-2.0854271356783904           0.07823516351922599
-1.9698492462311563           0.07804309161437628
-1.8542713567839186           0.07776823706285206
-1.7386934673366845           0.07737500598911057
-1.6231155778894468           0.07681246898921777
-1.5075376884422127           0.07600811147829963
-1.391959798994975            0.0748583601030096
-1.2763819095477373           0.0732158986113239
-1.1608040201005032           0.07087144610370988
-1.0452261306532655           0.06752838864801251
-0.9296482412060314           0.06276779541584089
-0.8140703517587937           0.05600023421914946
-0.698492462311556            0.04640033414158694
-0.5829145728643219           0.03281940827406709
-0.46733668341708423          0.013668834714517285
-0.3517587939698501           -0.013231712274354249
-0.23618090452261245          -0.050850812188150976
-0.12060301507537828          -0.10319682488359289
-0.005025125628140596         -0.17563815823532297
0.11055276381909708           -0.27531010632167563
0.22613065326633117           -0.4116337420299777
0.34170854271356893           -0.5969807413075333
0.457286432160803             -0.8475318122432179
0.5728643216080407            -1.1843901161416
0.6884422110552748            -1.6350295088910412
0.8040201005025125            -2.235177742007465
0.9195979899497502            -3.0312601094404537
1.0351758793969843            -4.0835753242440465
1.150753768844222             -5.470470535524324
1.266331658291456             -7.293942191877061
1.3819095477386938            -9.68715679643371
1.4974874371859315            -12.824231472195956
1.6130653266331656            -16.932665524576425
1.7286432160804033            -22.30935970357471
1.8442211055276374            -29.341616910498935
1.959798994974875             -38.53468787802306
2.075376884422109             -50.54776241731024
2.190954773869347             -66.24093376818514
2.3065326633165846            -86.73647564989547
2.4221105527638187            -113.49879743889427
2.5376884422110564            -148.43877380193837
2.6532663316582905            -194.04988130070836
2.768844221105528             -255.33380574289427
