-20.0                         0.5599453726149166
-19.884422110552762           0.5599462112601762
-19.768844221105528           0.5599452775485387
-19.65326633165829            0.5599443111691108
-19.537688442211056           0.5599452411548139
-19.42211055276382            0.5599451934744584
-19.306532663316585           0.5599454502504919
-19.190954773869347           0.5599443449247365
-19.07537688442211            0.5599453900448536
-18.959798994974875           0.5599451286328566
-18.844221105527637           0.5599462657547079
-18.728643216080403           0.5599451414710537
-18.613065326633166           0.5599451546944176
-18.49748743718593            0.5599450951483494
-18.381909547738694           0.5599469146918461
-18.266331658291456           0.5599449322856809
-18.150753768844222           0.559945017603075
-18.035175879396984           0.5599448135577787
-17.91959798994975            0.5599449811228636
-17.804020100502512           0.5599452803717212
-17.688442211055275           0.5599452567794024
-17.57286432160804            0.559944759583838
-17.457286432160803           0.5599447047827498
-17.34170854271357            0.559944964228653
-17.22613065326633            0.5599451141822145
-17.110552763819094           0.5599446533116992
-16.99497487437186            0.559944990442654
-16.87939698492462            0.5599448288451433
-16.763819095477388           0.5599451526847836
-16.64824120603015            0.5599448129984445
-16.532663316582916           0.5599446345428652
-16.417085427135678           0.5599447273800974
-16.301507537688444           0.5599443491059168
-16.185929648241206           0.559944726474355
-16.07035175879397            0.5599448922597962
-15.954773869346734           0.5599438653358251
-15.839195979899497           0.5599446166512337
-15.72361809045226            0.5599446631997502
-15.608040201005025           0.5599449740112085
-15.492462311557789           0.5599445746233702
-15.376884422110553           0.5599443413700481
-15.261306532663315           0.5599446803558622
-15.145728643216081           0.5599445612169881
-15.030150753768844           0.5599453065864668
-14.914572864321608           0.5599443508409325
-14.798994974874372           0.5599437624066651
-14.683417085427136           0.5599445525359608
-14.5678391959799             0.559944492981143
-14.452261306532662           0.5599444540807902
-14.336683417085428           0.5599444007499851
-14.22110552763819            0.559944580698487
-14.105527638190955           0.5599443623570574
-13.989949748743719           0.5599435922138618
-13.874371859296481           0.5599442306747565
-13.758793969849247           0.5599449800812033
-13.64321608040201            0.5599443206402226
-13.527638190954773           0.5599438422784373
-13.412060301507537           0.5599443298785833
-13.296482412060302           0.5599443780732659
-13.180904522613066           0.5599443942346793
-13.065326633165828           0.5599438736298105
-12.949748743718594           0.559944356293181
-12.834170854271356           0.5599438749449687
-12.71859296482412            0.5599444949229897
-12.603015075376884           0.5599437520043543
-12.487437185929648           0.5599443311290553
-12.371859296482413           0.5599442004315686
-12.256281407035175           0.5599443688899273
-12.14070351758794            0.559944174892181
-12.025125628140703           0.5599441910548659
-11.909547738693467           0.5599440243778896
-11.793969849246231           0.5599438866434326
-11.678391959798995           0.5599441400861951
-11.56281407035176            0.5599441018985586
-11.447236180904522           0.5599443761377313
-11.331658291457286           0.5599441660031381
-11.21608040201005            0.5599440922364383
-11.100502512562814           0.5599444625620131
-10.984924623115578           0.5599441502752266
-10.869346733668342           0.5599440168425824
-10.753768844221106           0.5599434791504493
-10.638190954773869           0.5599441051057784
-10.522613065326633           0.5599439572911582
-10.407035175879397           0.5599441105755805
-10.291457286432161           0.5599445738229917
-10.175879396984925           0.5599439965651131
-10.06030150753769            0.5599438725755548
-9.944723618090451            0.5599439720524471
-9.829145728643216            0.5599437968943161
-9.71356783919598             0.5599442996029329
-9.597989949748744            0.5599439423320319
-9.482412060301508            0.5599439280398214
-9.366834170854272            0.5599439879472606
-9.251256281407034            0.5599439269717498
-9.135678391959798            0.5599438951624498
-9.020100502512562            0.5599440447805998
-8.904522613065327            0.5599436221419862
-8.78894472361809             0.5599435161601953
-8.673366834170855            0.5599447590903844
-8.557788944723619            0.5599438702707715
-8.442211055276381            0.5599447037435265
-8.326633165829145            0.5599435364679722
-8.21105527638191             0.5599437403548985
-8.095477386934673            0.5599438557006887
-7.9798994974874375           0.5599438225130806
-7.864321608040202            0.559943784115247
-7.748743718592964            0.5599437353147689
-7.633165829145728            0.5599438127528169
-7.517587939698492            0.5599436093884038
-7.402010050251256            0.5599439855675059
-7.28643216080402             0.5599437940711554
-7.170854271356784            0.5599437353138775
-7.055276381909547            0.559943489090418
-6.939698492462311            0.5599437114180288
-6.824120603015075            0.5599437360185111
-6.708542713567839            0.5599436420359376
-6.592964824120603            0.5599436904602855
-6.477386934673367            0.5599436275912951
-6.361809045226131            0.5599436768416747
-6.246231155778894            0.5599435901838152
-6.130653266331658            0.5599436807023999
-6.015075376884422            0.5599436873739388
-5.899497487437186            0.5599437409885881
-5.78391959798995             0.5599436386187614
-5.668341708542714            0.5599436469149055
-5.5527638190954764           0.5599435208189099
-5.4371859296482405           0.5599434109365153
-5.321608040201005            0.5599435308008333
-5.206030150753769            0.5599435631775077
-5.090452261306533            0.5599436169757963
-4.974874371859297            0.559943633820274
-4.859296482412061            0.5599437831512681
-4.743718592964823            0.5599435929591444
-4.628140703517587            0.559943665788802
-4.5125628140703515           0.5599435276754126
-4.396984924623116            0.5599435495741875
-4.28140703517588             0.5599435670389132
-4.165829145728644            0.5599435436706075
-4.050251256281406            0.5599434953463873
-3.934673366834172            0.5599435569747203
-3.8190954773869343           0.5599435661062288
-3.7035175879396967           0.5599435179113997
-3.5879396984924625           0.5599435223196266
-3.472361809045225            0.5599435104864862
-3.3567839195979907           0.5599435289846408
-3.241206030150753            0.5599434807024132
-3.125628140703519            0.559943479746989
-3.0100502512562812           0.5599434847839995
-2.8944723618090435           0.5599434846911544
-2.7788944723618094           0.5599433776781051
-2.6633165829145717           0.5599434445430796
-2.5477386934673376           0.5599434619034199
-2.4321608040201              0.5599434568411877
-2.316582914572866            0.5599434562177691
-2.201005025125628            0.55994346529293
-2.0854271356783904           0.5599434522991982
-1.9698492462311563           0.5599434064029786
-1.8542713567839186           0.5599433301491424
-1.7386934673366845           0.559943288618351
-1.6231155778894468           0.559943099648442
-1.5075376884422127           0.5599428111624772
-1.391959798994975            0.5599419850351415
-1.2763819095477373           0.5599400870829376
-1.1608040201005032           0.5599356857107544
-1.0452261306532655           0.5599254696523911
-0.9296482412060314           0.559901958338707
-0.8140703517587937           0.5598481310047829
-0.698492462311556            0.5597254404054224
-0.5829145728643219           0.559449540881382
-0.46733668341708423          0.5588370901810978
-0.3517587939698501           0.5575020608812943
-0.23618090452261245          0.5546591728800939
-0.12060301507537828          0.5487802692859483
-0.005025125628140596         0.5370481774972574
0.11055276381909708           0.5145858208279979
0.22613065326633117           0.47350927333803
0.34170854271356893           0.4019223673873203
0.457286432160803             0.2829589543283358
0.5728643216080407            0.0938571221389607
0.6884422110552748            -0.1951117235067339
0.8040201005025125            -0.6221227048307792
0.9195979899497502            -1.2359311837941582
1.0351758793969843            -2.098860584818233
1.150753768844222             -3.290876380515335
1.266331658291456             -4.915164286644953
1.3819095477386938            -7.1057601547029545
1.4974874371859315            -10.037512105504046
1.6130653266331656            -13.938580011499438
1.7286432160804033            -19.106408532201623
1.8442211055276374            -25.928703642002862
1.959798994974875             -34.91100399002576
2.075376884422109             -46.712706338035176
2.190954773869347             -62.1940547525368
2.3065326633165846            -82.47743415388298
2.4221105527638187            -109.0273366412892
2.5376884422110564            -143.75469884638574
2.6532663316582905            -189.15304399800007
2.768844221105528             -250.22528815495457
