-20.0                         0.46868067685435855
-19.884422110552762           0.46868146285743906
-19.768844221105528           0.46868059184111005
-19.65326633165829            0.46867966366249
-19.537688442211056           0.4686805488148101
-19.42211055276382            0.46868053571456036
-19.306532663316585           0.4686807541345081
-19.190954773869347           0.4686797960104558
-19.07537688442211            0.4686806759664858
-18.959798994974875           0.46868044380508905
-18.844221105527637           0.46868149005641097
-18.728643216080403           0.46868047909352717
-18.613065326633166           0.46868043633059214
-18.49748743718593            0.4686804118167852
-18.381909547738694           0.46868206688070446
-18.266331658291456           0.46868025205388414
-18.150753768844222           0.46868033878726045
-18.035175879396984           0.4686800541213362
-17.91959798994975            0.4686802954869902
-17.804020100502512           0.46868054818258015
-17.688442211055275           0.4686805742122328
-17.57286432160804            0.46868011708652635
-17.457286432160803           0.4686800247147296
-17.34170854271357            0.46868028972477715
-17.22613065326633            0.46868045648153034
-17.110552763819094           0.4686799746442341
-16.99497487437186            0.4686802678624541
-16.87939698492462            0.46868019952552614
-16.763819095477388           0.4686804163133134
-16.64824120603015            0.4686801579349993
-16.532663316582916           0.46867994164689414
-16.417085427135678           0.4686800527097693
-16.301507537688444           0.46867974071320145
-16.185929648241206           0.46868004418910897
-16.07035175879397            0.4686801822616591
-15.954773869346734           0.46867925494667995
-15.839195979899497           0.4686799335629692
-15.72361809045226            0.4686799683277613
-15.608040201005025           0.4686801791671537
-15.492462311557789           0.4686798837748373
-15.376884422110553           0.46867962820535836
-15.261306532663315           0.4686799876701154
-15.145728643216081           0.46867986523914673
-15.030150753768844           0.46868054914355217
-14.914572864321608           0.4686796711292436
-14.798994974874372           0.4686791326575364
-14.683417085427136           0.46867985299036186
-14.5678391959799             0.4686798061509331
-14.452261306532662           0.46867976823140073
-14.336683417085428           0.4686797146053304
-14.22110552763819            0.4686798172049296
-14.105527638190955           0.4686796829494863
-13.989949748743719           0.4686789504422885
-13.874371859296481           0.46867955438568065
-13.758793969849247           0.46868030291821666
-13.64321608040201            0.4686796425696017
-13.527638190954773           0.4686792274986632
-13.412060301507537           0.46867964345779084
-13.296482412060302           0.4686797433581024
-13.180904522613066           0.4686796862300573
-13.065326633165828           0.46867918335208775
-12.949748743718594           0.46867967375614183
-12.834170854271356           0.46867920025102716
-12.71859296482412            0.46867979730509457
-12.603015075376884           0.46867907701219336
-12.487437185929648           0.4686796356603387
-12.371859296482413           0.46867953364512
-12.256281407035175           0.46867966404550304
-12.14070351758794            0.4686794849215173
-12.025125628140703           0.46867955043719456
-11.909547738693467           0.46867934325839844
-11.793969849246231           0.4686792086408813
-11.678391959798995           0.46867944790804034
-11.56281407035176            0.46867941429438964
-11.447236180904522           0.4686796602380547
-11.331658291457286           0.4686794756084355
-11.21608040201005            0.4686794052281334
-11.100502512562814           0.4686797837831757
-10.984924623115578           0.4686794581602687
-10.869346733668342           0.4686793289169023
-10.753768844221106           0.46867882841927244
-10.638190954773869           0.4686794028758755
-10.522613065326633           0.4686792778665218
-10.407035175879397           0.46867940523792095
-10.291457286432161           0.46867980819266936
-10.175879396984925           0.46867930857130546
-10.06030150753769            0.4686791896277317
-9.944723618090451            0.4686792796656202
-9.829145728643216            0.4686791513373358
-9.71356783919598             0.4686795568185989
-9.597989949748744            0.4686792470598481
-9.482412060301508            0.4686792382339059
-9.366834170854272            0.46867928404982145
-9.251256281407034            0.46867923371947856
-9.135678391959798            0.46867921048930633
-9.020100502512562            0.46867933951943774
-8.904522613065327            0.46867897056399405
-8.78894472361809             0.4686788556467676
-8.673366834170855            0.4686800084067293
-8.557788944723619            0.46867917113734825
-8.442211055276381            0.4686799553358414
-8.326633165829145            0.4686788731743757
-8.21105527638191             0.4686790818691295
-8.095477386934673            0.4686791438509193
-7.9798994974874375           0.46867912667774086
-7.864321608040202            0.46867909178364103
-7.748743718592964            0.4686790490731747
-7.633165829145728            0.46867911401340384
-7.517587939698492            0.46867893483226125
-7.402010050251256            0.46867925920920844
-7.28643216080402             0.4686790999496484
-7.170854271356784            0.46867904544794037
-7.055276381909547            0.46867881042393666
-6.939698492462311            0.4686790187150577
-6.824120603015075            0.4686790426281328
-6.708542713567839            0.46867896741215054
-6.592964824120603            0.46867899413537273
-6.477386934673367            0.46867892331478594
-6.361809045226131            0.4686789805016127
-6.246231155778894            0.46867889933824075
-6.130653266331658            0.46867898842448535
-6.015075376884422            0.4686789941194883
-5.899497487437186            0.46867904280782113
-5.78391959798995             0.46867895001696513
-5.668341708542714            0.46867895499267975
-5.5527638190954764           0.4686788411680519
-5.4371859296482405           0.46867873465585397
-5.321608040201005            0.46867885376793883
-5.206030150753769            0.46867887419098037
-5.090452261306533            0.46867891402361994
-4.974874371859297            0.4686789518865381
-4.859296482412061            0.46867908534383707
-4.743718592964823            0.4686789009055598
-4.628140703517587            0.4686789669525281
-4.5125628140703515           0.46867883830320833
-4.396984924623116            0.46867885879015175
-4.28140703517588             0.46867887399978253
-4.165829145728644            0.4686788517120347
-4.050251256281406            0.4686788164626433
-3.934673366834172            0.4686788617480331
-3.8190954773869343           0.4686788688886371
-3.7035175879396967           0.4686788249313535
-3.5879396984924625           0.468678826898054
-3.472361809045225            0.4686788155910567
-3.3567839195979907           0.4686788323461764
-3.241206030150753            0.4686787884592725
-3.125628140703519            0.46867878783284367
-3.0100502512562812           0.4686787928131593
-2.8944723618090435           0.4686787843745209
-2.7788944723618094           0.46867869050366345
-2.6633165829145717           0.4686787475887083
-2.5477386934673376           0.4686787677559144
-2.4321608040201              0.46867876162029076
-2.316582914572866            0.4686787576280676
-2.201005025125628            0.4686787593165555
-2.0854271356783904           0.46867873521775655
-1.9698492462311563           0.46867866484250803
-1.8542713567839186           0.4686785345124042
-1.7386934673366845           0.4686783682139722
-1.6231155778894468           0.46867791388806146
-1.5075376884422127           0.4686770532019783
-1.391959798994975            0.4686750242101594
-1.2763819095477373           0.4686705715173314
-1.1608040201005032           0.468660807868847
-1.0452261306532655           0.4686394124913269
-0.9296482412060314           0.4685928125040501
-0.8140703517587937           0.4684918519421424
-0.698492462311556            0.4682744399991349
-0.5829145728643219           0.46781174909886614
-0.46733668341708423          0.4668398112663527
-0.3517587939698501           0.4648337450273973
-0.23618090452261245          0.46078482304982005
-0.12060301507537828          0.4528357354500335
-0.005025125628140596         0.43773702766160555
0.11055276381909708           0.4101231812240612
0.22613065326633117           0.36166094885849104
0.34170854271356893           0.2801571795054938
0.457286432160803             0.14867701338094547
0.5728643216080407            -0.05538220163502087
0.6884422110552748            -0.36142963680362106
0.8040201005025125            -0.807252557499233
0.9195979899497502            -1.4412254236570803
1.0351758793969843            -2.325341928929449
1.150753768844222             -3.539308378512859
1.266331658291456             -5.1861243955731595
1.3819095477386938            -7.399695485003424
1.4974874371859315            -10.354766529213801
1.6130653266331656            -14.279408170496323
1.7286432160804033            -19.470993749968386
1.8442211055276374            -26.317177774027872
1.959798994974875             -35.32346301491557
2.075376884422109             -47.149220963256745
2.190954773869347             -62.65467755875988
2.3065326633165846            -82.96220452193181
2.4221105527638187            -109.53628422659571
2.5376884422110564            -144.28784607346887
2.6532663316582905            -189.71040787686877
2.768844221105528             -250.8067454413867
