-20.0                         0.8833730410295008
-19.884422110552762           0.8833740686727988
-19.768844221105528           0.8833729110173895
-19.65326633165829            0.883371867973806
-19.537688442211056           0.8833729494037885
-19.42211055276382            0.8833727567195366
-19.306532663316585           0.8833730720583577
-19.190954773869347           0.8833715834090728
-19.07537688442211            0.8833731335940508
-18.959798994974875           0.883372794375492
-18.844221105527637           0.8833740939291297
-18.728643216080403           0.8833726667988135
-18.613065326633166           0.8833729400221817
-18.49748743718593            0.8833727210939925
-18.381909547738694           0.883375023498923
-18.266331658291456           0.8833725764353101
-18.150753768844222           0.8833726545487416
-18.035175879396984           0.883372781893566
-17.91959798994975            0.8833726174146368
-17.804020100502512           0.8833730772689032
-17.688442211055275           0.883372810516645
-17.57286432160804            0.8833723061159041
-17.457286432160803           0.8833723524476724
-17.34170854271357            0.8833725327084646
-17.22613065326633            0.8833725917532048
-17.110552763819094           0.883372306289049
-16.99497487437186            0.883372766489449
-16.87939698492462            0.8833722426318428
-16.763819095477388           0.8833729798609586
-16.64824120603015            0.883372333143727
-16.532663316582916           0.8833723975284705
-16.417085427135678           0.8833723516706359
-16.301507537688444           0.8833717790151763
-16.185929648241206           0.8833723622492642
-16.07035175879397            0.8833726242436469
-15.954773869346734           0.8833712898160012
-15.839195979899497           0.8833722690484888
-15.72361809045226            0.8833723749625046
-15.608040201005025           0.8833730288108055
-15.492462311557789           0.8833722553954926
-15.376884422110553           0.883372177555256
-15.261306532663315           0.8833723497237109
-15.145728643216081           0.8833722631099421
-15.030150753768844           0.8833731245719892
-14.914572864321608           0.8833719965599469
-14.798994974874372           0.8833712830047733
-14.683417085427136           0.8833722607756919
-14.5678391959799             0.8833721839626254
-14.452261306532662           0.8833721428494044
-14.336683417085428           0.8833720650682787
-14.22110552763819            0.883372542890998
-14.105527638190955           0.8833720150916863
-13.989949748743719           0.8833711239981381
-13.874371859296481           0.8833718640869511
-13.758793969849247           0.8833725800310299
-13.64321608040201            0.8833719624367988
-13.527638190954773           0.8833712917329234
-13.412060301507537           0.8833720023247076
-13.296482412060302           0.8833718384328191
-13.180904522613066           0.8833721391269677
-13.065326633165828           0.8833715900248666
-12.949748743718594           0.8833719959771605
-12.834170854271356           0.8833715096657604
-12.71859296482412            0.883372183364427
-12.603015075376884           0.8833714156751347
-12.487437185929648           0.8833720119571467
-12.371859296482413           0.8833717838096353
-12.256281407035175           0.883372082274377
-12.14070351758794            0.8833718531939566
-12.025125628140703           0.8833716791489039
-11.909547738693467           0.8833716734871281
-11.793969849246231           0.8833715760006767
-11.678391959798995           0.883371831457255
-11.56281407035176            0.883371771545607
-11.447236180904522           0.8833721368133322
-11.331658291457286           0.8833718373539873
-11.21608040201005            0.8833717578191509
-11.100502512562814           0.883372079780656
-10.984924623115578           0.8833718259942122
-10.869346733668342           0.8833716884145364
-10.753768844221106           0.8833710346288982
-10.638190954773869           0.8833718292624337
-10.522613065326633           0.8833716016516546
-10.407035175879397           0.8833718233252194
-10.291457286432161           0.8833724909680427
-10.175879396984925           0.8833716612936066
-10.06030150753769            0.883371526763762
-9.944723618090451            0.8833716633698184
-9.829145728643216            0.8833713242809313
-9.71356783919598             0.8833721273892525
-9.597989949748744            0.8833716423752532
-9.482412060301508            0.8833716087239079
-9.366834170854272            0.883371707726664
-9.251256281407034            0.8833716143929861
-9.135678391959798            0.8833715513485795
-9.020100502512562            0.8833717402677869
-8.904522613065327            0.8833711802678161
-8.78894472361809             0.8833710995053355
-8.673366834170855            0.8833726234029664
-8.557788944723619            0.8833715776684291
-8.442211055276381            0.8833725609902285
-8.326633165829145            0.8833711278518269
-8.21105527638191             0.8833713059574622
-8.095477386934673            0.8833716155938827
-7.9798994974874375           0.8833715145601997
-7.864321608040202            0.8833714697596617
-7.748743718592964            0.8833713989743551
-7.633165829145728            0.883371518845253
-7.517587939698492            0.8833712541420564
-7.402010050251256            0.8833717663483789
-7.28643216080402             0.8833714799089621
-7.170854271356784            0.8833714111443863
-7.055276381909547            0.8833711422545873
-6.939698492462311            0.8833713999120375
-6.824120603015075            0.883371420757587
-6.708542713567839            0.8833712662331615
-6.592964824120603            0.8833713900733108
-6.477386934673367            0.8833713633017765
-6.361809045226131            0.8833713795291648
-6.246231155778894            0.8833712708701766
-6.130653266331658            0.8833713587726325
-6.015075376884422            0.883371362228652
-5.899497487437186            0.8833714242208431
-5.78391959798995             0.8833713074224713
-5.668341708542714            0.8833713289905838
-5.5527638190954764           0.883371174289924
-5.4371859296482405           0.8833710443009597
-5.321608040201005            0.8833711693179542
-5.206030150753769            0.8833712464058338
-5.090452261306533            0.8833713430916904
-4.974874371859297            0.8833712711094829
-4.859296482412061            0.8833714721149595
-4.743718592964823            0.8833712700737238
-4.628140703517587            0.8833713691582702
-4.5125628140703515           0.8833712101467808
-4.396984924623116            0.8833712257207804
-4.28140703517588             0.8833712492155054
-4.165829145728644            0.883371226428678
-4.050251256281406            0.8833711324816182
-3.934673366834172            0.8833712479974009
-3.8190954773869343           0.8833712642244598
-3.7035175879396967           0.8833712031542248
-3.5879396984924625           0.883371217443112
-3.472361809045225            0.8833712034925683
-3.3567839195979907           0.8833712239079068
-3.241206030150753            0.8833711715656527
-3.125628140703519            0.8833711616097569
-3.0100502512562812           0.8833711653573725
-2.8944723618090435           0.8833711985663476
-2.7788944723618094           0.8833710448697423
-2.6633165829145717           0.883371146203755
-2.5477386934673376           0.8833711485028735
-2.4321608040201              0.8833711427126507
-2.316582914572866            0.8833711461457575
-2.201005025125628            0.8833711603802792
-2.0854271356783904           0.8833711483322708
-1.9698492462311563           0.8833711083254384
-1.8542713567839186           0.8833710489771811
-1.7386934673366845           0.883371071958525
-1.6231155778894468           0.8833710228623819
-1.5075376884422127           0.8833710825193616
-1.391959798994975            0.8833710137360012
-1.2763819095477373           0.8833709037023338
-1.1608040201005032           0.8833705731876078
-1.0452261306532655           0.8833696199972517
-0.9296482412060314           0.8833670360720939
-0.8140703517587937           0.8833601098265251
-0.698492462311556            0.8833409837736854
-0.5829145728643219           0.8832901651070432
-0.46733668341708423          0.8831561713238214
-0.3517587939698501           0.8828096268645522
-0.23618090452261245          0.8819356710552204
-0.12060301507537828          0.8798023000602181
-0.005025125628140596         0.874805135531015
0.11055276381909708           0.8636748982912792
0.22613065326633117           0.8402987074467525
0.34170854271356893           0.7942777553200511
0.457286432160803             0.7095171535152194
0.5728643216080407            0.5630989845053774
0.6884422110552748            0.324365208805869
0.8040201005025125            -0.046196695153914745
0.9195979899497502            -0.5987334237445388
1.0351758793969843            -1.39679187849673
1.150753768844222             -2.5212972055543523
1.266331658291456             -4.076117372815588
1.3819095477386938            -6.19575591023243
1.4974874371859315            -9.05541976428135
1.6130653266331656            -12.883571576732095
1.7286432160804033            -17.977894179481233
1.8442211055276374            -24.726262983213154
1.959798994974875             -33.634333187434066
2.075376884422109             -45.36158275487058
2.190954773869347             -60.76831350042371
2.3065326633165846            -80.97695211900901
2.4221105527638187            -107.45202133146469
2.5376884422110564            -142.1044804471258
2.6532663316582905            -187.42786962425768
2.768844221105528             -248.42553941123597
