-20.0                         0.10632392822133527
-19.884422110552762           0.10632441320340065
-19.768844221105528           0.10632387915378676
-19.65326633165829            0.1063232535297279
-19.537688442211056           0.10632385380767817
-19.42211055276382            0.106323936082884
-19.306532663316585           0.1063239107503503
-19.190954773869347           0.10632377835549812
-19.07537688442211            0.10632383877626844
-18.959798994974875           0.10632377067120305
-18.844221105527637           0.10632410974774194
-18.728643216080403           0.10632377381934416
-18.613065326633166           0.10632363732761908
-18.49748743718593            0.10632370043247501
-18.381909547738694           0.10632437855648368
-18.266331658291456           0.10632359717240901
-18.150753768844222           0.10632366958948634
-18.035175879396984           0.10632320338301944
-17.91959798994975            0.1063235828395072
-17.804020100502512           0.10632362801288335
-17.688442211055275           0.1063236982713832
-17.57286432160804            0.10632359146113521
-17.457286432160803           0.1063233849557916
-17.34170854271357            0.10632354563907868
-17.22613065326633            0.10632366863571965
-17.110552763819094           0.10632336540662846
-16.99497487437186            0.1063234479528622
-16.87939698492462            0.10632357669895268
-16.763819095477388           0.10632348791115319
-16.64824120603015            0.106323483213745
-16.532663316582916           0.10632334210638479
-16.417085427135678           0.10632341298750216
-16.301507537688444           0.10632337948057793
-16.185929648241206           0.10632333388132462
-16.07035175879397            0.10632337913689356
-15.954773869346734           0.10632298619953005
-15.839195979899497           0.10632326066227991
-15.72361809045226            0.10632325964968861
-15.608040201005025           0.10632313181770336
-15.492462311557789           0.10632317985334788
-15.376884422110553           0.10632301908639452
-15.261306532663315           0.10632323339944018
-15.145728643216081           0.10632315045675095
-15.030150753768844           0.10632337153645084
-14.914572864321608           0.106323030160037
-14.798994974874372           0.10632284027020113
-14.683417085427136           0.10632310691482824
-14.5678391959799             0.10632313012343365
-14.452261306532662           0.10632309891603875
-14.336683417085428           0.10632302936036926
-14.22110552763819            0.10632292179475247
-14.105527638190955           0.10632303853366534
-13.989949748743719           0.10632254479258935
-13.874371859296481           0.10632292605202714
-13.758793969849247           0.10632350984675873
-13.64321608040201            0.10632298716365078
-13.527638190954773           0.10632291265102245
-13.412060301507537           0.10632295962180394
-13.296482412060302           0.10632315644276419
-13.180904522613066           0.10632292484752451
-13.065326633165828           0.1063225979871053
-12.949748743718594           0.10632296029132589
-12.834170854271356           0.10632260661514713
-12.71859296482412            0.10632300725443238
-12.603015075376884           0.10632255812940117
-12.487437185929648           0.10632287557686672
-12.371859296482413           0.10632286634493292
-12.256281407035175           0.10632287855863089
-12.14070351758794            0.10632278008757591
-12.025125628140703           0.10632296435797951
-11.909547738693467           0.1063226901559162
-11.793969849246231           0.106322662585223
-11.678391959798995           0.10632274317002864
-11.56281407035176            0.10632272423768185
-11.447236180904522           0.10632281828096998
-11.331658291457286           0.10632274525082074
-11.21608040201005            0.1063227065642253
-11.100502512562814           0.1063230330672814
-10.984924623115578           0.10632271592553959
-10.869346733668342           0.1063226355850851
-10.753768844221106           0.10632235357871728
-10.638190954773869           0.10632265216760531
-10.522613065326633           0.10632262466472267
-10.407035175879397           0.10632262513730206
-10.291457286432161           0.10632272655520293
-10.175879396984925           0.10632259781754339
-10.06030150753769            0.10632252342863166
-9.944723618090451            0.10632256631620203
-9.829145728643216            0.10632261946129441
-9.71356783919598             0.10632258544517698
-9.597989949748744            0.1063225270878252
-9.482412060301508            0.10632253540266261
-9.366834170854272            0.10632251475942199
-9.251256281407034            0.10632250807264591
-9.135678391959798            0.10632250695591786
-9.020100502512562            0.10632251595904037
-8.904522613065327            0.10632245443141876
-8.78894472361809             0.10632231327214724
-8.673366834170855            0.10632294531443251
-8.557788944723619            0.10632242254928946
-8.442211055276381            0.10632290559047054
-8.326633165829145            0.10632231200371095
-8.21105527638191             0.10632248076007624
-8.095477386934673            0.10632237887487393
-7.9798994974874375           0.10632239243750649
-7.864321608040202            0.10632237726683928
-7.748743718592964            0.1063223604497982
-7.633165829145728            0.10632236762946712
-7.517587939698492            0.10632232626096727
-7.402010050251256            0.10632236943460466
-7.28643216080402             0.10632236171637965
-7.170854271356784            0.10632233492087516
-7.055276381909547            0.10632220171000048
-6.939698492462311            0.10632230346483325
-6.824120603015075            0.10632231063453398
-6.708542713567839            0.10632232817054144
-6.592964824120603            0.1063222637337696
-6.477386934673367            0.10632218485670182
-6.361809045226131            0.1063222565201637
-6.246231155778894            0.10632219538634656
-6.130653266331658            0.10632225769498782
-6.015075376884422            0.10632225401021826
-5.899497487437186            0.10632226285787896
-5.78391959798995             0.1063222369922218
-5.668341708542714            0.10632223386163789
-5.5527638190954764           0.10632219492689653
-5.4371859296482405           0.10632210626543848
-5.321608040201005            0.10632220100226379
-5.206030150753769            0.10632218142524257
-5.090452261306533            0.10632216976507637
-4.974874371859297            0.10632223726123047
-4.859296482412061            0.10632229392522724
-4.743718592964823            0.10632217022198574
-4.628140703517587            0.10632220622159286
-4.5125628140703515           0.10632213851418901
-4.396984924623116            0.1063221355081398
-4.28140703517588             0.1063221359121659
-4.165829145728644            0.10632211973360642
-4.050251256281406            0.10632212804297195
-3.934673366834172            0.10632209675468604
-3.8190954773869343           0.10632207795482529
-3.7035175879396967           0.10632203186728045
-3.5879396984924625           0.10632198546332294
-3.472361809045225            0.10632190992910891
-3.3567839195979907           0.10632181002649004
-3.241206030150753            0.10632162900250078
-3.125628140703519            0.10632135251874907
-3.0100502512562812           0.10632092923546115
-2.8944723618090435           0.10632022125892214
-2.7788944723618094           0.1063191086041562
-2.6633165829145717           0.10631741150148365
-2.5477386934673376           0.10631470558700716
-2.4321608040201              0.10631035348756161
-2.316582914572866            0.10630342832697494
-2.201005025125628            0.10629240906541125
-2.0854271356783904           0.10627486615419882
-1.9698492462311563           0.1062469339203094
-1.8542713567839186           0.10620249976036998
-1.7386934673366845           0.10613187424992504
-1.6231155778894468           0.10601954581335521
-1.5075376884422127           0.10584118203114454
-1.391959798994975            0.10555804217394944
-1.2763819095477373           0.1051091956003759
-1.1608040201005032           0.10439889353053963
-1.0452261306532655           0.10327729007173866
-0.9296482412060314           0.10151142323741189
-0.8140703517587937           0.09874168018881634
-0.698492462311556            0.09441808388774814
-0.5829145728643219           0.08770965381686799
-0.46733668341708423          0.07737707301220875
-0.3517587939698501           0.06160151413389033
-0.23618090452261245          0.03775989973656084
-0.12060301507537828          0.00213930996457061
-0.005025125628140596         -0.05041752885162143
0.11055276381909708           -0.12694603394552328
0.22613065326633117           -0.23689151555356439
0.34170854271356893           -0.392769352223208
0.457286432160803             -0.6110027480607921
0.5728643216080407            -0.9130052387598959
0.6884422110552748            -1.3265952687825324
0.8040201005025125            -1.8878494197586544
0.9195979899497502            -2.643522695769736
1.0351758793969843            -3.6542065773080505
1.150753768844222             -4.998489143912123
1.266331658291456             -6.778549849603237
1.3819095477386938            -9.127696670307149
1.4974874371859315            -12.220174514709864
1.6130653266331656            -16.28360399005699
1.7286432160804033            -21.614988917774973
1.8442211055276374            -28.601710667013325
1.959798994974875             -37.749077378351025
2.075376884422109             -49.71632093360704
2.190954773869347             -65.36356569617145
2.3065326633165846            -85.81310859719875
2.4221105527638187            -112.529376433558
2.5376884422110564            -147.4232570097578
2.6532663316582905            -192.98823683341112
2.768844221105528             -254.22626805445205
