-20.0                         0.09132346483321255
-19.884422110552762           0.09132378300989072
-19.768844221105528           0.09132342300823322
-19.65326633165829            0.0913229765442525
-19.537688442211056           0.0913233988881018
-19.42211055276382            0.09132346051717062
-19.306532663316585           0.09132339764607393
-19.190954773869347           0.0913234618835755
-19.07537688442211            0.09132333742718501
-18.959798994974875           0.09132331506937398
-18.844221105527637           0.09132338272688431
-18.728643216080403           0.09132328202977366
-18.613065326633166           0.09132318051300867
-18.49748743718593            0.09132323609742665
-18.381909547738694           0.09132350893433008
-18.266331658291456           0.09132315943726103
-18.150753768844222           0.09132320311683068
-18.035175879396984           0.0913228387266547
-17.91959798994975            0.0913231235502838
-17.804020100502512           0.09132311704029014
-17.688442211055275           0.0913231362789749
-17.57286432160804            0.09132312640732222
-17.457286432160803           0.09132296440595718
-17.34170854271357            0.0913230519841747
-17.22613065326633            0.09132309959382931
-17.110552763819094           0.09132295960857104
-16.99497487437186            0.09132298153580731
-16.87939698492462            0.09132304470120411
-16.763819095477388           0.09132296442032212
-16.64824120603015            0.09132297773443601
-16.532663316582916           0.09132292337785813
-16.417085427135678           0.09132296043191374
-16.301507537688444           0.09132294811938109
-16.185929648241206           0.09132286389644005
-16.07035175879397            0.09132289058658098
-15.954773869346734           0.09132270489391138
-15.839195979899497           0.09132281231467235
-15.72361809045226            0.09132280051094402
-15.608040201005025           0.09132268191809313
-15.492462311557789           0.09132272734875096
-15.376884422110553           0.09132267057014729
-15.261306532663315           0.0913227501069033
-15.145728643216081           0.09132269901972885
-15.030150753768844           0.09132274487076791
-14.914572864321608           0.09132260620319638
-14.798994974874372           0.09132256684171551
-14.683417085427136           0.09132264151502541
-14.5678391959799             0.09132266361332109
-14.452261306532662           0.0913226380469501
-14.336683417085428           0.09132258001590615
-14.22110552763819            0.09132250325061476
-14.105527638190955           0.0913225896335289
-13.989949748743719           0.0913222450746037
-13.874371859296481           0.09132250112152816
-13.758793969849247           0.09132289044171946
-13.64321608040201            0.09132252981996318
-13.527638190954773           0.09132255093949186
-13.412060301507537           0.09132249966223248
-13.296482412060302           0.09132262441628809
-13.180904522613066           0.09132246040799197
-13.065326633165828           0.09132225994031075
-12.949748743718594           0.0913224705536503
-12.834170854271356           0.09132222061377004
-12.71859296482412            0.09132248736734883
-12.603015075376884           0.09132223127319748
-12.487437185929648           0.09132239137856231
-12.371859296482413           0.0913223845071547
-12.256281407035175           0.09132239038251475
-12.14070351758794            0.09132232133536602
-12.025125628140703           0.09132244995002385
-11.909547738693467           0.09132225688908724
-11.793969849246231           0.09132227331356026
-11.678391959798995           0.09132228438852502
-11.56281407035176            0.09132227063101851
-11.447236180904522           0.09132230511011463
-11.331658291457286           0.09132226461386231
-11.21608040201005            0.09132224198758855
-11.100502512562814           0.09132246851320687
-10.984924623115578           0.09132223045235179
-10.869346733668342           0.09132218106867442
-10.753768844221106           0.09132200535833998
-10.638190954773869           0.09132217910676949
-10.522613065326633           0.0913221743060023
-10.407035175879397           0.09132215085015878
-10.291457286432161           0.0913221543578083
-10.175879396984925           0.09132212972675793
-10.06030150753769            0.09132208164373382
-9.944723618090451            0.09132210231719197
-9.829145728643216            0.09132216400324893
-9.71356783919598             0.09132206657476069
-9.597989949748744            0.09132206491415401
-9.482412060301508            0.0913220695050987
-9.366834170854272            0.09132204207021856
-9.251256281407034            0.09132203857734854
-9.135678391959798            0.0913220346176454
-9.020100502512562            0.0913220193376056
-8.904522613065327            0.09132203432672101
-8.78894472361809             0.0913219226432287
-8.673366834170855            0.09132230846347453
-8.557788944723619            0.09132195128346593
-8.442211055276381            0.09132227530733653
-8.326633165829145            0.09132190961211475
-8.21105527638191             0.09132200722350557
-8.095477386934673            0.09132192134273193
-7.9798994974874375           0.09132192363798053
-7.864321608040202            0.09132191316289583
-7.748743718592964            0.09132190417683839
-7.633165829145728            0.09132189417636119
-7.517587939698492            0.09132188802246018
-7.402010050251256            0.09132186596567911
-7.28643216080402             0.09132188158830415
-7.170854271356784            0.09132186460141171
-7.055276381909547            0.09132179329627052
-6.939698492462311            0.09132183540935798
-6.824120603015075            0.09132183134344178
-6.708542713567839            0.09132186822483278
-6.592964824120603            0.09132179001851994
-6.477386934673367            0.09132172724191336
-6.361809045226131            0.09132177595540658
-6.246231155778894            0.09132171710460593
-6.130653266331658            0.09132174989398961
-6.015075376884422            0.09132173263692438
-5.899497487437186            0.09132171047392525
-5.78391959798995             0.09132167903258227
-5.668341708542714            0.09132164544976318
-5.5527638190954764           0.09132158694364843
-5.4371859296482405           0.0913214665291223
-5.321608040201005            0.09132145006187772
-5.206030150753769            0.09132132711449008
-5.090452261306533            0.09132117444971863
-4.974874371859297            0.09132102268227922
-4.859296482412061            0.09132079774724977
-4.743718592964823            0.09132037524959108
-4.628140703517587            0.09131993038456114
-4.5125628140703515           0.0913192542803787
-4.396984924623116            0.09131838879489046
-4.28140703517588             0.09131722576368506
-4.165829145728644            0.09131564404489591
-4.050251256281406            0.09131353073773861
-3.934673366834172            0.09131062192620067
-3.8190954773869343           0.09130671379114688
-3.7035175879396967           0.09130141923870108
-3.5879396984924625           0.09129426095366201
-3.472361809045225            0.09128456865251594
-3.3567839195979907           0.09127145865023323
-3.241206030150753            0.09125370158237069
-3.125628140703519            0.09122965802919018
-3.0100502512562812           0.09119712060500987
-2.8944723618090435           0.09115304195599334
-2.7788944723618094           0.09109338065436919
-2.6633165829145717           0.09101263806925457
-2.5477386934673376           0.0909033204339766
-2.4321608040201              0.09075527641345248
-2.316582914572866            0.09055481931860433
-2.201005025125628            0.09028338130220225
-2.0854271356783904           0.08991580602458749
-1.9698492462311563           0.08941800743954348
-1.8542713567839186           0.08874382053889977
-1.7386934673366845           0.08783068527954817
-1.6231155778894468           0.08659375414739154
-1.5075376884422127           0.08491816508777764
-1.391959798994975            0.08264807969311505
-1.2763819095477373           0.07957240439213556
-1.1608040201005032           0.0754051564736472
-1.0452261306532655           0.06975905286968119
-0.9296482412060314           0.062110146834348484
-0.8140703517587937           0.05175037263705156
-0.698492462311556            0.03772434483612298
-0.5829145728643219           0.018746101024687226
-0.46733668341708423          -0.006911181580341768
-0.3517587939698501           -0.04155866535798431
-0.23618090452261245          -0.08827863646168471
-0.12060301507537828          -0.15116597158156556
-0.005025125628140596         -0.23563959780813065
0.11055276381909708           -0.3488434463907304
0.22613065326633117           -0.5001636582717877
0.34170854271356893           -0.7018964080701188
0.457286432160803             -0.9701134793331183
0.5728643216080407            -1.325785548775965
0.6884422110552748            -1.796241198641409
0.8040201005025125            -2.4170601597135684
0.9195979899497502            -3.234525586714059
1.0351758793969843            -4.308807648166004
1.150753768844222             -5.718146004311869
1.266331658291456             -7.5644541728805965
1.3819095477386938            -9.980832890884704
1.4974874371859315            -13.141337987607056
1.6130653266331656            -17.273409353312182
1.7286432160804033            -22.673896576382212
1.8442211055276374            -29.730063169322577
1.959798994974875             -38.94713076110928
2.075376884422109             -50.98426766310621
2.190954773869347             -66.70155111047592
2.3065326633165846            -87.22124282881236
2.4221105527638187            -114.00774316007801
2.5376884422110564            -148.97191993819862
2.6532663316582905            -194.6072445407425
2.768844221105528             -255.9152630293264
