-20.0                         0.8484785279097732
-19.884422110552762           0.8484795342734824
-19.768844221105528           0.8484784014281255
-19.65326633165829            0.848477362895893
-19.537688442211056           0.8484784277624636
-19.42211055276382            0.848478252375553
-19.306532663316585           0.8484785668646383
-19.190954773869347           0.8484771102639114
-19.07537688442211            0.8484786113496725
-18.959798994974875           0.848478278797472
-18.844221105527637           0.848479570993287
-18.728643216080403           0.8484781697970072
-18.613065326633166           0.8484784114714206
-18.49748743718593            0.8484782121067576
-18.381909547738694           0.8484804684584571
-18.266331658291456           0.8484780634888057
-18.150753768844222           0.8484781424612452
-18.035175879396984           0.8484782313645256
-17.91959798994975            0.8484781072487944
-17.804020100502512           0.8484785501142785
-17.688442211055275           0.8484783133923747
-17.57286432160804            0.8484778002265615
-17.457286432160803           0.8484778389195423
-17.34170854271357            0.848478031234438
-17.22613065326633            0.8484781016672847
-17.110552763819094           0.84847779154768
-16.99497487437186            0.8484782413388522
-16.87939698492462            0.8484777568287292
-16.763819095477388           0.8484784482580047
-16.64824120603015            0.8484778349754364
-16.532663316582916           0.8484778668292823
-16.417085427135678           0.8484778408844624
-16.301507537688444           0.8484772857703679
-16.185929648241206           0.8484778508491909
-16.07035175879397            0.8484781032536678
-15.954773869346734           0.8484767990444703
-15.839195979899497           0.8484777553388848
-15.72361809045226            0.8484778534285192
-15.608040201005025           0.8484784721614241
-15.492462311557789           0.8484777385741049
-15.376884422110553           0.8484776393900131
-15.261306532663315           0.8484778351145349
-15.145728643216081           0.848477743936887
-15.030150753768844           0.8484785993860329
-14.914572864321608           0.8484774832806066
-14.798994974874372           0.8484767800888291
-14.683417085427136           0.8484777412079686
-14.5678391959799             0.8484776641832616
-14.452261306532662           0.8484776231744953
-14.336683417085428           0.8484775499660145
-14.22110552763819            0.848477994835413
-14.105527638190955           0.8484775003916436
-13.989949748743719           0.8484766218826323
-13.874371859296481           0.8484773521447806
-13.758793969849247           0.8484780735522834
-13.64321608040201            0.8484774492564421
-13.527638190954773           0.8484767974073408
-13.412060301507537           0.8484774858410277
-13.296482412060302           0.8484773462159805
-13.180904522613066           0.8484776153616
-13.065326633165828           0.848477067115315
-12.949748743718594           0.8484774841841032
-12.834170854271356           0.8484769971977705
-12.71859296482412            0.8484776666166461
-12.603015075376884           0.8484768983750836
-12.487437185929648           0.8484774961307107
-12.371859296482413           0.8484772776873539
-12.256281407035175           0.8484775632988035
-12.14070351758794            0.848477336531667
-12.025125628140703           0.848477183600419
-11.909547738693467           0.8484771599305997
-11.793969849246231           0.8484770547290885
-11.678391959798995           0.8484773131009753
-11.56281407035176            0.8484772559069115
-11.447236180904522           0.8484776118517727
-11.331658291457286           0.8484773219642724
-11.21608040201005            0.8484772426609911
-11.100502512562814           0.8484775708518961
-10.984924623115578           0.8484773102321838
-10.869346733668342           0.8484771724791195
-10.753768844221106           0.8484765303983711
-10.638190954773869           0.8484773076439909
-10.522613065326633           0.8484770884794651
-10.407035175879397           0.848477304654686
-10.291457286432161           0.8484779505399871
-10.175879396984925           0.8484771464991204
-10.06030150753769            0.8484770127362224
-9.944723618090451            0.8484771449262649
-9.829145728643216            0.8484768233536971
-9.71356783919598             0.8484775973894324
-9.597989949748744            0.8484771232650044
-9.482412060301508            0.8484770916362276
-9.366834170854272            0.8484771872284906
-9.251256281407034            0.8484770969030236
-9.135678391959798            0.8484770370821572
-9.020100502512562            0.8484772243317127
-8.904522613065327            0.8484766755769355
-8.78894472361809             0.8484765926395469
-8.673366834170855            0.848478088330645
-8.557788944723619            0.8484770581239437
-8.442211055276381            0.8484780266260873
-8.326633165829145            0.8484766202175619
-8.21105527638191             0.8484768013853627
-8.095477386934673            0.848477090241762
-7.9798994974874375           0.8484769970536215
-7.864321608040202            0.8484769524477257
-7.748743718592964            0.848476884045261
-7.633165829145728            0.8484769994808333
-7.517587939698492            0.8484767396760328
-7.402010050251256            0.8484772405932514
-7.28643216080402             0.8484769629319695
-7.170854271356784            0.8484768949171256
-7.055276381909547            0.8484766274811127
-6.939698492462311            0.8484768821687776
-6.824120603015075            0.8484769037952776
-6.708542713567839            0.8484767554521425
-6.592964824120603            0.8484768712415545
-6.477386934673367            0.8484768401017428
-6.361809045226131            0.8484768601888741
-6.246231155778894            0.8484767540646759
-6.130653266331658            0.8484768427086876
-6.015075376884422            0.8484768470159082
-5.899497487437186            0.8484769086678869
-5.78391959798995             0.8484767920712585
-5.668341708542714            0.8484768121577804
-5.5527638190954764           0.8484766595072357
-5.4371859296482405           0.8484765323648226
-5.321608040201005            0.8484766564558194
-5.206030150753769            0.8484767286222168
-5.090452261306533            0.8484768213655063
-4.974874371859297            0.8484767595711084
-4.859296482412061            0.848476955320926
-4.743718592964823            0.8484767541134788
-4.628140703517587            0.8484768502144749
-4.5125628140703515           0.8484766925932962
-4.396984924623116            0.84847670960392
-4.28140703517588             0.8484767326056183
-4.165829145728644            0.8484767094474012
-4.050251256281406            0.8484766203593338
-3.934673366834172            0.8484767303989832
-3.8190954773869343           0.8484767458459843
-3.7035175879396967           0.848476686041751
-3.5879396984924625           0.8484766992043573
-3.472361809045225            0.8484766854825436
-3.3567839195979907           0.8484767060420038
-3.241206030150753            0.8484766532665459
-3.125628140703519            0.8484766448128621
-3.0100502512562812           0.8484766487807245
-2.8944723618090435           0.8484766781712768
-2.7788944723618094           0.8484765295146721
-2.6633165829145717           0.8484766270824098
-2.5477386934673376           0.8484766312312574
-2.4321608040201              0.8484766256143754
-2.316582914572866            0.8484766286482904
-2.201005025125628            0.8484766427650375
-2.0854271356783904           0.848476631024045
-1.9698492462311563           0.8484765912956698
-1.8542713567839186           0.848476532482253
-1.7386934673366845           0.848476554283627
-1.6231155778894468           0.8484765035817349
-1.5075376884422127           0.8484765558840784
-1.391959798994975            0.8484764732159135
-1.2763819095477373           0.8484763220014578
-1.1608040201005032           0.8484758888048052
-1.0452261306532655           0.8484746751296346
-0.9296482412060314           0.8484714357400871
-0.8140703517587937           0.8484628681378598
-0.698492462311556            0.8484397172761443
-0.5829145728643219           0.8483791849543121
-0.46733668341708423          0.848222311325173
-0.3517587939698501           0.847823503560833
-0.23618090452261245          0.8468347586504791
-0.12060301507537828          0.8444614831911385
-0.005025125628140596         0.8389928391212429
0.11055276381909708           0.8270018776390857
0.22613065326633117           0.8021812079313672
0.34170854271356893           0.7539451450420148
0.457286432160803             0.6660787720398959
0.5728643216080407            0.5156490982464668
0.6884422110552748            0.27208113822555724
0.8040201005025125            -0.10399699886685981
0.9195979899497502            -0.6625784759296642
1.0351758793969843            -1.467073214252963
1.150753768844222             -2.5982988309074964
1.266331658291456             -4.160047248593861
1.3819095477386938            -6.286770530400115
1.4974874371859315            -9.153636903891373
1.6130653266331656            -12.98907683620713
1.7286432160804033            -18.09074810659766
1.8442211055276374            -24.846508468769855
1.959798994974875             -33.762001082529984
2.075376884422109             -45.49669558347271
2.190954773869347             -60.910887898198865
2.3065326633165846            -81.12700048096632
2.4221105527638187            -107.60955295480275
2.5376884422110564            -142.2695023409734
2.6532663316582905            -187.60038709315646
2.768844221105528             -248.60551428560782
