-20.0                         0.584988485415268
-19.884422110552762           0.5849893383404625
-19.768844221105528           0.5849883875607782
-19.65326633165829            0.584987412145966
-19.537688442211056           0.5849883540415581
-19.42211055276382            0.5849882963727281
-19.306532663316585           0.5849885619439525
-19.190954773869347           0.5849874194821238
-19.07537688442211            0.5849885080155361
-18.959798994974875           0.5849882391871727
-18.844221105527637           0.5849893973066177
-18.728643216080403           0.584988244276211
-18.613065326633166           0.5849882744698687
-18.49748743718593            0.5849882044907566
-18.381909547738694           0.5849900665577334
-18.266331658291456           0.5849880414489138
-18.150753768844222           0.5849881263005388
-18.035175879396984           0.5849879455811059
-17.91959798994975            0.5849880911694455
-17.804020100502512           0.5849884030851744
-17.688442211055275           0.5849883640993604
-17.57286432160804            0.5849878589529487
-17.457286432160803           0.5849878140167453
-17.34170854271357            0.584988070415215
-17.22613065326633            0.5849882148547999
-17.110552763819094           0.5849877624212775
-16.99497487437186            0.5849881109998273
-16.87939698492462            0.5849879225613565
-16.763819095477388           0.5849882768669696
-16.64824120603015            0.5849879141858981
-16.532663316582916           0.584987748917586
-16.417085427135678           0.5849878350106674
-16.301507537688444           0.5849874393102926
-16.185929648241206           0.5849878357325986
-16.07035175879397            0.5849880092316267
-15.954773869346734           0.5849869561015733
-15.839195979899497           0.58498772655208
-15.72361809045226            0.58498777668379
-15.608040201005025           0.5849881149679201
-15.492462311557789           0.5849876866739915
-15.376884422110553           0.5849874615074112
-15.261306532663315           0.5849877924339185
-15.145728643216081           0.5849876747737525
-15.030150753768844           0.5849884345093115
-14.914572864321608           0.5849874599586383
-14.798994974874372           0.5849868591598699
-14.683417085427136           0.5849876668933095
-14.5678391959799             0.584987604434046
-14.452261306532662           0.5849875652842401
-14.336683417085428           0.5849875115061484
-14.22110552763819            0.5849877134522079
-14.105527638190955           0.5849874715452937
-13.989949748743719           0.584986691488571
-13.874371859296481           0.5849873388481905
-13.758793969849247           0.5849880874374547
-13.64321608040201            0.5849874292938603
-13.527638190954773           0.5849869343979878
-13.412060301507537           0.5849874408668213
-13.296482412060302           0.5849874740287536
-13.180904522613066           0.5849875111187586
-13.065326633165828           0.5849869865089036
-12.949748743718594           0.5849874657323015
-12.834170854271356           0.5849869828728278
-12.71859296482412            0.5849876083832322
-12.603015075376884           0.5849868607291965
-12.487437185929648           0.5849874440361231
-12.371859296482413           0.5849873054301208
-12.256281407035175           0.5849874844344075
-12.14070351758794            0.584987286699106
-12.025125628140703           0.5849872888260803
-11.909547738693467           0.5849871338378391
-11.793969849246231           0.5849869964835003
-11.678391959798995           0.5849872526359549
-11.56281407035176            0.584987213070532
-11.447236180904522           0.5849874948143738
-11.331658291457286           0.5849872777104762
-11.21608040201005            0.5849872031756002
-11.100502512562814           0.5849875706941242
-10.984924623115578           0.5849872624085208
-10.869346733668342           0.5849871281096073
-10.753768844221106           0.584986580660141
-10.638190954773869           0.5849872203645995
-10.522613065326633           0.5849870663016252
-10.407035175879397           0.5849872262236164
-10.291457286432161           0.5849877056934858
-10.175879396984925           0.5849871076665438
-10.06030150753769            0.5849869824984155
-9.944723618090451            0.5849870846060122
-9.829145728643216            0.5849868966326925
-9.71356783919598             0.5849874250764167
-9.597989949748744            0.584987055683822
-9.482412060301508            0.5849870398762008
-9.366834170854272            0.5849871034179638
-9.251256281407034            0.5849870396155366
-9.135678391959798            0.5849870053806682
-9.020100502512562            0.5849871599360036
-8.904522613065327            0.5849867238114974
-8.78894472361809             0.584986620165088
-8.673366834170855            0.5849878867655746
-8.557788944723619            0.5849869845187419
-8.442211055276381            0.5849878308221238
-8.326633165829145            0.5849866411852399
-8.21105527638191             0.584986843450941
-8.095477386934673            0.5849869737067454
-7.9798994974874375           0.5849869358046357
-7.864321608040202            0.5849868965633865
-7.748743718592964            0.5849868460802687
-7.633165829145728            0.5849869269041997
-7.517587939698492            0.5849867174619976
-7.402010050251256            0.5849871067797104
-7.28643216080402             0.5849869068494759
-7.170854271356784            0.5849868470473784
-7.055276381909547            0.5849865982044198
-6.939698492462311            0.5849868239976015
-6.824120603015075            0.5849868486300959
-6.708542713567839            0.5849867496555626
-6.592964824120603            0.5849868039949752
-6.477386934673367            0.5849867435142345
-6.361809045226131            0.5849867904586823
-6.246231155778894            0.5849867022322802
-6.130653266331658            0.5849867929448893
-6.015075376884422            0.5849867997445438
-5.899497487437186            0.5849868544823206
-5.78391959798995             0.5849867499311746
-5.668341708542714            0.5849867591870399
-5.5527638190954764           0.5849866300680614
-5.4371859296482405           0.5849865191071749
-5.321608040201005            0.5849866391759423
-5.206030150753769            0.5849866749033729
-5.090452261306533            0.5849867324425319
-4.974874371859297            0.5849867430811913
-4.859296482412061            0.5849868966602564
-4.743718592964823            0.5849867051355149
-4.628140703517587            0.5849867798737322
-4.5125628140703515           0.5849866394588278
-4.396984924623116            0.5849866614795469
-4.28140703517588             0.5849866795223522
-4.165829145728644            0.5849866559568969
-4.050251256281406            0.5849866040563645
-3.934673366834172            0.5849866700932198
-3.8190954773869343           0.5849866797679977
-3.7035175879396967           0.5849866304676395
-3.5879396984924625           0.5849866355801034
-3.472361809045225            0.5849866235930682
-3.3567839195979907           0.5849866424853427
-3.241206030150753            0.5849865932414415
-3.125628140703519            0.5849865920133185
-3.0100502512562812           0.5849865970243696
-2.8944723618090435           0.5849865993131977
-2.7788944723618094           0.5849864886850812
-2.6633165829145717           0.5849865581985227
-2.5477386934673376           0.5849865746052171
-2.4321608040201              0.5849865696148246
-2.316582914572866            0.5849865694765667
-2.201005025125628            0.5849865795734678
-2.0854271356783904           0.584986567635168
-1.9698492462311563           0.584986524324522
-1.8542713567839186           0.5849864542497859
-1.7386934673366845           0.584986428784624
-1.6231155778894468           0.5849862750872148
-1.5075376884422127           0.5849860666102071
-1.391959798994975            0.5849854137836947
-1.2763819095477373           0.5849839004178715
-1.1608040201005032           0.5849803379981607
-1.0452261306532655           0.584971941055679
-0.9296482412060314           0.5849523371420179
-0.8140703517587937           0.5849068070219393
-0.698492462311556            0.5848014540907989
-0.5829145728643219           0.5845611049671277
-0.46733668341708423          0.5840197773926592
-0.3517587939698501           0.5828227042215948
-0.23618090452261245          0.5802372703836961
-0.12060301507537828          0.5748166452758292
-0.005025125628140596         0.5638557768404154
0.11055276381909708           0.5426108489733442
0.22613065326633117           0.5033276258169885
0.34170854271356893           0.43420292724985987
0.457286432160803             0.3184014647524085
0.5728643216080407            0.13312618678769222
0.6884422110552748            -0.15143514924925805
0.8040201005025125            -0.5735633927114306
0.9195979899497502            -1.1821191652124852
1.0351758793969843            -2.0395172913878636
1.150753768844222             -3.2257949879486905
1.266331658291456             -4.844189314727217
1.3819095477386938            -7.028771844545477
1.4974874371859315            -9.954418715134098
1.6130653266331656            -13.849313836698087
1.7286432160804033            -19.010920987628133
1.8442211055276374            -25.82695987934214
1.959798994974875             -34.802978697845866
2.075376884422109             -46.59838090004223
2.190954773869347             -62.073415342225246
2.3065326633165846            -82.35047042556491
2.4221105527638187            -108.89404080984698
2.5376884422110564            -143.61506502819702
2.6532663316582905            -189.00706773194915
2.768844221105528             -250.07300172279375
