-20.0                         0.07896802043051154
-19.884422110552762           0.07896839202568029
-19.768844221105528           0.07896797673675242
-19.65326633165829            0.07896747224448049
-19.537688442211056           0.07896795355143561
-19.42211055276382            0.07896802593480483
-19.306532663316585           0.07896796665402528
-19.190954773869347           0.0789679923218403
-19.07537688442211            0.07896790391748003
-18.959798994974875           0.07896787099070987
-18.844221105527637           0.07896800715194467
-18.728643216080403           0.0789678464599449
-18.613065326633166           0.07896773202655051
-18.49748743718593            0.07896779292430284
-18.381909547738694           0.07896817981095858
-18.266331658291456           0.07896770867702417
-18.150753768844222           0.07896776286820326
-18.035175879396984           0.07896735418855903
-17.91959798994975            0.07896767849518627
-17.804020100502512           0.07896768398202324
-17.688442211055275           0.07896771867284764
-17.57286432160804            0.07896768902154835
-17.457286432160803           0.07896750744258296
-17.34170854271357            0.07896761625544658
-17.22613065326633            0.0789676870179367
-17.110552763819094           0.07896749946471746
-16.99497487437186            0.07896753755309512
-16.87939698492462            0.07896762484288394
-16.763819095477388           0.07896753611082875
-16.64824120603015            0.078967548058581
-16.532663316582916           0.07896747083265672
-16.417085427135678           0.07896751666291581
-16.301507537688444           0.07896750496193745
-16.185929648241206           0.07896742220373672
-16.07035175879397            0.07896745446652996
-15.954773869346734           0.0789672096132837
-15.839195979899497           0.07896736507417318
-15.72361809045226            0.07896735642736269
-15.608040201005025           0.07896722518468356
-15.492462311557789           0.07896728033012274
-15.376884422110553           0.0789671937124339
-15.261306532663315           0.07896731226263133
-15.145728643216081           0.0789672517420441
-15.030150753768844           0.0789673419591399
-14.914572864321608           0.07896715056458004
-14.798994974874372           0.07896707072290493
-14.683417085427136           0.07896719802573411
-14.5678391959799             0.078967223388481
-14.452261306532662           0.07896719584725305
-14.336683417085428           0.07896713249394133
-14.22110552763819            0.0789670405753611
-14.105527638190955           0.07896714418494592
-13.989949748743719           0.0789667501909421
-13.874371859296481           0.07896704653162105
-13.758793969849247           0.07896750356997723
-13.64321608040201            0.07896708652191044
-13.527638190954773           0.07896708661305796
-13.412060301507537           0.07896705664617969
-13.296482412060302           0.07896720942628892
-13.180904522613066           0.07896701703298509
-13.065326633165828           0.0789667754299661
-12.949748743718594           0.07896703662097021
-12.834170854271356           0.07896675184295161
-12.71859296482412            0.07896706243692134
-12.603015075376884           0.07896674532638251
-12.487437185929648           0.07896695387925329
-12.371859296482413           0.07896694791552553
-12.256281407035175           0.07896695454706264
-12.14070351758794            0.0789668767353033
-12.025125628140703           0.0789670290074105
-11.909547738693467           0.07896680446400493
-11.793969849246231           0.07896681151277095
-11.678391959798995           0.07896684024954613
-11.56281407035176            0.07896682499979915
-11.447236180904522           0.07896687631596781
-11.331658291457286           0.07896682700416105
-11.21608040201005            0.0789667999416985
-11.100502512562814           0.07896706264745249
-10.984924623115578           0.0789667941284239
-10.869346733668342           0.07896673535148445
-10.753768844221106           0.07896652694241685
-10.638190954773869           0.07896673880915442
-10.522613065326633           0.07896672902394437
-10.407035175879397           0.07896670992552204
-10.291457286432161           0.07896673842714087
-10.175879396984925           0.07896668827763245
-10.06030150753769            0.07896663206922098
-9.944723618090451            0.07896665957425862
-9.829145728643216            0.07896672479457961
-9.71356783919598             0.07896663439834825
-9.597989949748744            0.07896662146368325
-9.482412060301508            0.0789666280617706
-9.366834170854272            0.07896660060633645
-9.251256281407034            0.0789665973631789
-9.135678391959798            0.07896659469795336
-9.020100502512562            0.07896658378736646
-8.904522613065327            0.0789665832988113
-8.78894472361809             0.07896645835156493
-8.673366834170855            0.07896691958520007
-8.557788944723619            0.07896650984446896
-8.442211055276381            0.07896688440370551
-8.326633165829145            0.0789664492866135
-8.21105527638191             0.07896657190265734
-8.095477386934673            0.07896647583375531
-7.9798994974874375           0.0789664822252415
-7.864321608040202            0.07896647075917337
-7.748743718592964            0.0789664597429568
-7.633165829145728            0.07896645422060004
-7.517587939698492            0.07896644077091121
-7.402010050251256            0.07896643190822619
-7.28643216080402             0.07896644487450907
-7.170854271356784            0.07896642566226621
-7.055276381909547            0.07896633598009199
-6.939698492462311            0.07896639664913567
-6.824120603015075            0.07896639672762333
-6.708542713567839            0.07896643169919669
-6.592964824120603            0.0789663562575211
-6.477386934673367            0.07896628932051294
-6.361809045226131            0.07896635027748025
-6.246231155778894            0.07896629438408272
-6.130653266331658            0.07896634232701236
-6.015075376884422            0.07896633669977597
-5.899497487437186            0.07896633336065174
-5.78391959798995             0.07896631928035952
-5.668341708542714            0.07896631373188429
-5.5527638190954764           0.07896628790693148
-5.4371859296482405           0.07896620925333095
-5.321608040201005            0.07896627387153499
-5.206030150753769            0.07896624227162534
-5.090452261306533            0.07896621324370229
-4.974874371859297            0.07896623960150227
-4.859296482412061            0.07896624711321686
-4.743718592964823            0.07896611168452804
-4.628140703517587            0.07896607718312285
-4.5125628140703515           0.07896593953565621
-4.396984924623116            0.07896580730291021
-4.28140703517588             0.07896562783452399
-4.165829145728644            0.0789653627415428
-4.050251256281406            0.07896501644638955
-3.934673366834172            0.0789644719839304
-3.8190954773869343           0.07896372984213197
-3.7035175879396967           0.07896266627246389
-3.5879396984924625           0.07896116569125577
-3.472361809045225            0.07895902760931144
-3.3567839195979907           0.0789559974234314
-3.241206030150753            0.07895167114967898
-3.125628140703519            0.07894551013196628
-3.0100502512562812           0.0789367529003773
-2.8944723618090435           0.07892425288127376
-2.7788944723618094           0.07890647129383489
-2.6633165829145717           0.07888119505591021
-2.5477386934673376           0.07884520679141797
-2.4321608040201              0.07879392855580833
-2.316582914572866            0.07872091561640969
-2.201005025125628            0.07861695926411856
-2.0854271356783904           0.07846894810429769
-1.9698492462311563           0.07825822080283241
-1.8542713567839186           0.07795825543458598
-1.7386934673366845           0.07753134464111643
-1.6231155778894468           0.07692381785922217
-1.5075376884422127           0.07605963153487623
-1.391959798994975            0.07483072347117098
-1.2763819095477373           0.07308413402301718
-1.1608040201005032           0.07060359385140395
-1.0452261306532655           0.06708398855815115
-0.9296482412060314           0.06209626475788223
-0.8140703517587937           0.05503924454645404
-0.698492462311556            0.04507434903119934
-0.5829145728643219           0.031038597824368644
-0.46733668341708423          0.01132863306752386
-0.3517587939698501           -0.016250153981987526
-0.23618090452261245          -0.05467907292385959
-0.12060301507537828          -0.10797649128620873
-0.005025125628140596         -0.18151705131262863
0.11055276381909708           -0.28243778378090656
0.22613065326633117           -0.42015676478685365
0.34170854271356893           -0.6070382546695559
0.457286432160803             -0.8592519255146713
0.5728643216080407            -1.197887388894809
0.6884422110552748            -1.6504036335854009
0.8040201005025125            -2.25251332019031
0.9195979899497502            -3.050627336311195
1.0351758793969843            -4.1050314464223225
1.150753768844222             -5.49406202759869
1.266331658291456             -7.319707258456918
1.3819095477386938            -9.715127136513841
1.4974874371859315            -12.854432780906189
1.6130653266331656            -16.96511771511444
1.7286432160804033            -22.344077730980786
1.8442211055276374            -29.378611925866952
1.959798994974875             -38.57396823038522
2.075376884422109             -50.58933439086661
2.190954773869347             -66.28480211302126
2.3065326633165846            -86.78264396816725
2.4221105527638187            -113.54726846904654
2.5376884422110564            -148.4895496297643
2.6532663316582905            -194.1029635171668
2.768844221105528             -255.38918262731636
