-20.0                         0.1994052966957499
-19.884422110552762           0.19940589631626354
-19.768844221105528           0.19940523876654953
-19.65326633165829            0.19940449082757988
-19.537688442211056           0.19940520479705456
-19.42211055276382            0.19940527343498718
-19.306532663316585           0.1994053236976876
-19.190954773869347           0.19940492542646843
-19.07537688442211            0.19940523845152067
-18.959798994974875           0.1994051166409281
-18.844221105527637           0.19940572385773905
-18.728643216080403           0.19940515224791044
-18.613065326633166           0.19940501276451722
-18.49748743718593            0.19940506251901524
-18.381909547738694           0.19940609273513477
-18.266331658291456           0.19940493579694968
-18.150753768844222           0.19940501949610792
-18.035175879396984           0.19940455952352878
-17.91959798994975            0.19940494321247815
-17.804020100502512           0.1994050504815609
-17.688442211055275           0.19940514350862054
-17.57286432160804            0.19940491101976493
-17.457286432160803           0.1994047151950729
-17.34170854271357            0.1994049317543715
-17.22613065326633            0.19940509723864544
-17.110552763819094           0.19940468140126794
-16.99497487437186            0.1994048277503404
-16.87939698492462            0.19940495289416335
-16.763819095477388           0.19940491390265752
-16.64824120603015            0.19940485825540574
-16.532663316582916           0.19940464947493525
-16.417085427135678           0.1994047509426972
-16.301507537688444           0.1994046485839371
-16.185929648241206           0.19940469863484844
-16.07035175879397            0.1994047649539137
-15.954773869346734           0.1994041895015404
-15.839195979899497           0.1994046062459711
-15.72361809045226            0.19940461471919685
-15.608040201005025           0.1994045537981824
-15.492462311557789           0.19940453386568305
-15.376884422110553           0.19940430298814357
-15.261306532663315           0.19940461091432954
-15.145728643216081           0.19940450517730596
-15.030150753768844           0.19940489984066603
-14.914572864321608           0.19940436158477293
-14.798994974874372           0.1994040384993852
-14.683417085427136           0.19940447406539405
-14.5678391959799             0.1994044793092149
-14.452261306532662           0.19940444520858353
-14.336683417085428           0.19940437834126631
-14.22110552763819            0.19940429843051669
-14.105527638190955           0.19940437557940802
-13.989949748743719           0.19940378701104994
-13.874371859296481           0.19940425458427652
-13.758793969849247           0.1994049344295688
-13.64321608040201            0.19940433105687155
-13.527638190954773           0.19940414390505623
-13.412060301507537           0.199404309831897
-13.296482412060302           0.1994045135544577
-13.180904522613066           0.19940429218325753
-13.065326633165828           0.1994038866250257
-12.949748743718594           0.19940432958054916
-12.834170854271356           0.19940391665357904
-12.71859296482412            0.19940440209800434
-12.603015075376884           0.19940382775682733
-12.487437185929648           0.1994042537962686
-12.371859296482413           0.19940422691646828
-12.256281407035175           0.1994042607291762
-12.14070351758794            0.1994041360595107
-12.025125628140703           0.19940431422652777
-11.909547738693467           0.19940402691832856
-11.793969849246231           0.19940395142397013
-11.678391959798995           0.19940409773524811
-11.56281407035176            0.19940407458892373
-11.447236180904522           0.19940422110057865
-11.331658291457286           0.1994041146794077
-11.21608040201005            0.19940406266258393
-11.100502512562814           0.19940443087679252
-10.984924623115578           0.19940408982378907
-10.869346733668342           0.19940398752741265
-10.753768844221106           0.19940362502361764
-10.638190954773869           0.19940402091860016
-10.522613065326633           0.1994039649556868
-10.407035175879397           0.19940400228516328
-10.291457286432161           0.19940420303278278
-10.175879396984925           0.19940395869069014
-10.06030150753769            0.19940386554676154
-9.944723618090451            0.19940392519907593
-9.829145728643216            0.19940393406722468
-9.71356783919598             0.19940402279560118
-9.597989949748744            0.19940388624438085
-9.482412060301508            0.19940389180462556
-9.366834170854272            0.19940388935399925
-9.251256281407034            0.19940387188790082
-9.135678391959798            0.1994038682943283
-9.020100502512562            0.19940391451145556
-8.904522613065327            0.19940375263824256
-8.78894472361809             0.199403611885649
-8.673366834170855            0.19940443336436456
-8.557788944723619            0.1994037921110954
-8.442211055276381            0.19940438872665614
-8.326633165829145            0.1994036181181465
-8.21105527638191             0.19940381785841002
-8.095477386934673            0.19940374364107885
-7.9798994974874375           0.19940375742220148
-7.864321608040202            0.19940373615592666
-7.748743718592964            0.19940371154128686
-7.633165829145728            0.1994037366945652
-7.517587939698492            0.19940365034623014
-7.402010050251256            0.19940378226956473
-7.28643216080402             0.19940373128415495
-7.170854271356784            0.19940369456724585
-7.055276381909547            0.19940351741184473
-6.939698492462311            0.19940366257801292
-6.824120603015075            0.19940367754459276
-6.708542713567839            0.19940366590276787
-6.592964824120603            0.19940362646507756
-6.477386934673367            0.19940354276440977
-6.361809045226131            0.19940361621418387
-6.246231155778894            0.19940354941019126
-6.130653266331658            0.19940362457883312
-6.015075376884422            0.19940362370575543
-5.899497487437186            0.1994036477227858
-5.78391959798995             0.19940359911799388
-5.668341708542714            0.19940359690670492
-5.5527638190954764           0.19940353268888758
-5.4371859296482405           0.19940343486380172
-5.321608040201005            0.199403545025195
-5.206030150753769            0.19940353390012164
-5.090452261306533            0.1994035333469584
-4.974874371859297            0.19940360827092446
-4.859296482412061            0.19940368953453072
-4.743718592964823            0.19940353775451553
-4.628140703517587            0.19940358401779298
-4.5125628140703515           0.1994034951875072
-4.396984924623116            0.1994035021730534
-4.28140703517588             0.19940350917147553
-4.165829145728644            0.19940349334985083
-4.050251256281406            0.19940349616735453
-3.934673366834172            0.19940349176418556
-3.8190954773869343           0.1994034922257897
-3.7035175879396967           0.19940346343831508
-3.5879396984924625           0.1994034590031603
-3.472361809045225            0.1994034476029908
-3.3567839195979907           0.19940345440035429
-3.241206030150753            0.19940342674728861
-3.125628140703519            0.19940341324808886
-3.0100502512562812           0.199403402648218
-2.8944723618090435           0.19940334966761764
-2.7788944723618094           0.19940325198351957
-2.6633165829145717           0.19940320071150955
-2.5477386934673376           0.19940308278035873
-2.4321608040201              0.19940281875409477
-2.316582914572866            0.1994023496916836
-2.201005025125628            0.19940151426864067
-2.0854271356783904           0.19940000446230613
-1.9698492462311563           0.1993972754786255
-1.8542713567839186           0.19939238569927425
-1.7386934673366845           0.19938368004367032
-1.6231155778894468           0.19936799293985127
-1.5075376884422127           0.19933997815752905
-1.391959798994975            0.1992897424826791
-1.2763819095477373           0.19919990749839184
-1.1608040201005032           0.19903963235586983
-1.0452261306532655           0.19875442490294346
-0.9296482412060314           0.19824885870239856
-0.8140703517587937           0.19735710709942736
-0.698492462311556            0.1957942781000363
-0.5829145728643219           0.19307888151780006
-0.46733668341708423          0.18841105039595332
-0.3517587939698501           0.1804927316898929
-0.23618090452261245          0.16727292025928114
-0.12060301507537828          0.14560787345459708
-0.005025125628140596         0.11083391352274079
0.11055276381909708           0.05625842817606031
0.22613065326633117           -0.027427428888437806
0.34170854271356893           -0.1528265358354406
0.457286432160803             -0.3366484570711173
0.5728643216080407            -0.6007352187076905
0.6884422110552748            -0.9734074983378751
0.8040201005025125            -1.4912564141770737
0.9195979899497502            -2.201518902669221
1.0351758793969843            -3.1652067943239106
1.150753768844222             -4.461247825342702
1.266331658291456             -6.192074576990358
1.3819095477386938            -8.491184591042755
1.4974874371859315            -11.532987227298452
1.6130653266331656            -15.545254919488697
1.7286432160804033            -20.82511820853347
1.8442211055276374            -27.760053466217766
1.959798994974875             -36.85543739484106
2.075376884422109             -48.77055156525378
2.190954773869347             -64.3655567836854
2.3065326633165846            -84.76277697927966
2.4221105527638187            -111.42665910662649
2.5376884422110564            -146.26810611213753
2.6532663316582905            -191.78061593164384
2.768844221105528             -252.96644393384904
