-20.0                         0.08507173653524633
-19.884422110552762           0.08507216840348726
-19.768844221105528           0.08507169027501742
-19.65326633165829            0.08507112126095265
-19.537688442211056           0.08507166673304223
-19.42211055276382            0.08507174688265821
-19.306532663316585           0.0850717007422058
-19.190954773869347           0.08507165568646718
-19.07537688442211            0.0850716338294509
-18.959798994974875           0.08507158443608581
-18.844221105527637           0.0850718191906291
-18.728643216080403           0.08507157321290232
-18.613065326633166           0.0850714457388489
-18.49748743718593            0.08507150943992627
-18.381909547738694           0.08507204327383402
-18.266331658291456           0.0850714156378635
-18.150753768844222           0.08507148030531757
-18.035175879396984           0.08507103416193708
-17.91959798994975            0.08507139318379967
-17.804020100502512           0.0850714172242541
-17.688442211055275           0.08507147099022125
-17.57286432160804            0.08507140653424776
-17.457286432160803           0.08507120822331467
-17.34170854271357            0.08507134358642689
-17.22613065326633            0.08507144223288182
-17.110552763819094           0.08507119470122786
-16.99497487437186            0.0850712545007718
-16.87939698492462            0.08507136688326425
-16.763819095477388           0.08507127398915085
-16.64824120603015            0.08507128003086378
-16.532663316582916           0.08507117088250091
-16.417085427135678           0.08507122891958444
-16.301507537688444           0.0850712104079727
-16.185929648241206           0.08507114090023836
-16.07035175879397            0.08507117962130664
-15.954773869346734           0.08507085991609463
-15.839195979899497           0.08507107585219027
-15.72361809045226            0.0850710711073023
-15.608040201005025           0.0850709354355933
-15.492462311557789           0.08507099264161484
-15.376884422110553           0.08507086760971612
-15.261306532663315           0.08507103571030672
-15.145728643216081           0.08507096357671558
-15.030150753768844           0.08507111739405211
-14.914572864321608           0.08507085256900745
-14.798994974874372           0.08507071777685106
-14.683417085427136           0.08507091493642402
-14.5678391959799             0.08507094091043274
-14.452261306532662           0.08507091131835491
-14.336683417085428           0.0850708436634778
-14.22110552763819            0.085070739623963
-14.105527638190955           0.08507085522240976
-13.989949748743719           0.08507040736227998
-13.874371859296481           0.08507074886072206
-13.758793969849247           0.08507127661862468
-13.64321608040201            0.08507080068624534
-13.527638190954773           0.08507076606718904
-13.412060301507537           0.08507077168354957
-13.296482412060302           0.08507095130782104
-13.180904522613066           0.0850707334733234
-13.065326633165828           0.08507044593392928
-12.949748743718594           0.0850707625785688
-12.834170854271356           0.08507044017336254
-12.71859296482412            0.08507079922297041
-12.603015075376884           0.08507041177669258
-12.487437185929648           0.08507067765176399
-12.371859296482413           0.08507067115232125
-12.256281407035175           0.08507067962778585
-12.14070351758794            0.085070591304328
-12.025125628140703           0.08507076436896575
-11.909547738693467           0.08507050981973524
-11.793969849246231           0.08507050072129768
-11.678391959798995           0.08507055479195094
-11.56281407035176            0.08507053764719093
-11.447236180904522           0.08507061051477513
-11.331658291457286           0.0850705495552323
-11.21608040201005            0.08507051662966643
-11.100502512562814           0.08507081570782002
-10.984924623115578           0.08507051843548338
-10.869346733668342           0.0850704483818056
-10.753768844221106           0.08507020157762009
-10.638190954773869           0.08507045850017507
-10.522613065326633           0.08507044053289126
-10.407035175879397           0.08507042992505714
-10.291457286432161           0.0850704939099019
-10.175879396984925           0.08507040624329813
-10.06030150753769            0.08507034049200274
-9.944723618090451            0.08507037602840216
-9.829145728643216            0.08507043845383068
-9.71356783919598             0.08507037043981197
-9.597989949748744            0.08507033722375763
-9.482412060301508            0.08507034522312591
-9.366834170854272            0.08507032009981781
-9.251256281407034            0.08507031580192496
-9.135678391959798            0.0850703142629003
-9.020100502512562            0.08507031195265961
-8.904522613065327            0.08507028391197043
-8.78894472361809             0.08507014824454182
-8.673366834170855            0.08507069834798198
-8.557788944723619            0.08507022890585623
-8.442211055276381            0.08507066078583778
-8.326633165829145            0.08507014338775165
-8.21105527638191             0.08507029205177286
-8.095477386934673            0.08507018962013885
-7.9798994974874375           0.08507020027888985
-7.864321608040202            0.08507018710595683
-7.748743718592964            0.08507017321606537
-7.633165829145728            0.08507017384318824
-7.517587939698492            0.08507014765282182
-7.402010050251256            0.08507016205351488
-7.28643216080402             0.08507016662453776
-7.170854271356784            0.08507014368080354
-7.055276381909547            0.08507003115955034
-6.939698492462311            0.08507011321257106
-6.824120603015075            0.08507011692635304
-6.708542713567839            0.08507014419849195
-6.592964824120603            0.08507007293048147
-6.477386934673367            0.08506999896537282
-6.361809045226131            0.08507006676129264
-6.246231155778894            0.0850700081222353
-6.130653266331658            0.08507006404171055
-6.015075376884422            0.08507005966022298
-5.899497487437186            0.08507006272326616
-5.78391959798995             0.08507004426297907
-5.668341708542714            0.08507004103508685
-5.5527638190954764           0.08507001080227514
-5.4371859296482405           0.0850699281934885
-5.321608040201005            0.08507001263819958
-5.206030150753769            0.08506999099603711
-5.090452261306533            0.0850699764263054
-4.974874371859297            0.085070034102623
-4.859296482412061            0.08507007918544467
-4.743718592964823            0.08506996660497769
-4.628140703517587            0.08506999328066357
-4.5125628140703515           0.08506992666132718
-4.396984924623116            0.08506990947043495
-4.28140703517588             0.08506989119244163
-4.165829145728644            0.08506985063541048
-4.050251256281406            0.08506982280676226
-3.934673366834172            0.08506973022733814
-3.8190954773869343           0.08506962438778974
-3.7035175879396967           0.08506945330915683
-3.5879396984924625           0.08506921514969339
-3.472361809045225            0.08506885418753415
-3.3567839195979907           0.085068326729456
-3.241206030150753            0.08506751418422072
-3.125628140703519            0.08506629217554898
-3.0100502512562812           0.08506446422054023
-2.8944723618090435           0.08506167195336434
-2.7788944723618094           0.08505747388841114
-2.6633165829145717           0.08505119434713447
-2.5477386934673376           0.08504171527979737
-2.4321608040201              0.08502736599285493
-2.316582914572866            0.08500570736508657
-2.201005025125628            0.08497301816560765
-2.0854271356783904           0.08492367779462774
-1.9698492462311563           0.08484920688175922
-1.8542713567839186           0.08473685370574251
-1.7386934673366845           0.08456742408651267
-1.6231155778894468           0.0843119234112617
-1.5075376884422127           0.08392698479442763
-1.391959798994975            0.08334731381248271
-1.2763819095477373           0.08247530987814601
-1.1608040201005032           0.0811653129623745
-1.0452261306532655           0.07920070183483968
-0.9296482412060314           0.07626102386162674
-0.8140703517587937           0.07187497468426744
-0.698492462311556            0.06535447132276813
-0.5829145728643219           0.05570432762391673
-0.46733668341708423          0.04149938173558359
-0.3517587939698501           0.02072300015688503
-0.23618090452261245          -0.009442340891831514
-0.12060301507537828          -0.05288107309372706
-0.005025125628140596         -0.11487849505574914
0.11055276381909708           -0.20253764230206364
0.22613065326633117           -0.32530217508405335
0.34170854271356893           -0.4956181467858693
0.457286432160803             -0.7297831144637966
0.5728643216080407            -1.0490462930824795
0.6884422110552748            -1.4810424808782099
0.8040201005025125            -2.0616623964442695
0.9195979899497502            -2.837486014891248
1.0351758793969843            -3.868950160029742
1.150753768844222             -5.234516214783708
1.266331658291456             -7.0362678352779
1.3819095477386938            -9.407439498452817
1.4974874371859315            -12.52221035379885
1.6130653266331656            -16.608138990901875
1.7286432160804033            -21.962176754210965
1.8442211055276374            -28.971665204765117
1.959798994974875             -38.14188345136719
2.075376884422109             -50.13204215516545
2.190954773869347             -65.80225001224252
2.3065326633165846            -86.27479228728485
2.4221105527638187            -113.01408703205628
2.5376884422110564            -147.93101546197903
2.6532663316582905            -193.51905909995682
2.768844221105528             -254.78003689867316
