-20.0                         0.13927420951392816
-19.884422110552762           0.13927474464804823
-19.768844221105528           0.13927415713746638
-19.65326633165829            0.13927347798183837
-19.537688442211056           0.13927412872823045
-19.42211055276382            0.13927420831235474
-19.306532663316585           0.13927421105478985
-19.190954773869347           0.1392739747320198
-19.07537688442211            0.13927413334126362
-18.959798994974875           0.13927404390500478
-18.844221105527637           0.13927449441874012
-18.728643216080403           0.13927406176145019
-18.613065326633166           0.1392739203608801
-18.49748743718593            0.13927397989243923
-18.381909547738694           0.139274805843992
-18.266331658291456           0.1392738667939248
-18.150753768844222           0.13927394509669538
-18.035175879396984           0.13927347267956772
-17.91959798994975            0.13927386131830283
-17.804020100502512           0.13927393082064554
-17.688442211055275           0.1392740142820258
-17.57286432160804            0.13927385765692257
-17.457286432160803           0.13927365056992222
-17.34170854271357            0.13927383604464094
-17.22613065326633            0.13927398008468325
-17.110552763819094           0.139273624814713
-16.99497487437186            0.13927373256514428
-16.87939698492462            0.13927386794485683
-16.763819095477388           0.1392737927608304
-16.64824120603015            0.13927377130311708
-16.532663316582916           0.13927359900515493
-16.417085427135678           0.13927368329389073
-16.301507537688444           0.13927362621085987
-16.185929648241206           0.1392736149168961
-16.07035175879397            0.13927366784890613
-15.954773869346734           0.13927319923323975
-15.839195979899497           0.13927353333653608
-15.72361809045226            0.13927353616811758
-15.608040201005025           0.1392734283515136
-15.492462311557789           0.1392734556705388
-15.376884422110553           0.13927326192298553
-15.261306532663315           0.13927351950298103
-15.145728643216081           0.1392734262528883
-15.030150753768844           0.1392737193061474
-14.914572864321608           0.13927329640418043
-14.798994974874372           0.13927305005896856
-14.683417085427136           0.13927338796859753
-14.5678391959799             0.13927340536242128
-14.452261306532662           0.13927337279859392
-14.336683417085428           0.139273303286874
-14.22110552763819            0.13927320096484413
-14.105527638190955           0.1392733082974873
-13.989949748743719           0.13927277243802194
-13.874371859296481           0.13927319136346064
-13.758793969849247           0.13927382171345265
-13.64321608040201            0.13927326003593202
-13.527638190954773           0.13927314037776442
-13.412060301507537           0.13927323465283942
-13.296482412060302           0.13927344027745384
-13.180904522613066           0.13927320554761385
-13.065326633165828           0.13927284304097892
-12.949748743718594           0.13927324423061294
-12.834170854271356           0.13927286305472833
-12.71859296482412            0.13927330176926342
-12.603015075376884           0.13927279598304382
-12.487437185929648           0.13927316191203856
-12.371859296482413           0.13927314728837553
-12.256281407035175           0.13927316612584825
-12.14070351758794            0.13927305701254947
-12.025125628140703           0.13927324422448265
-11.909547738693467           0.1392729588314918
-11.793969849246231           0.1392729111009884
-11.678391959798995           0.13927301950197157
-11.56281407035176            0.13927299880086483
-11.447236180904522           0.13927311468617995
-11.331658291457286           0.13927302839953365
-11.21608040201005            0.13927298394187232
-11.100502512562814           0.13927333182408497
-10.984924623115578           0.13927300094885625
-10.869346733668342           0.1392729108422842
-10.753768844221106           0.1392725943709808
-10.638190954773869           0.13927293420591652
-10.522613065326633           0.13927289561518835
-10.407035175879397           0.1392729099731752
-10.291457286432161           0.1392730518361745
-10.175879396984925           0.13927287712313965
-10.06030150753769            0.13927279448803392
-9.944723618090451            0.1392728445541498
-9.829145728643216            0.13927288252582884
-9.71356783919598             0.13927289380428723
-9.597989949748744            0.13927280519372892
-9.482412060301508            0.13927281290883434
-9.366834170854272            0.1392727987775657
-9.251256281407034            0.13927278837431817
-9.135678391959798            0.13927278687409891
-9.020100502512562            0.13927281002656364
-8.904522613065327            0.1392727090549262
-8.78894472361809             0.13927256609455863
-8.673366834170855            0.1392732788728695
-8.557788944723619            0.13927270488330618
-8.442211055276381            0.1392732370427108
-8.326633165829145            0.13927256814235012
-8.21105527638191             0.1392727527371181
-8.095477386934673            0.1392726580105692
-7.9798994974874375           0.13927267296135779
-7.864321608040202            0.1392726554330668
-7.748743718592964            0.1392726354787558
-7.633165829145728            0.13927264986035365
-7.517587939698492            0.1392725907682144
-7.402010050251256            0.13927266841997102
-7.28643216080402             0.13927264460742078
-7.170854271356784            0.13927261372013502
-7.055276381909547            0.13927246097931317
-6.939698492462311            0.13927258172977633
-6.824120603015075            0.13927259231563022
-6.708542713567839            0.1392725983762739
-6.592964824120603            0.1392725431686323
-6.477386934673367            0.13927246111943234
-6.361809045226131            0.1392725346922979
-6.246231155778894            0.13927247120900327
-6.130653266331658            0.13927253934413317
-6.015075376884422            0.13927253664410205
-5.899497487437186            0.1392725517543042
-5.78391959798995             0.13927251697428258
-5.668341708542714            0.1392725140249114
-5.5527638190954764           0.13927246500264068
-5.4371859296482405           0.1392723716378936
-5.321608040201005            0.13927247418292804
-5.206030150753769            0.13927245734885865
-5.090452261306533            0.13927244929199792
-4.974874371859297            0.13927252229558137
-4.859296482412061            0.13927258905573606
-4.743718592964823            0.13927245266566368
-4.628140703517587            0.13927249331602365
-4.5125628140703515           0.1392724173545723
-4.396984924623116            0.13927241906784385
-4.28140703517588             0.13927242333846862
-4.165829145728644            0.13927240919351555
-4.050251256281406            0.13927241902982893
-3.934673366834172            0.1392724022864584
-3.8190954773869343           0.13927239845685108
-3.7035175879396967           0.13927237049619753
-3.5879396984924625           0.13927235845621705
-3.472361809045225            0.1392723361243045
-3.3567839195979907           0.13927232190603106
-3.241206030150753            0.13927226923401928
-3.125628140703519            0.13927220169907067
-3.0100502512562812           0.139272104454601
-2.8944723618090435           0.13927190675248022
-2.7788944723618094           0.1392715843789721
-2.6633165829145717           0.13927113715088485
-2.5477386934673376           0.13927037585164415
-2.4321608040201              0.13926905123270406
-2.316582914572866            0.13926683441717227
-2.201005025125628            0.1392631235685491
-2.0854271356783904           0.1392568972508079
-1.9698492462311563           0.1392464456532177
-1.8542713567839186           0.13922894021591908
-1.7386934673366845           0.1391996741109687
-1.6231155778894468           0.13915061609972781
-1.5075376884422127           0.1390686391363871
-1.391959798994975            0.13893158062342434
-1.2763819095477373           0.13870282654142885
-1.1608040201005032           0.13832179546114134
-1.0452261306532655           0.13768867918059302
-0.9296482412060314           0.13664028963973798
-0.8140703517587937           0.13491187062531237
-0.698492462311556            0.13207839736043145
-0.5829145728643219           0.12746720146733487
-0.46733668341708423          0.12002989670380144
-0.3517587939698501           0.10816425085722321
-0.23618090452261245          0.08947442246469459
-0.12060301507537828          0.060462567140532476
-0.005025125628140596         0.016147083058148062
0.11055276381909708           -0.05039660245804811
0.22613065326633117           -0.1485841624889972
0.34170854271356893           -0.2909849375001152
0.457286432160803             -0.49414782654806033
0.5728643216080407            -0.7796621298022206
0.6884422110552748            -1.1755473724378183
0.8040201005025125            -1.718084613207346
0.9195979899497502            -2.454220531346152
1.0351758793969843            -3.4447145474934553
1.150753768844222             -4.768291152204531
1.266331658291456             -6.52723203563916
1.3819095477386938            -8.854922468168914
1.4974874371859315            -11.925675234800403
1.6130653266331656            -15.967174140161514
1.7286432160804033            -21.27647604045825
1.8442211055276374            -28.241002252142252
1.959798994974875             -37.366089865886075
2.075376884422109             -49.31099181612367
2.190954773869347             -64.93584794748705
2.3065326633165846            -85.36296668352374
2.4221105527638187            -112.05678341524599
2.5376884422110564            -146.92819241064595
2.6532663316582905            -192.47068506013272
2.768844221105528             -253.68634343133647
