-20.0                         0.0788035075231958
-19.884422110552762           0.07880389986993998
-19.768844221105528           0.07880346300718183
-19.65326633165829            0.07880293622635928
-19.537688442211056           0.07880343988540037
-19.42211055276382            0.07880351552205944
-19.306532663316585           0.07880345958912621
-19.190954773869347           0.07880346425622549
-19.07537688442211            0.07880339559684346
-18.959798994974875           0.07880335755977949
-18.844221105527637           0.07880352516753204
-18.728643216080403           0.0788033371873712
-18.613065326633166           0.07880321802663223
-18.49748743718593            0.07880328028406595
-18.381909547738694           0.078803715654878
-18.266331658291456           0.07880319287856363
-18.150753768844222           0.0788032508606212
-18.035175879396984           0.07880282766354459
-17.91959798994975            0.07880316519064591
-17.804020100502512           0.07880317644068228
-17.688442211055275           0.07880321759129492
-17.57286432160804            0.07880317751480219
-17.457286432160803           0.07880298942401119
-17.34170854271357            0.07880310707682438
-17.22613065326633            0.07880318732686777
-17.110552763819094           0.07880297973559852
-16.99497487437186            0.0788030248550124
-16.87939698492462            0.07880312125307035
-16.763819095477388           0.07880303027612388
-16.64824120603015            0.07880304080220624
-16.532663316582916           0.07880295325083753
-16.417085427135678           0.07880300298955942
-16.301507537688444           0.07880298999441526
-16.185929648241206           0.07880291027476467
-16.07035175879397            0.07880294470488679
-15.954773869346734           0.07880267505167426
-15.839195979899497           0.07880285060546055
-15.72361809045226            0.07880284326359958
-15.608040201005025           0.07880270912982495
-15.492462311557789           0.07880276624177268
-15.376884422110553           0.07880266684138111
-15.261306532663315           0.07880280191195208
-15.145728643216081           0.07880273749631908
-15.030150753768844           0.07880284801507774
-14.914572864321608           0.07880263299840883
-14.798994974874372           0.07880253525946218
-14.683417085427136           0.07880268543600452
-14.5678391959799             0.0788027114165097
-14.452261306532662           0.07880268314496135
-14.336683417085428           0.07880261808071659
-14.22110552763819            0.07880252122824684
-14.105527638190955           0.07880263003131574
-13.989949748743719           0.07880221726514665
-13.874371859296481           0.07880252917496385
-13.758793969849247           0.07880301132556285
-13.64321608040201            0.0788025733714581
-13.527638190954773           0.07880256281289486
-13.412060301507537           0.0788025437180342
-13.296482412060302           0.07880270644980708
-13.180904522613066           0.0788025043356542
-13.065326633165828           0.07880224680929779
-12.949748743718594           0.07880252739673693
-12.834170854271356           0.0788022294393935
-12.71859296482412            0.07880255684990053
-12.603015075376884           0.07880221560089402
-12.487437185929648           0.07880244364896778
-12.371859296482413           0.07880243773704576
-12.256281407035175           0.07880244481740123
-12.14070351758794            0.07880236348037482
-12.025125628140703           0.07880252373728944
-11.909547738693467           0.07880228808223422
-11.793969849246231           0.07880229020971039
-11.678391959798995           0.07880232704574357
-11.56281407035176            0.07880231116386345
-11.447236180904522           0.07880236959913449
-11.331658291457286           0.07880231649774871
-11.21608040201005            0.07880228751102507
-11.100502512562814           0.07880256331833117
-10.984924623115578           0.07880228419090977
-10.869346733668342           0.07880222159873887
-10.753768844221106           0.07880200015186979
-10.638190954773869           0.07880222727938785
-10.522613065326633           0.07880221498759005
-10.407035175879397           0.07880219835616978
-10.291457286432161           0.07880223821738302
-10.175879396984925           0.07880217621419111
-10.06030150753769            0.07880211675926163
-9.944723618090451            0.07880214699172958
-9.829145728643216            0.07880221211855178
-9.71356783919598             0.07880212759263634
-9.597989949748744            0.0788021086245008
-9.482412060301508            0.07880211581889682
-9.366834170854272            0.0788020888603135
-9.251256281407034            0.0788020854319319
-9.135678391959798            0.07880208320916625
-9.020100502512562            0.07880207478536934
-8.904522613065327            0.07880206604874256
-8.78894472361809             0.07880193688167213
-8.673366834170855            0.07880242824321848
-8.557788944723619            0.07880199801700978
-8.442211055276381            0.07880239224999148
-8.326633165829145            0.07880192928565283
-8.21105527638191             0.07880206119020741
-8.095477386934673            0.0788019622144693
-7.9798994974874375           0.07880197014296296
-7.864321608040202            0.07880195815250102
-7.748743718592964            0.07880194620068086
-7.633165829145728            0.0788019426447329
-7.517587939698492            0.07880192533819676
-7.402010050251256            0.07880192340009676
-7.28643216080402             0.07880193411052351
-7.170854271356784            0.07880191369664628
-7.055276381909547            0.07880181628036576
-6.939698492462311            0.0788018841731437
-6.824120603015075            0.07880188547913647
-6.708542713567839            0.07880191824420728
-6.592964824120603            0.07880184384236746
-6.477386934673367            0.07880177438130875
-6.361809045226131            0.07880183804780906
-6.246231155778894            0.07880178129832549
-6.130653266331658            0.07880183220830436
-6.015075376884422            0.07880182726400053
-5.899497487437186            0.07880182636500616
-5.78391959798995             0.07880181161239082
-5.668341708542714            0.07880180764374634
-5.5527638190954764           0.07880178164662983
-5.4371859296482405           0.07880170295229744
-5.321608040201005            0.07880177667603176
-5.206030150753769            0.07880175127132573
-5.090452261306533            0.0788017311203797
-4.974874371859297            0.07880177407103083
-4.859296482412061            0.0788018022319671
-4.743718592964823            0.0788016854812533
-4.628140703517587            0.07880168705617038
-4.5125628140703515           0.07880159473675186
-4.396984924623116            0.0788015306466868
-4.28140703517588             0.0788014461557206
-4.165829145728644            0.07880131280815206
-4.050251256281406            0.07880115122079519
-3.934673366834172            0.07880086476934964
-3.8190954773869343           0.07880048249103064
-3.7035175879396967           0.07879991896118828
-3.5879396984924625           0.07879911623027792
-3.472361809045225            0.0787979488214821
-3.3567839195979907           0.07879626842889606
-3.241206030150753            0.0787938145435362
-3.125628140703519            0.07879025089954836
-3.0100502512562812           0.07878509055333871
-2.8944723618090435           0.07877756344724282
-2.7788944723618094           0.07876664742019596
-2.6633165829145717           0.07875083904858443
-2.5477386934673376           0.0787278788603797
-2.4321608040201              0.07869449193795437
-2.316582914572866            0.07864599878110684
-2.201005025125628            0.07857556805808572
-2.0854271356783904           0.07847327732453015
-1.9698492462311563           0.07832472232537194
-1.8542713567839186           0.07810903289997072
-1.7386934673366845           0.07779595693172967
-1.6231155778894468           0.07734157112037858
-1.5075376884422127           0.07668248387322425
-1.391959798994975            0.07572685916658849
-1.2763819095477373           0.07434230730601309
-1.1608040201005032           0.07233824483898475
-1.0452261306532655           0.06944106244022899
-0.9296482412060314           0.0652595365722488
-0.8140703517587937           0.059236747571294976
-0.698492462311556            0.05058428894988683
-0.5829145728643219           0.0381939088776373
-0.46733668341708423          0.02051911498858291
-0.3517587939698501           -0.00457914965512246
-0.23618090452261245          -0.04003226544804295
-0.12060301507537828          -0.08981893364835547
-0.005025125628140596         -0.15928860918150425
0.11055276381909708           -0.2555705606817794
0.22613065326633117           -0.388093535905816
0.34170854271356893           -0.5692497114073342
0.457286432160803             -0.8152507976840629
0.5728643216080407            -1.1472382188101025
0.6884422110552748            -1.5927278563257987
0.8040201005025125            -2.1874900742433883
0.9195979899497502            -2.9779907609295715
1.0351758793969843            -4.024565031546168
1.150753768844222             -5.405590258154259
1.266331658291456             -7.22308604754357
1.3819095477386938            -9.610237062984904
1.4974874371859315            -12.741177122400158
1.6130653266331656            -16.84342156761629
1.7286432160804033            -22.21388487780397
1.8442211055276374            -29.2398804729111
1.959798994974875             -38.4266668244472
2.075376884422109             -50.433439440698656
2.190954773869347             -66.12029579106587
2.3065326633165846            -86.6095127577902
2.4221105527638187            -113.36550209610537
2.5376884422110564            -148.2991402696341
2.6532663316582905            -193.90390520205762
2.768844221105528             -255.18151931073345
