-20.0                         1.022409029517514
-19.884422110552762           1.0224101450233063
-19.768844221105528           1.0224088865011622
-19.65326633165829            1.0224078329668789
-19.537688442211056           1.0224089822044036
-19.42211055276382            1.0224087167308071
-19.306532663316585           1.0224090238484185
-19.190954773869347           1.0224074268203005
-19.07537688442211            1.022409161185338
-18.959798994974875           1.0224087989058825
-18.844221105527637           1.0224101075522347
-18.728643216080403           1.0224085921758796
-18.613065326633166           1.0224089965584222
-18.49748743718593            1.0224086949827969
-18.381909547738694           1.0224111687906072
-18.266331658291456           1.0224085701487193
-18.150753768844222           1.0224086446896676
-18.035175879396984           1.0224089302595571
-17.91959798994975            1.022408595891371
-17.804020100502512           1.022409122304343
-17.688442211055275           1.022408729795363
-17.57286432160804            1.0224082812409583
-17.457286432160803           1.0224083487041575
-17.34170854271357            1.0224084750201792
-17.22613065326633            1.022408486244913
-17.110552763819094           1.0224083086641484
-16.99497487437186            1.0224088025012723
-16.87939698492462            1.0224081257323663
-16.763819095477388           1.0224090453343986
-16.64824120603015            1.022408267347501
-16.532663316582916           1.0224084718290545
-16.417085427135678           1.0224083366327532
-16.301507537688444           1.0224077028624527
-16.185929648241206           1.0224083496304341
-16.07035175879397            1.0224086463087918
-15.954773869346734           1.0224071977791105
-15.839195979899497           1.0224082655035784
-15.72361809045226            1.022408406043236
-15.608040201005025           1.0224091931541106
-15.492462311557789           1.0224082642836039
-15.376884422110553           1.0224082799430776
-15.261306532663315           1.0224083483844728
-15.145728643216081           1.0224082811468311
-15.030150753768844           1.022409153561
-14.914572864321608           1.0224079917537832
-14.798994974874372           1.0224072430005064
-14.683417085427136           1.0224082802241676
-14.5678391959799             1.022408208732124
-14.452261306532662           1.022408167649835
-14.336683417085428           1.0224080673636275
-14.22110552763819            1.0224086763567162
-14.105527638190955           1.0224080175497838
-13.989949748743719           1.0224070767119984
-13.874371859296481           1.022407853936274
-13.758793969849247           1.0224085451950473
-13.64321608040201            1.0224079583007737
-13.527638190954773           1.0224072160348636
-13.412060301507537           1.0224080111378722
-13.296482412060302           1.0224077487413543
-13.180904522613066           1.0224081751798744
-13.065326633165828           1.0224076274950922
-12.949748743718594           1.022407983934506
-12.834170854271356           1.022407502297071
-12.71859296482412            1.0224081903882865
-12.603015075376884           1.0224074309333337
-12.487437185929648           1.0224080150161572
-12.371859296482413           1.022407751209554
-12.256281407035175           1.02240809631918
-12.14070351758794            1.0224078618072145
-12.025125628140703           1.0224076032128944
-11.909547738693467           1.022407669626957
-11.793969849246231           1.0224076098425767
-11.678391959798995           1.0224078471524727
-11.56281407035176            1.022407775763185
-11.447236180904522           1.0224081772984166
-11.331658291457286           1.0224078398515586
-11.21608040201005            1.022407760273188
-11.100502512562814           1.022408055626186
-10.984924623115578           1.0224078297967998
-10.869346733668342           1.0224076940360687
-10.753768844221106           1.0224069949909935
-10.638190954773869           1.0224078571072568
-10.522613065326633           1.0224075966010389
-10.407035175879397           1.0224078355325563
-10.291457286432161           1.022408589773277
-10.175879396984925           1.022407661772074
-10.06030150753769            1.0224075246438964
-9.944723618090451            1.0224076800378503
-9.829145728643216            1.022407271554778
-9.71356783919598             1.0224081826279905
-9.597989949748744            1.0224076606317423
-9.482412060301508            1.0224076192622367
-9.366834170854272            1.022407730018913
-9.251256281407034            1.0224076259971862
-9.135678391959798            1.0224075509317345
-9.020100502512562            1.022407740409701
-8.904522613065327            1.0224071431518722
-8.78894472361809             1.0224070697145857
-8.673366834170855            1.0224087022938035
-8.557788944723619            1.0224075971433224
-8.442211055276381            1.0224086371537155
-8.326633165829145            1.022407100949558
-8.21105527638191             1.0224072668007016
-8.095477386934673            1.0224076576319308
-7.9798994974874375           1.0224075247832562
-7.864321608040202            1.0224074804614594
-7.748743718592964            1.0224074002348214
-7.633165829145728            1.0224075373599215
-7.517587939698492            1.022407257022282
-7.402010050251256            1.022407806596644
-7.28643216080402             1.022407488673021
-7.170854271356784            1.0224074175810047
-7.055276381909547            1.022407144778253
-6.939698492462311            1.0224074126133857
-6.824120603015075            1.0224074296710135
-6.708542713567839            1.022407251187914
-6.592964824120603            1.0224074069487956
-6.477386934673367            1.0224073984908892
-6.361809045226131            1.022407398733356
-6.246231155778894            1.0224072796783104
-6.130653266331658            1.022407363774598
-6.015075376884422            1.022407362711474
-5.899497487437186            1.0224074249544892
-5.78391959798995             1.0224073102495417
-5.668341708542714            1.0224073376876404
-5.5527638190954764           1.0224071771179275
-5.4371859296482405           1.0224070341262004
-5.321608040201005            1.0224071639990462
-5.206030150753769            1.0224072607311927
-5.090452261306533            1.0224073711308994
-4.974874371859297            1.022407258092757
-4.859296482412061            1.0224074793058255
-4.743718592964823            1.0224072747265098
-4.628140703517587            1.0224073859405034
-4.5125628140703515           1.0224072232375425
-4.396984924623116            1.0224072316002881
-4.28140703517588             1.0224072566468894
-4.165829145728644            1.022407235980802
-4.050251256281406            1.022407122829828
-3.934673366834172            1.0224072593211035
-3.8190954773869343           1.0224072786980647
-3.7035175879396967           1.0224072128094286
-3.5879396984924625           1.022407231646526
-3.472361809045225            1.0224072168396854
-3.3567839195979907           1.022407235786589
-3.241206030150753            1.0224071871933338
-3.125628140703519            1.0224071701622637
-3.0100502512562812           1.0224071729046706
-2.8944723618090435           1.0224072217166134
-2.7788944723618094           1.0224070479138097
-2.6633165829145717           1.0224071643853279
-2.5477386934673376           1.0224071588758121
-2.4321608040201              1.0224071522344125
-2.316582914572866            1.0224071573806208
-2.201005025125628            1.0224071714705754
-2.0854271356783904           1.0224071583137873
-1.9698492462311563           1.0224071173801084
-1.8542713567839186           1.0224070555234792
-1.7386934673366845           1.022407081484787
-1.6231155778894468           1.02240703339733
-1.5075376884422127           1.0224071098336105
-1.391959798994975            1.0224070655099868
-1.2763819095477373           1.022407042537795
-1.1608040201005032           1.0224069320778562
-1.0452261306532655           1.0224065571235597
-0.9296482412060314           1.0224054810289387
-0.8140703517587937           1.0224024906366416
-0.698492462311556            1.0223933854317118
-0.5829145728643219           1.022367733479628
-0.46733668341708423          1.022295445574017
-0.3517587939698501           1.0220957024444124
-0.23618090452261245          1.0215577063358934
-0.12060301507537828          1.0201560736254702
-0.005025125628140596         1.0166570195363105
0.11055276381909708           1.0083718893629845
0.22613065326633117           0.9899485577079853
0.34170854271356893           0.951770712347166
0.457286432160803             0.8782993801541809
0.5728643216080407            0.7467555025492058
0.6884422110552748            0.5261980797139071
0.8040201005025125            0.17656725742650942
0.9195979899497502            -0.3529029037654142
1.0351758793969843            -1.126318198575779
1.150753768844222             -2.225043340916177
1.266331658291456             -3.753256453362925
1.3819095477386938            -5.845669576454979
1.4974874371859315            -8.677644859583324
1.6130653266331656            -12.47777284391065
1.7286432160804033            -17.54383539889907
1.8442211055276374            -24.263777383054894
1.959798994974875             -33.143301124055206
2.075376884422109             -44.841917051091826
2.190954773869347             -60.21994986562688
2.3065326633165846            -80.39984270550204
2.4221105527638187            -106.8461302808191
2.5376884422110564            -141.46978074356102
2.6532663316582905            -186.76434083235986
2.768844221105528             -247.7333283559596
