-20.0                         0.7777332304296185
-19.884422110552762           0.7777341945032741
-19.768844221105528           0.7777331113596854
-19.65326633165829            0.777732084528241
-19.537688442211056           0.7777331162158183
-19.42211055276382            0.77773297468057
-19.306532663316585           0.7777332835839539
-19.190954773869347           0.7777318984208212
-19.07537688442211            0.7777332961927108
-18.959798994974875           0.7777329783469317
-18.844221105527637           0.7777342487432504
-18.728643216080403           0.7777329049317334
-18.613065326633166           0.7777330847897291
-18.49748743718593            0.7777329234649358
-18.381909547738694           0.7777350824004796
-18.266331658291456           0.7777327682026028
-18.150753768844222           0.7777328488712618
-18.035175879396984           0.7777328615943737
-17.91959798994975            0.7777328162237943
-17.804020100502512           0.7777332243622997
-17.688442211055275           0.7777330461822047
-17.57286432160804            0.7777325220552544
-17.457286432160803           0.7777325425644537
-17.34170854271357            0.7777327570934515
-17.22613065326633            0.777732849684326
-17.110552763819094           0.7777324931648101
-16.99497487437186            0.7777329195636016
-16.87939698492462            0.777732515379359
-16.763819095477388           0.7777331143554067
-16.64824120603015            0.7777325690546288
-16.532663316582916           0.777732538928834
-16.417085427135678           0.7777325499537521
-16.301507537688444           0.7777320330581583
-16.185929648241206           0.7777325584320225
-16.07035175879397            0.7777327905530604
-15.954773869346734           0.7777315496677154
-15.839195979899497           0.7777324584136224
-15.72361809045226            0.7777325417139851
-15.608040201005025           0.7777330874892995
-15.492462311557789           0.7777324353669737
-15.376884422110553           0.7777322958968008
-15.261306532663315           0.777732535808158
-15.145728643216081           0.7777324359557269
-15.030150753768844           0.7777332747953554
-14.914572864321608           0.7777321874048929
-14.798994974874372           0.7777315073056711
-14.683417085427136           0.7777324322891797
-14.5678391959799             0.7777323563256633
-14.452261306532662           0.7777323156467917
-14.336683417085428           0.7777322503037869
-14.22110552763819            0.777732628626813
-14.105527638190955           0.7777322021364307
-13.989949748743719           0.7777313493531917
-13.874371859296481           0.7777320589741652
-13.758793969849247           0.7777327903544843
-13.64321608040201            0.7777321538751769
-13.527638190954773           0.7777315414930391
-13.412060301507537           0.7777321837279413
-13.296482412060302           0.7777320925310999
-13.180904522613066           0.7777322980073815
-13.065326633165828           0.7777317530471358
-12.949748743718594           0.7777321908205254
-12.834170854271356           0.7777317032047598
-12.71859296482412            0.7777323629924631
-12.603015075376884           0.777731595729186
-12.487437185929648           0.7777321942819804
-12.371859296482413           0.7777319962904337
-12.256281407035175           0.7777322546807567
-12.14070351758794            0.7777320337456487
-12.025125628140703           0.777731923355881
-11.909547738693467           0.7777318634367071
-11.793969849246231           0.7777317449181014
-11.678391959798995           0.7777320070413726
-11.56281407035176            0.7777319551087366
-11.447236180904522           0.7777322918404793
-11.331658291457286           0.7777320214058707
-11.21608040201005            0.7777319428449305
-11.100502512562814           0.7777322830362295
-10.984924623115578           0.7777320088556658
-10.869346733668342           0.7777318711512691
-10.753768844221106           0.7777312533029245
-10.638190954773869           0.7777319947381055
-10.522613065326633           0.7777317928672175
-10.407035175879397           0.7777319964669261
-10.291457286432161           0.7777325981389761
-10.175879396984925           0.77773184723931
-10.06030150753769            0.7777317152388105
-9.944723618090451            0.777731838820327
-9.829145728643216            0.7777315528866172
-9.71356783919598             0.7777322655127495
-9.597989949748744            0.7777318155394972
-9.482412060301508            0.7777317880868411
-9.366834170854272            0.7777318761764372
-9.251256281407034            0.7777317923338343
-9.135678391959798            0.7777317392338232
-9.020100502512562            0.777731921189941
-8.904522613065327            0.7777313977304543
-8.78894472361809             0.7777313099679382
-8.673366834170855            0.7777327471481359
-8.557788944723619            0.7777317493018459
-8.442211055276381            0.7777326869132312
-8.326633165829145            0.7777313359258758
-8.21105527638191             0.7777315232057758
-8.095477386934673            0.7777317696019792
-7.9798994974874375           0.7777316920425631
-7.864321608040202            0.7777316482130706
-7.748743718592964            0.7777315846443282
-7.633165829145728            0.7777316909734794
-7.517587939698492            0.7777314423367904
-7.402010050251256            0.7777319179281548
-7.28643216080402             0.7777316591514476
-7.170854271356784            0.7777315928816774
-7.055276381909547            0.7777313290409994
-6.939698492462311            0.7777315771516418
-6.824120603015075            0.7777316001169192
-6.708542713567839            0.7777314645356214
-6.592964824120603            0.7777315639475829
-6.477386934673367            0.7777315242641494
-6.361809045226131            0.7777315519761813
-6.246231155778894            0.777731450884571
-6.130653266331658            0.7777315407321508
-6.015075376884422            0.7777315463981119
-5.899497487437186            0.777731606983285
-5.78391959798995             0.7777314917510871
-5.668341708542714            0.777731508846739
-5.5527638190954764           0.777731361091799
-5.4371859296482405           0.7777312392060448
-5.321608040201005            0.7777313617467004
-5.206030150753769            0.7777314239772785
-5.090452261306533            0.7777315081571599
-4.974874371859297            0.7777314667329507
-4.859296482412061            0.7777316515963618
-4.743718592964823            0.7777314523546293
-4.628140703517587            0.777731542504462
-4.5125628140703515           0.7777313883100443
-4.396984924623116            0.7777314077187665
-4.28140703517588             0.7777314295989514
-4.165829145728644            0.7777314059041872
-4.050251256281406            0.7777313267154974
-3.934673366834172            0.7777314253937304
-3.8190954773869343           0.7777314392724357
-3.7035175879396967           0.7777313821142261
-3.5879396984924625           0.7777313930253017
-3.472361809045225            0.7777313797752551
-3.3567839195979907           0.7777314003562426
-3.241206030150753            0.7777313473439421
-3.125628140703519            0.7777313415676025
-3.0100502512562812           0.7777313459320937
-2.8944723618090435           0.7777313677248489
-2.7788944723618094           0.7777312292808329
-2.6633165829145717           0.7777313192532204
-2.5477386934673376           0.7777313270071563
-2.4321608040201              0.7777313216910852
-2.316582914572866            0.7777313239428059
-2.201005025125628            0.7777313376098447
-2.0854271356783904           0.7777313264656414
-1.9698492462311563           0.7777312872270256
-1.8542713567839186           0.7777312290755992
-1.7386934673366845           0.7777312471835564
-1.6231155778894468           0.7777311897560193
-1.5075376884422127           0.777731219020248
-1.391959798994975            0.7777310887579838
-1.2763819095477373           0.7777308074903648
-1.1608040201005032           0.7777300559243152
-1.0452261306532655           0.7777280562491256
-0.9296482412060314           0.7777228923824422
-0.8140703517587937           0.7777096460427463
-0.698492462311556            0.7776753355120337
-0.5829145728643219           0.7775886258488692
-0.46733668341708423          0.7773718202354278
-0.3517587939698501           0.7768399486196572
-0.23618090452261245          0.7755671131944811
-0.12060301507537828          0.7726165115654668
-0.005025125628140596         0.766043806171081
0.11055276381909708           0.7520887279449199
0.22613065326633117           0.7240483787175219
0.34170854271356893           0.670973583604206
0.457286432160803             0.5764320039790033
0.5728643216080407            0.41748421263375357
0.6884422110552748            0.1637373452880853
0.8040201005025125            -0.22389211675879533
0.9195979899497502            -0.7950885726486197
1.0351758793969843            -1.6129881523704748
1.150753768844222             -2.7581937008189454
1.266331658291456             -4.334345000471219
1.3819095477386938            -6.475790696534465
1.4974874371859315            -9.357620682890289
1.6130653266331656            -13.208199986998498
1.7286432160804033            -18.325135253565996
1.8442211055276374            -25.096248080596713
1.959798994974875             -34.02715689973005
2.075376884422109             -45.7773142004981
2.190954773869347             -61.20700376124649
2.3065326633165846            -81.43863927389906
2.4221105527638187            -107.93673395301498
2.5376884422110564            -142.61224008218613
2.6532663316582905            -187.9586925830873
2.768844221105528             -248.97930825545708
