-20.0                         0.21426334375367256
-19.884422110552762           0.2142639567129959
-19.768844221105528           0.2142632844531754
-19.65326633165829            0.2142625223845815
-19.537688442211056           0.21426324919871284
-19.42211055276382            0.21426331445700586
-19.306532663316585           0.21426337593119907
-19.190954773869347           0.21426294070123686
-19.07537688442211            0.21426328932649863
-18.959798994974875           0.21426316020215178
-18.844221105527637           0.2142638009605986
-18.728643216080403           0.21426319892297457
-18.613065326633166           0.214263061388403
-18.49748743718593            0.21426310826805478
-18.381909547738694           0.21426418236274955
-18.266331658291456           0.21426297866782967
-18.150753768844222           0.21426306317511062
-18.035175879396984           0.21426260885576418
-17.91959798994975            0.21426298890234877
-17.804020100502512           0.21426310489618677
-17.688442211055275           0.21426319836702418
-17.57286432160804            0.2142629489764367
-17.457286432160803           0.21426275727692234
-17.34170854271357            0.2142629798487628
-17.22613065326633            0.2142631486776889
-17.110552763819094           0.2142627218853062
-16.99497487437186            0.21426287714547743
-16.87939698492462            0.21426299690017678
-16.763819095477388           0.21426296851031917
-16.64824120603015            0.2142629036742209
-16.532663316582916           0.2142626885437441
-16.417085427135678           0.21426279324518938
-16.301507537688444           0.21426267938464957
-16.185929648241206           0.21426274443683943
-16.07035175879397            0.21426281416794796
-15.954773869346734           0.21426221531861375
-15.839195979899497           0.21426264992435062
-15.72361809045226            0.21426265970343208
-15.608040201005025           0.2142626116910854
-15.492462311557789           0.21426257881210728
-15.376884422110553           0.2142623414924181
-15.261306532663315           0.21426265850207202
-15.145728643216081           0.2142625504183249
-15.030150753768844           0.21426296691004437
-14.914572864321608           0.2142624037456378
-14.798994974874372           0.2142620644753051
-14.683417085427136           0.21426252081394637
-14.5678391959799             0.21426252293466574
-14.452261306532662           0.21426248853888571
-14.336683417085428           0.2142624225329028
-14.22110552763819            0.21426234977846367
-14.105527638190955           0.21426241788250378
-13.989949748743719           0.21426181859106852
-13.874371859296481           0.21426229623663684
-13.758793969849247           0.21426298473783154
-13.64321608040201            0.21426237404608722
-13.527638190954773           0.21426217179374296
-13.412060301507537           0.21426235390072734
-13.296482412060302           0.21426255512942183
-13.180904522613066           0.2142623392626276
-13.065326633165828           0.21426192526943702
-12.949748743718594           0.21426237547035432
-12.834170854271356           0.21426195656851893
-12.71859296482412            0.2142624512902547
-12.603015075376884           0.21426186361100139
-12.487437185929648           0.21426230153090153
-12.371859296482413           0.2142622712458031
-12.256281407035175           0.21426230926748488
-12.14070351758794            0.2142621810984968
-12.025125628140703           0.21426235543704777
-11.909547738693467           0.2142620696487109
-11.793969849246231           0.21426198843231917
-11.678391959798995           0.21426214263316365
-11.56281407035176            0.21426211894203043
-11.447236180904522           0.214262272122012
-11.331658291457286           0.21426216106679688
-11.21608040201005            0.21426210750812036
-11.100502512562814           0.21426247885848299
-10.984924623115578           0.21426213676367048
-10.869346733668342           0.21426203205249547
-10.753768844221106           0.21426165980983045
-10.638190954773869           0.21426206774283785
-10.522613065326633           0.2142620077378325
-10.407035175879397           0.2142620505215849
-10.291457286432161           0.21426226434983886
-10.175879396984925           0.21426200415046495
-10.06030150753769            0.21426190887805519
-9.944723618090451            0.21426197056629281
-9.829145728643216            0.21426197206621633
-9.71356783919598             0.21426207942624975
-9.597989949748744            0.2142619317979982
-9.482412060301508            0.21426193671363425
-9.366834170854272            0.21426193711990174
-9.251256281407034            0.2142619178658218
-9.135678391959798            0.2142619135638167
-9.020100502512562            0.2142619651698624
-8.904522613065327            0.21426178947393443
-8.78894472361809             0.2142616497540221
-8.673366834170855            0.21426249435923478
-8.557788944723619            0.2142618390152546
-8.442211055276381            0.2142624491275648
-8.326633165829145            0.21426165684099283
-8.21105527638191             0.2142618589254985
-8.095477386934673            0.2142617906925804
-7.9798994974874375           0.21426180370622963
-7.864321608040202            0.21426178157088765
-7.748743718592964            0.21426175589326402
-7.633165829145728            0.21426178349020908
-7.517587939698492            0.21426169096083839
-7.402010050251256            0.2142618353600774
-7.28643216080402             0.2142617778841803
-7.170854271356784            0.21426173989806843
-7.055276381909547            0.21426155786820988
-6.939698492462311            0.2142617080174105
-6.824120603015075            0.21426172385717357
-6.708542713567839            0.2142617081817356
-6.592964824120603            0.2142616725379122
-6.477386934673367            0.21426158886990054
-6.361809045226131            0.21426166192500856
-6.246231155778894            0.2142615943581102
-6.130653266331658            0.21426167088791498
-6.015075376884422            0.21426167046505215
-5.899497487437186            0.2142616963924955
-5.78391959798995             0.21426164466251463
-5.668341708542714            0.2142616426995475
-5.5527638190954764           0.21426157507825677
-5.4371859296482405           0.2142614765162401
-5.321608040201005            0.21426158791422534
-5.206030150753769            0.21426157831004197
-5.090452261306533            0.21426157976351318
-4.974874371859297            0.2142616542322088
-4.859296482412061            0.2142617387567942
-4.743718592964823            0.21426158401373646
-4.628140703517587            0.21426163148574603
-4.5125628140703515           0.2142615398282993
-4.396984924623116            0.2142615479419709
-4.28140703517588             0.2142615554874068
-4.165829145728644            0.21426153919133836
-4.050251256281406            0.21426154001512993
-3.934673366834172            0.21426153838616027
-3.8190954773869343           0.2142615393529421
-3.7035175879396967           0.21426150966452467
-3.5879396984924625           0.21426150575463437
-3.472361809045225            0.21426149479595646
-3.3567839195979907           0.21426150299742924
-3.241206030150753            0.21426147549796573
-3.125628140703519            0.21426146525048156
-3.0100502512562812           0.21426145960941384
-2.8944723618090435           0.21426141577707788
-2.7788944723618094           0.21426133020386146
-2.6633165829145717           0.21426130587273884
-2.5477386934673376           0.21426123194432348
-2.4321608040201              0.21426104439955262
-2.316582914572866            0.21426070803671352
-2.201005025125628            0.21426010241696486
-2.0854271356783904           0.2142589884586322
-1.9698492462311563           0.21425694072614068
-1.8542713567839186           0.2142532207120627
-1.7386934673366845           0.21424651962227517
-1.6231155778894468           0.21423425006601907
-1.5075376884422127           0.21421204003156508
-1.391959798994975            0.21417160960728185
-1.2763819095477373           0.21409824357058763
-1.1608040201005032           0.21396543159931022
-1.0452261306532655           0.21372562792973152
-0.9296482412060314           0.21329434503294212
-0.8140703517587937           0.21252258464747198
-0.698492462311556            0.21115058381378837
-0.5829145728643219           0.20873301431049215
-0.46733668341708423          0.2045196071832071
-0.3517587939698501           0.19727637392858843
-0.23618090452261245          0.18502897485808947
-0.12060301507537828          0.1647168658249628
-0.005025125628140596         0.13175568894234435
0.11055276381909708           0.0795154460096543
0.22613065326633117           -0.0012781576378154088
0.34170854271356893           -0.12322729573599482
0.457286432160803             -0.3030728854951682
0.5728643216080407            -0.5627122584155129
0.6884422110552748            -0.9305344264845492
0.8040201005025125            -1.4432017268731936
0.9195979899497502            -2.1480178455586385
1.0351758793969843            -3.106052432373187
1.150753768844222             -4.396279535059155
1.266331658291456             -6.12116590976482
1.3819095477386938            -8.41423426411845
1.4974874371859315            -11.449915311760384
1.6130653266331656            -15.456000894611819
1.7286432160804033            -20.729637587672997
1.8442211055276374            -27.658313677364834
1.959798994974875             -36.747414396088566
2.075376884422109             -48.6562274564351
2.190954773869347             -64.24491814615101
2.3065326633165846            -84.6358137013312
2.4221105527638187            -111.29336353813453
2.5376884422110564            -146.12847244768406
2.6532663316582905            -191.63463975556698
2.768844221105528             -252.81415750168824
