-20.0                         1.135931833978741
-19.884422110552762           1.1359330250238069
-19.768844221105528           1.1359316818948046
-19.65326633165829            1.1359306276103316
-19.537688442211056           1.1359318348094527
-19.42211055276382            1.1359315054766164
-19.306532663316585           1.1359317934724191
-19.190954773869347           1.1359301286815067
-19.07537688442211            1.135932000823606
-18.959798994974875           1.1359316233558965
-18.844221105527637           1.1359329180090358
-18.728643216080403           1.135931347964238
-18.613065326633166           1.1359318639810658
-18.49748743718593            1.1359314901742046
-18.381909547738694           1.1359340905997284
-18.266331658291456           1.1359313856841593
-18.150753768844222           1.1359314570933317
-18.035175879396984           1.135931877132835
-17.91959798994975            1.1359313945397187
-17.804020100502512           1.1359319735910862
-17.688442211055275           1.1359314729950998
-17.57286432160804            1.1359310932217375
-17.457286432160803           1.1359311664113543
-17.34170854271357            1.1359312433464535
-17.22613065326633            1.1359312131820325
-17.110552763819094           1.1359311327643562
-16.99497487437186            1.1359316443278604
-16.87939698492462            1.1359308496441436
-16.763819095477388           1.1359319163533488
-16.64824120603015            1.13593103509754
-16.532663316582916           1.1359313633367256
-16.417085427135678           1.135931144751054
-16.301507537688444           1.1359304715983412
-16.185929648241206           1.1359311606738152
-16.07035175879397            1.1359314805047769
-15.954773869346734           1.135929945844504
-15.839195979899497           1.135931082918489
-15.72361809045226            1.1359312556934336
-15.608040201005025           1.1359321427080726
-15.492462311557789           1.1359310918063632
-15.376884422110553           1.135931192364166
-15.261306532663315           1.135931166494261
-15.145728643216081           1.1359311156220269
-15.030150753768844           1.135931983189652
-14.914572864321608           1.135930808519607
-14.798994974874372           1.1359300375303911
-14.683417085427136           1.1359311160513978
-14.5678391959799             1.1359310536100558
-14.452261306532662           1.135931013164897
-14.336683417085428           1.1359308898922331
-14.22110552763819            1.1359316046672985
-14.105527638190955           1.135930842096596
-13.989949748743719           1.1359298608387167
-13.874371859296481           1.1359306663213637
-13.758793969849247           1.1359313346621709
-13.64321608040201            1.1359307769813745
-13.527638190954773           1.135929979998257
-13.412060301507537           1.1359308400151529
-13.296482412060302           1.1359304957987253
-13.180904522613066           1.1359310239381957
-13.065326633165828           1.1359304829557697
-12.949748743718594           1.1359307935757343
-12.834170854271356           1.1359303176588296
-12.71859296482412            1.1359310148163595
-12.603015075376884           1.1359302684000823
-12.487437185929648           1.1359308359070779
-12.371859296482413           1.135930547099855
-12.256281407035175           1.1359309239920543
-12.14070351758794            1.135930689561215
-12.025125628140703           1.1359303619038452
-11.909547738693467           1.1359304870029634
-11.793969849246231           1.1359304655497835
-11.678391959798995           1.1359306808239023
-11.56281407035176            1.1359305995421203
-11.447236180904522           1.1359310297745862
-11.331658291457286           1.1359306614881177
-11.21608040201005            1.1359305829539261
-11.100502512562814           1.1359308546797995
-10.984924623115578           1.1359306523158055
-10.869346733668342           1.1359305191800098
-10.753768844221106           1.1359297845689778
-10.638190954773869           1.1359306995770118
-10.522613065326633           1.135930413413841
-10.407035175879397           1.1359306609634228
-10.291457286432161           1.1359314859895395
-10.175879396984925           1.1359304822826304
-10.06030150753769            1.1359303433017023
-9.944723618090451            1.1359305155001924
-9.829145728643216            1.1359300508260368
-9.71356783919598             1.1359310409289267
-9.597989949748744            1.1359304958821772
-9.482412060301508            1.1359304487499793
-9.366834170854272            1.1359305670395463
-9.251256281407034            1.1359304558740342
-9.135678391959798            1.1359303722277978
-9.020100502512562            1.1359305551206627
-8.904522613065327            1.1359299356865638
-8.78894472361809             1.1359298666689261
-8.673366834170855            1.1359315842181892
-8.557788944723619            1.1359304330436137
-8.442211055276381            1.1359315169466806
-8.326633165829145            1.135929900086097
-8.21105527638191             1.1359300561290675
-8.095477386934673            1.1359305107550655
-7.9798994974874375           1.135930351696372
-7.864321608040202            1.1359303092488147
-7.748743718592964            1.1359302214372975
-7.633165829145728            1.1359303720786627
-7.517587939698492            1.135930083427176
-7.402010050251256            1.135930654874769
-7.28643216080402             1.135930315324244
-7.170854271356784            1.1359302430208116
-7.055276381909547            1.135929969016137
-6.939698492462311            1.135930243328665
-6.824120603015075            1.135930256644358
-6.708542713567839            1.1359300593175372
-6.592964824120603            1.135930240980196
-6.477386934673367            1.135930248433824
-6.361809045226131            1.135930234945911
-6.246231155778894            1.1359301071173584
-6.130653266331658            1.135930187239754
-6.015075376884422            1.1359301812576499
-5.899497487437186            1.135930242527809
-5.78391959798995             1.1359301326923794
-5.668341708542714            1.1359301647892863
-5.5527638190954764           1.1359300020378909
-5.4371859296482405           1.1359298464935343
-5.321608040201005            1.1359299818101916
-5.206030150753769            1.1359300944885833
-5.090452261306533            1.1359302135741733
-4.974874371859297            1.1359300669946912
-4.859296482412061            1.1359303038554989
-4.743718592964823            1.1359300980453122
-4.628140703517587            1.1359302193338943
-4.5125628140703515           1.1359300556420822
-4.396984924623116            1.1359300566057149
-4.28140703517588             1.135930082407246
-4.165829145728644            1.1359300641403076
-4.050251256281406            1.1359299354974954
-3.934673366834172            1.135930088125058
-3.8190954773869343           1.1359301101144066
-3.7035175879396967           1.1359300405258201
-3.5879396984924625           1.1359300630932672
-3.472361809045225            1.1359300476902416
-3.3567839195979907           1.1359300643708792
-3.241206030150753            1.1359300211364733
-3.125628140703519            1.1359299971814976
-3.0100502512562812           1.1359299989966296
-2.8944723618090435           1.1359300609123182
-2.7788944723618094           1.1359298706602348
-2.6633165829145717           1.1359299996427714
-2.5477386934673376           1.1359299872667163
-2.4321608040201              1.1359299797378126
-2.316582914572866            1.1359299864441847
-2.201005025125628            1.1359299997304209
-2.0854271356783904           1.1359299859129992
-1.9698492462311563           1.1359299446491884
-1.8542713567839186           1.1359298808026184
-1.7386934673366845           1.1359299085498125
-1.6231155778894468           1.1359298582900423
-1.5075376884422127           1.1359299419071267
-1.391959798994975            1.135929901131999
-1.2763819095477373           1.1359299061117196
-1.1608040201005032           1.1359298653333159
-1.0452261306532655           1.1359296838865327
-0.9296482412060314           1.1359291403161138
-0.8140703517587937           1.1359276425591789
-0.698492462311556            1.1359225652346931
-0.5829145728643219           1.1359076871120524
-0.46733668341708423          1.1358635224976383
-0.3517587939698501           1.1357350184020143
-0.23618090452261245          1.1353706206135974
-0.12060301507537828          1.1343714924247281
-0.005025125628140596         1.1317488384192786
0.11055276381909708           1.1252297838267222
0.22613065326633117           1.1100547959873277
0.34170854271356893           1.0772758105254532
0.457286432160803             1.0118902203135827
0.5728643216080407            0.8913257267342644
0.6884422110552748            0.6844718398041977
0.8040201005025125            0.3508409821408851
0.9195979899497502            -0.1608460324470392
1.0351758793969843            -0.9151671493859549
1.150753768844222             -1.9938598927637512
1.266331658291456             -3.5013647577107077
1.3819095477386938            -5.5725686139366015
1.4974874371859315            -8.382961865233952
1.6130653266331656            -12.161239532725991
1.7286432160804033            -17.205263769604137
1.8442211055276374            -23.903035334875728
1.959798994974875             -32.76029423764399
2.075376884422109             -44.436576721278136
2.190954773869347             -59.79222560510945
2.3065326633165846            -79.94969699983709
2.4221105527638187            -106.37353504989153
2.5376884422110564            -140.9747148514327
2.6532663316582905            -186.24678830260672
2.768844221105528             -247.19340373284402
