-20.0                         0.20338723866328895
-19.884422110552762           0.2033878419308393
-19.768844221105528           0.2033871803674215
-19.65326633165829            0.20338642855913722
-19.537688442211056           0.20338714604862446
-19.42211055276382            0.20338721380132962
-19.306532663316585           0.20338726708859223
-19.190954773869347           0.203386858816872
-19.07537688442211            0.20338718145907533
-18.959798994974875           0.20338705766768944
-18.844221105527637           0.20338767403338723
-18.728643216080403           0.20338709415315842
-18.613065326633166           0.20338695514208913
-18.49748743718593            0.20338700414212935
-18.381909547738694           0.20338804630838736
-18.266331658291456           0.20338687663320895
-18.150753768844222           0.20338696056371622
-18.035175879396984           0.20338650202894726
-17.91959798994975            0.20338688481591374
-17.804020100502512           0.20338699443978137
-17.688442211055275           0.2033870876497491
-17.57286432160804            0.20338685056985856
-17.457286432160803           0.20338665581143708
-17.34170854271357            0.20338687403536104
-17.22613065326633            0.20338704047643427
-17.110552763819094           0.20338662157722326
-16.99497487437186            0.20338677033091324
-16.87939698492462            0.20338689412297964
-16.763819095477388           0.20338685791628014
-16.64824120603015            0.20338679983437105
-16.532663316582916           0.203386589263124
-16.417085427135678           0.20338669163282472
-16.301507537688444           0.20338658620070796
-16.185929648241206           0.20338664027880754
-16.07035175879397            0.2033867075063863
-15.954773869346734           0.20338612569920275
-15.839195979899497           0.20338654730302544
-15.72361809045226            0.203386556127634
-15.608040201005025           0.2033864986243957
-15.492462311557789           0.20338647526351794
-15.376884422110553           0.20338624257312748
-15.261306532663315           0.2033865530394798
-15.145728643216081           0.2033864466501263
-15.030150753768844           0.20338684726432307
-14.914572864321608           0.2033863022239663
-14.798994974874372           0.20338597471848516
-14.683417085427136           0.2033864159503351
-14.5678391959799             0.20338642035931576
-14.452261306532662           0.2033863861773507
-14.336683417085428           0.203386319536384
-14.22110552763819            0.20338624149172566
-14.105527638190955           0.20338631626631365
-13.989949748743719           0.20338572476026964
-13.874371859296481           0.2033861950878606
-13.758793969849247           0.2033868773557039
-13.64321608040201            0.2033862719353001
-13.527638190954773           0.20338608068936978
-13.412060301507537           0.20338625099766325
-13.296482412060302           0.2033864541135201
-13.180904522613066           0.20338623414972723
-13.065326633165828           0.20338582626763527
-12.949748743718594           0.20338627125581957
-12.834170854271356           0.20338585667342288
-12.71859296482412            0.20338634466926728
-12.603015075376884           0.20338576664803376
-12.487437185929648           0.20338619595940058
-12.371859296482413           0.20338616817991223
-12.256281407035175           0.20338620310242309
-12.14070351758794            0.20338607748553228
-12.025125628140703           0.20338625467436347
-11.909547738693467           0.2033859677143477
-11.793969849246231           0.20338589064903198
-11.678391959798995           0.2033860391210587
-11.56281407035176            0.20338601582749122
-11.447236180904522           0.20338616415169705
-11.331658291457286           0.20338605647987587
-11.21608040201005            0.20338600403995166
-11.100502512562814           0.20338637314896632
-10.984924623115578           0.20338603177499728
-10.869346733668342           0.20338592881367146
-10.753768844221106           0.20338556365373214
-10.638190954773869           0.20338596282508156
-10.522613065326633           0.20338590577235421
-10.407035175879397           0.20338594457016498
-10.291457286432161           0.20338614886518105
-10.175879396984925           0.20338590023569952
-10.06030150753769            0.20338580650758548
-9.944723618090451            0.20338586671467604
-9.829145728643216            0.2033858736134249
-9.71356783919598             0.20338596735061473
-9.597989949748744            0.2033858278070883
-9.482412060301508            0.20338583319784195
-9.366834170854272            0.20338583151418552
-9.251256281407034            0.20338581357022484
-9.135678391959798            0.2033858097931564
-9.020100502512562            0.20338585746471022
-8.904522613065327            0.20338569184875804
-8.78894472361809             0.203385551360322
-8.673366834170855            0.20338637914203586
-8.557788944723619            0.2033857340412874
-8.442211055276381            0.20338633434234263
-8.326633165829145            0.20338555782685952
-8.21105527638191             0.20338575823556454
-8.095477386934673            0.20338568559318113
-7.9798994974874375           0.2033856991842479
-7.864321608040202            0.20338567768343802
-7.748743718592964            0.2033856527817161
-7.633165829145728            0.2033856785958206
-7.517587939698492            0.20338559057383804
-7.402010050251256            0.20338572586971088
-7.28643216080402             0.20338567313786535
-7.170854271356784            0.20338563607568264
-7.055276381909547            0.20338545758008061
-6.939698492462311            0.203385604112253
-6.824120603015075            0.20338561931933882
-6.708542713567839            0.20338560658639332
-6.592964824120603            0.20338556816838088
-6.477386934673367            0.20338548446335597
-6.361809045226131            0.20338555781784362
-6.246231155778894            0.20338549080842672
-6.130653266331658            0.20338556635305274
-6.015075376884422            0.2033855656009105
-5.899497487437186            0.20338559013907662
-5.78391959798995             0.20338554068718182
-5.668341708542714            0.20338553854014169
-5.5527638190954764           0.20338547339934548
-5.4371859296482405           0.20338537536741771
-5.321608040201005            0.2033854858782502
-5.206030150753769            0.20338547515709157
-5.090452261306533            0.20338547513671912
-4.974874371859297            0.203385549967595
-4.859296482412061            0.20338563211376298
-4.743718592964823            0.20338547951523372
-4.628140703517587            0.20338552610668184
-4.5125628140703515           0.2033854365077287
-4.396984924623116            0.20338544380066942
-4.28140703517588             0.2033854509479821
-4.165829145728644            0.20338543499854245
-4.050251256281406            0.2033854372856934
-3.934673366834172            0.20338543362814684
-3.8190954773869343           0.20338543423187067
-3.7035175879396967           0.20338540520811574
-3.5879396984924625           0.20338540092859086
-3.472361809045225            0.203385389673606
-3.3567839195979907           0.20338539689505467
-3.241206030150753            0.20338536935851637
-3.125628140703519            0.2033853568668403
-3.0100502512562812           0.20338534782345544
-2.8944723618090435           0.2033852976717234
-2.7788944723618094           0.20338520387253076
-2.6633165829145717           0.20338516090508585
-2.5477386934673376           0.20338505658698394
-2.4321608040201              0.20338481609214798
-2.316582914572866            0.20338438764947914
-2.201005025125628            0.20338362220929754
-2.0854271356783904           0.20338223237404277
-1.9698492462311563           0.20337970882076056
-1.8542713567839186           0.20337516998282587
-1.7386934673366845           0.20336706257561613
-1.6231155778894468           0.20335239017585008
-1.5075376884422127           0.2033260899195182
-1.391959798994975            0.20327873534217436
-1.2763819095477373           0.20319371406015185
-1.1608040201005032           0.20304142378841866
-1.0452261306532655           0.20276934741790856
-0.9296482412060314           0.20228515007855016
-0.8140703517587937           0.20142773190089844
-0.698492462311556            0.1999192146734017
-0.5829145728643219           0.1972881358926398
-0.46733668341708423          0.19274829077048516
-0.3517587939698501           0.1850191535160502
-0.23618090452261245          0.17207054810409453
-0.12060301507537828          0.15078117376402286
-0.005025125628140596         0.11650858186712054
0.11055276381909708           0.0625767528183346
0.22613065326633117           -0.02031418669310686
0.34170854271356893           -0.1447672347669614
0.457286432160803             -0.32750063123407935
0.5728643216080407            -0.5903714402999387
0.6884422110552748            -0.9617188215070462
0.8040201005025125            -1.478153119346357
0.9195979899497502            -2.186929284528497
1.0351758793969843            -3.149074758424786
1.150753768844222             -4.443529789149998
1.266331658291456             -6.172736197943702
1.3819095477386938            -8.470198339661774
1.4974874371859315            -11.510331365184491
1.6130653266331656            -15.520912978150328
1.7286432160804033            -20.79907807670909
1.8442211055276374            -27.73230627268884
1.959798994974875             -36.82597658951183
2.075376884422109             -48.739372270117364
2.190954773869347             -64.33265534131861
2.3065326633165846            -84.72815063321886
2.4221105527638187            -111.39030577120899
2.5376884422110564            -146.2300242044951
2.6532663316582905            -191.740804247754
2.768844221105528             -252.92491127053245
