-20.0                         0.08093031124230875
-19.884422110552762           0.0809306660946336
-19.768844221105528           0.08093026817085877
-19.65326633165829            0.08092978174910287
-19.537688442211056           0.08093024480512685
-19.42211055276382            0.08093031416397417
-19.306532663316585           0.08093025301555197
-19.190954773869347           0.08093029313017643
-19.07537688442211            0.08093019116811423
-18.959798994974875           0.0809301619481703
-18.844221105527637           0.08093027469824352
-18.728643216080403           0.08093013440723508
-18.613065326633166           0.08093002392307473
-18.49748743718593            0.08093008343239134
-18.381909547738694           0.08093043287521323
-18.266331658291456           0.08093000164206245
-18.150753768844222           0.08093005264763609
-18.035175879396984           0.080929656825156
-17.91959798994975            0.080929969566155
-17.804020100502512           0.0809299708625914
-17.688442211055275           0.08093000049961281
-17.57286432160804            0.08092997811218777
-17.457286432160803           0.0809298022737221
-17.34170854271357            0.08092990419529039
-17.22613065326633            0.08092996747021847
-17.110552763819094           0.08092979549603019
-16.99497487437186            0.08092982822715855
-16.87939698492462            0.08092990798631698
-16.763819095477388           0.0809298215475784
-16.64824120603015            0.08092983424929485
-16.532663316582916           0.08092976478413767
-16.417085427135678           0.08092980767543657
-16.301507537688444           0.080929796334244
-16.185929648241206           0.08092971218595743
-16.07035175879397            0.08092974271275215
-15.954773869346734           0.08092951712975231
-15.839195979899497           0.08092965695213365
-15.72361809045226            0.08092964728310782
-15.608040201005025           0.0809295192693032
-15.492462311557789           0.08092957201848885
-15.376884422110553           0.08092949527150384
-15.261306532663315           0.08092960100826561
-15.145728643216081           0.08092954354014993
-15.030150753768844           0.08092961862337665
-14.914572864321608           0.08092944500591784
-14.798994974874372           0.08092937875145818
-14.683417085427136           0.08092948856138679
-14.5678391959799             0.08092951314477949
-14.452261306532662           0.08092948620920946
-14.336683417085428           0.08092942439203751
-14.22110552763819            0.08092933690411172
-14.105527638190955           0.08092943564645914
-13.989949748743719           0.08092905697474438
-13.874371859296481           0.08092934072542413
-13.758793969849247           0.08092977698171261
-13.64321608040201            0.08092937723914927
-13.527638190954773           0.08092938491360524
-13.412060301507537           0.08092934723437378
-13.296482412060302           0.08092949155125523
-13.180904522613066           0.08092930759907087
-13.065326633165828           0.08092907888788357
-12.949748743718594           0.08092932428352026
-12.834170854271356           0.08092905029186921
-12.71859296482412            0.08092934722572137
-12.603015075376884           0.08092904945263604
-12.487437185929648           0.08092924252155202
-12.371859296482413           0.08092923637602481
-12.256281407035175           0.08092924273170335
-12.14070351758794            0.08092916770820567
-12.025125628140703           0.08092931300002656
-11.909547738693467           0.0809290979246046
-11.793969849246231           0.0809291084296587
-11.678391959798995           0.08092913113073967
-11.56281407035176            0.08092911637170798
-11.447236180904522           0.08092916217768818
-11.331658291457286           0.08092911576872641
-11.21608040201005            0.08092909017955865
-11.100502512562814           0.0809293419071458
-10.984924623115578           0.08092908246211578
-10.869346733668342           0.08092902670057477
-10.753768844221106           0.08092882867388973
-10.638190954773869           0.0809290284139554
-10.522613065326633           0.08092902041691706
-10.407035175879397           0.08092899965476122
-10.291457286432161           0.08092901965868936
-10.175879396984925           0.08092897827501941
-10.06030150753769            0.08092892465146746
-9.944723618090451            0.08092894998547852
-9.829145728643216            0.08092901465989293
-9.71356783919598             0.08092892085117695
-9.597989949748744            0.08092891209133304
-9.482412060301508            0.08092891812932819
-9.366834170854272            0.0809288904889239
-9.251256281407034            0.08092888727323332
-9.135678391959798            0.08092888422161813
-9.020100502512562            0.08092887164108385
-8.904522613065327            0.08092887688137883
-8.78894472361809             0.080928755730061
-8.673366834170855            0.08092919300118596
-8.557788944723619            0.08092879975391258
-8.442211055276381            0.08092915846809591
-8.326633165829145            0.08092874545995714
-8.21105527638191             0.08092886038565474
-8.095477386934673            0.08092876713212566
-7.9798994974874375           0.08092877225695223
-7.864321608040202            0.08092876116533022
-7.748743718592964            0.08092875085773706
-7.633165829145728            0.08092874385800267
-7.517587939698492            0.08092873311817957
-7.402010050251256            0.0809287194528208
-7.28643216080402             0.08092873376529344
-7.170854271356784            0.08092871543805503
-7.055276381909547            0.0809286318386349
-6.939698492462311            0.08092868676833935
-6.824120603015075            0.0809286858238993
-6.708542713567839            0.08092872214941173
-6.592964824120603            0.08092864607301126
-6.477386934673367            0.08092858109946624
-6.361809045226131            0.08092863941562377
-6.246231155778894            0.0809285838976397
-6.130653266331658            0.08092862892659546
-6.015075376884422            0.0809286220709603
-5.899497487437186            0.0809286159395413
-5.78391959798995             0.0809286009007967
-5.668341708542714            0.08092859229443496
-5.5527638190954764           0.08092856399530791
-5.4371859296482405           0.08092848220864939
-5.321608040201005            0.08092853486739869
-5.206030150753769            0.08092849225391666
-5.090452261306533            0.08092844784124528
-4.974874371859297            0.08092844941998664
-4.859296482412061            0.08092842499564291
-4.743718592964823            0.08092825369653944
-4.628140703517587            0.08092816190793817
-4.5125628140703515           0.08092794950103671
-4.396984924623116            0.08092771091613776
-4.28140703517588             0.08092738543689253
-4.165829145728644            0.08092692056094085
-4.050251256281406            0.08092629938378729
-3.934673366834172            0.08092537823559451
-3.8190954773869343           0.08092411964877222
-3.7035175879396967           0.08092235010638525
-3.5879396984924625           0.08091988265158524
-3.472361809045225            0.0809164233913825
-3.3567839195979907           0.08091158899346303
-3.241206030150753            0.08090480359058377
-3.125628140703519            0.08089529271404933
-3.0100502512562812           0.08088197918778575
-2.8944723618090435           0.0808632919167835
-2.7788944723618094           0.08083712049692719
-2.6633165829145717           0.08080048340863791
-2.5477386934673376           0.08074914276434669
-2.4321608040201              0.08067716026731771
-2.316582914572866            0.08057628413646407
-2.201005025125628            0.08043491903340168
-2.0854271356783904           0.08023681474339184
-1.9698492462311563           0.07995920256275708
-1.8542713567839186           0.07957021621978654
-1.7386934673366845           0.07902524046278663
-1.6231155778894468           0.07826175450814803
-1.5075376884422127           0.07719246154989515
-1.391959798994975            0.07569516086465178
-1.2763819095477373           0.07359933604668993
-1.1608040201005032           0.07066724161412485
-1.0452261306532655           0.066567955782051
-0.9296482412060314           0.06084205840740239
-0.8140703517587937           0.05285354554384919
-0.698492462311556            0.04172512027235375
-0.5829145728643219           0.026252362822281963
-0.46733668341708423          0.004789651506722281
-0.3517587939698501           -0.02489814838952245
-0.23618090452261245          -0.06582805184319825
-0.12060301507537828          -0.12204608561245468
-0.005025125628140596         -0.19894364605092246
0.11055276381909708           -0.30366167519196596
0.22613065326633117           -0.44560872738973994
0.34170854271356893           -0.6371270265890635
0.457286432160803             -0.8943539390525211
0.5728643216080407            -1.2383396001527367
0.6884422110552748            -1.6964997132281838
0.8040201005025125            -2.3045029407997544
0.9195979899497502            -3.108718068410075
1.0351758793969843            -4.169392922097914
1.150753768844222             -5.5648322494363756
1.266331658291456             -7.396999895616823
1.3819095477386938            -9.79903665107041
1.4974874371859315            -12.945035835581306
1.6130653266331656            -17.062473783890837
1.7286432160804033            -22.448231522257664
1.8442211055276374            -29.489596803058298
1.959798994974875             -38.69180918913744
2.075376884422109             -50.71405025417006
2.190954773869347             -66.4164071140108
2.3065326633165846            -86.92114890337382
2.4221105527638187            -113.69268154802157
2.5376884422110564            -148.64187710651433
2.6532663316582905            -194.26221016259808
2.768844221105528             -255.5553132805827
