-20.0                         0.11225082790208869
-19.884422110552762           0.11225110747131502
-19.768844221105528           0.11225078722681778
-19.65326633165829            0.11225038357185763
-19.537688442211056           0.11225076186184205
-19.42211055276382            0.11225081400126156
-19.306532663316585           0.1122507523565007
-19.190954773869347           0.11225083144992327
-19.07537688442211            0.11225069353145248
-18.959798994974875           0.11225067661720414
-18.844221105527637           0.11225070598921734
-18.728643216080403           0.11225063937983314
-18.613065326633166           0.1122505476289059
-18.49748743718593            0.1122505978169259
-18.381909547738694           0.11225079842093653
-18.266331658291456           0.11225052624671386
-18.150753768844222           0.11225056180272219
-18.035175879396984           0.11225023474328814
-17.91959798994975            0.11225048679332174
-17.804020100502512           0.11225047397832862
-17.688442211055275           0.11225048351522392
-17.57286432160804            0.11225048219584055
-17.457286432160803           0.11225033618513468
-17.34170854271357            0.11225040973265857
-17.22613065326633            0.11225044228286409
-17.110552763819094           0.1122503323458954
-16.99497487437186            0.11225034421979926
-16.87939698492462            0.11225039051972337
-16.763819095477388           0.11225031781286106
-16.64824120603015            0.11225033050998343
-16.532663316582916           0.11225028915733766
-16.417085427135678           0.1122503207783496
-16.301507537688444           0.1122503055436876
-16.185929648241206           0.11225022498013913
-16.07035175879397            0.11225024747758999
-15.954773869346734           0.1122501002418356
-15.839195979899497           0.11225017647440044
-15.72361809045226            0.11225016260370883
-15.608040201005025           0.11225005658915585
-15.492462311557789           0.11225009208179289
-15.376884422110553           0.1122500534422946
-15.261306532663315           0.11225010855859181
-15.145728643216081           0.11225006370259402
-15.030150753768844           0.11225008457299397
-14.914572864321608           0.11224997686967489
-14.798994974874372           0.11224996118676747
-14.683417085427136           0.11225000391120768
-14.5678391959799             0.11225002242873656
-14.452261306532662           0.11224999834636842
-14.336683417085428           0.11224994480404361
-14.22110552763819            0.11224988014691184
-14.105527638190955           0.11224995175750355
-13.989949748743719           0.11224964389504362
-13.874371859296481           0.11224987052872457
-13.758793969849247           0.11225020878900752
-13.64321608040201            0.11224989082281946
-13.527638190954773           0.11224992141897926
-13.412060301507537           0.11224986064934464
-13.296482412060302           0.11224996390591784
-13.180904522613066           0.11224982229020983
-13.065326633165828           0.11224965126432174
-12.949748743718594           0.11224982552457886
-12.834170854271356           0.11224960143853516
-12.71859296482412            0.11224983609884318
-12.603015075376884           0.11224962237998636
-12.487437185929648           0.1122497495649343
-12.371859296482413           0.11224974161943022
-12.256281407035175           0.11224974694832236
-12.14070351758794            0.1122496840684786
-12.025125628140703           0.11224979362408408
-11.909547738693467           0.11224962506698831
-11.793969849246231           0.1122496452434817
-11.678391959798995           0.11224964646512012
-11.56281407035176            0.1122496336266474
-11.447236180904522           0.11224965731865429
-11.331658291457286           0.11224962243957413
-11.21608040201005            0.11224960251564736
-11.100502512562814           0.11224980104404443
-10.984924623115578           0.11224958750822213
-10.869346733668342           0.11224954444681964
-10.753768844221106           0.11224939158121795
-10.638190954773869           0.11224953882364397
-10.522613065326633           0.11224953633790637
-10.407035175879397           0.11224951132679344
-10.291457286432161           0.11224950067078472
-10.175879396984925           0.11224949010298738
-10.06030150753769            0.11224944763964083
-9.944723618090451            0.11224946354975421
-9.829145728643216            0.11224951972315494
-9.71356783919598             0.11224942362570346
-9.597989949748744            0.1122494266339557
-9.482412060301508            0.11224942940914386
-9.366834170854272            0.11224940294496623
-9.251256281407034            0.11224939871116123
-9.135678391959798            0.11224939370850598
-9.020100502512562            0.11224937677490616
-8.904522613065327            0.11224939801653273
-8.78894472361809             0.11224929774648668
-8.673366834170855            0.11224963078768524
-8.557788944723619            0.11224931141691571
-8.442211055276381            0.11224959863386147
-8.326633165829145            0.11224928082013372
-8.21105527638191             0.11224935949476766
-8.095477386934673            0.11224928227827217
-7.9798994974874375           0.11224928102370287
-7.864321608040202            0.11224927012716844
-7.748743718592964            0.11224926116183441
-7.633165829145728            0.11224924705801782
-7.517587939698492            0.11224924215638668
-7.402010050251256            0.1122492119842205
-7.28643216080402             0.11224922396124
-7.170854271356784            0.11224920391744726
-7.055276381909547            0.11224913923893068
-6.939698492462311            0.1122491617104362
-6.824120603015075            0.11224914545399371
-6.708542713567839            0.11224916951492848
-6.592964824120603            0.11224907545107532
-6.477386934673367            0.1122489957187899
-6.361809045226131            0.11224900815264895
-6.246231155778894            0.1122489133677165
-6.130653266331658            0.11224889092328273
-6.015075376884422            0.11224880826687662
-5.899497487437186            0.11224869966939142
-5.78391959798995             0.11224855993566799
-5.668341708542714            0.11224838391741183
-5.5527638190954764           0.11224814371057498
-5.4371859296482405           0.11224779160918832
-5.321608040201005            0.11224745636413076
-5.206030150753769            0.11224693417742074
-5.090452261306533            0.11224626427194251
-4.974874371859297            0.11224543466253752
-4.859296482412061            0.1122443385318935
-4.743718592964823            0.11224280797662908
-4.628140703517587            0.11224091521269008
-4.5125628140703515           0.11223837915397995
-4.396984924623116            0.11223510830375533
-4.28140703517588             0.11223084443359292
-4.165829145728644            0.1122252697247488
-4.050251256281406            0.11221801396122508
-3.934673366834172            0.1122084940779316
-3.8190954773869343           0.11219608681373947
-3.7035175879396967           0.1121798799818805
-3.5879396984924625           0.1121587193524986
-3.472361809045225            0.11213108003093211
-3.3567839195979907           0.11209498937037561
-3.241206030150753            0.11204784288110041
-3.125628140703519            0.11198625666411564
-3.0100502512562812           0.11190582393429854
-2.8944723618090435           0.11180073230956042
-2.7788944723618094           0.11166346210324611
-2.6633165829145717           0.11148415845790408
-2.5477386934673376           0.11124989875852771
-2.4321608040201              0.1109437798394125
-2.316582914572866            0.11054374339083196
-2.201005025125628            0.11002089714200161
-2.0854271356783904           0.1093374102160802
-1.9698492462311563           0.10844371959661482
-1.8542713567839186           0.10727487143928457
-1.7386934673366845           0.10574564928191972
-1.6231155778894468           0.10374411227290103
-1.5075376884422127           0.10112324712840971
-1.391959798994975            0.09768948514306994
-1.2763819095477373           0.09318793978126266
-1.1608040201005032           0.08728249577112285
-1.0452261306532655           0.07952940489605428
-0.9296482412060314           0.06934232451825273
-0.8140703517587937           0.05594583182325696
-0.698492462311556            0.03831387083864643
-0.5829145728643219           0.015088911178276305
-0.46733668341708423          -0.01552506774450155
-0.3517587939698501           -0.05590213758572455
-0.23618090452261245          -0.1091768468156307
-0.12060301507537828          -0.17948138054431392
-0.005025125628140596         -0.2722533536983644
0.11055276381909708           -0.3946343792649213
0.22613065326633117           -0.5559866573968248
0.34170854271356893           -0.7685621796680966
0.457286432160803             -1.0483715196194374
0.5728643216080407            -1.4163116427673348
0.6884422110552748            -1.899630039952323
0.8040201005025125            -2.5338229875387057
0.9195979899497502            -3.3650924641750284
1.0351758793969843            -4.45353429613413
1.150753768844222             -5.877325343765601
1.266331658291456             -7.738330205677581
1.3819095477386938            -10.169610217075506
1.4974874371859315            -13.345183793199052
1.6130653266331656            -17.492454110678985
1.7286432160804033            -22.90823890010073
1.8442211055276374            -29.979776988748554
1.959798994974875             -39.2122716631755
2.075376884422109             -51.264877622884214
2.190954773869347             -66.99766193441246
2.3065326633165846            -87.53287868238523
2.4221105527638187            -114.33492244097006
2.5376884422110564            -149.31465667485043
2.6532663316582905            -194.96554944251724
2.768844221105528             -256.28905699917567
