-20.0                         0.9051091204059575
-19.884422110552762           0.9051101614552893
-19.768844221105528           0.9051089882431828
-19.65326633165829            0.9051079427892231
-19.537688442211056           0.9051090346182424
-19.42211055276382            0.9051088309603638
-19.306532663316585           0.9051091462150458
-19.190954773869347           0.9051076386243728
-19.07537688442211            0.905109218792924
-18.959798994974875           0.9051088756087825
-18.844221105527637           0.905110178668304
-18.728643216080403           0.9051087361616289
-18.613065326633166           0.9051090293501044
-18.49748743718593            0.9051087979826334
-18.381909547738694           0.9051111284372676
-18.266331658291456           0.9051086560070573
-18.150753768844222           0.9051087335781197
-18.035175879396984           0.905108885139999
-17.91959798994975            0.9051086950349624
-17.804020100502512           0.905109165419747
-17.688442211055275           0.9051088796162391
-17.57286432160804            0.9051083817679935
-17.457286432160803           0.9051084323963371
-17.34170854271357            0.9051086048167994
-17.22613065326633            0.90510865663123
-17.110552763819094           0.9051083870613681
-16.99497487437186            0.9051088533563293
-16.87939698492462            0.9051083051386595
-16.763819095477388           0.9051090709234547
-16.64824120603015            0.9051084034481369
-16.532663316582916           0.9051084886864247
-16.417085427135678           0.9051084298910668
-16.301507537688444           0.9051078467522847
-16.185929648241206           0.9051084408326953
-16.07035175879397            0.90510870864002
-15.954773869346734           0.9051073557181023
-15.839195979899497           0.9051083490804276
-15.72361809045226            0.9051084600451295
-15.608040201005025           0.9051091354494329
-15.492462311557789           0.9051083373689018
-15.376884422110553           0.9051082732823205
-15.261306532663315           0.90510843023586
-15.145728643216081           0.9051083465417216
-15.030150753768844           0.9051092110568424
-14.914572864321608           0.905108076349791
-14.798994974874372           0.9051073566638014
-14.683417085427136           0.905108344438206
-14.5678391959799             0.9051082679941886
-14.452261306532662           0.9051082268371201
-14.336683417085428           0.9051081459823692
-14.22110552763819            0.9051086443478805
-14.105527638190955           0.9051080958487475
-13.989949748743719           0.9051071969425489
-13.874371859296481           0.9051079430429619
-13.758793969849247           0.9051086554209932
-13.64321608040201            0.9051080422167803
-13.527638190954773           0.905107359959707
-13.412060301507537           0.9051080841538784
-13.296482412060302           0.9051079050383851
-13.180904522613066           0.9051082254067981
-13.065326633165828           0.9051076760212947
-12.949748743718594           0.9051080747674026
-12.834170854271356           0.90510758898651
-12.71859296482412            0.9051082652061856
-12.603015075376884           0.9051074981848953
-12.487437185929648           0.9051080932095825
-12.371859296482413           0.9051078591592431
-12.256281407035175           0.905108165415999
-12.14070351758794            0.9051079350857307
-12.025125628140703           0.9051077478576124
-11.909547738693467           0.9051077534410502
-11.793969849246231           0.9051076611278868
-11.678391959798995           0.9051079144257371
-11.56281407035176            0.9051078527842189
-11.447236180904522           0.905108223811703
-11.331658291457286           0.9051079183976853
-11.21608040201005            0.9051078387631435
-11.100502512562814           0.9051081567481984
-10.984924623115578           0.9051079072601589
-10.869346733668342           0.9051077698497234
-10.753768844221106           0.9051071088484606
-10.638190954773869           0.9051079142220066
-10.522613065326633           0.905107681383362
-10.407035175879397           0.9051079062453624
-10.291457286432161           0.9051085874315634
-10.175879396984925           0.905107741982914
-10.06030150753769            0.9051076070036768
-9.944723618090451            0.9051077464196972
-9.829145728643216            0.9051073964402615
-9.71356783919598             0.9051082172542276
-9.597989949748744            0.9051077257907414
-9.482412060301508            0.9051076908945065
-9.366834170854272            0.9051077919264842
-9.251256281407034            0.905107696783908
-9.135678391959798            0.9051076317683266
-9.020100502512562            0.9051078214149229
-8.904522613065327            0.9051072548071688
-8.78894472361809             0.9051071753309301
-8.673366834170855            0.9051087165971744
-8.557788944723619            0.9051076613237578
-8.442211055276381            0.9051086537484453
-8.326633165829145            0.9051072041466781
-8.21105527638191             0.905107380336582
-8.095477386934673            0.9051077028474965
-7.9798994974874375           0.905107596890528
-7.864321608040202            0.9051075520323245
-7.748743718592964            0.9051074797643397
-7.633165829145728            0.905107602378011
-7.517587939698492            0.9051073348240304
-7.402010050251256            0.9051078536681428
-7.28643216080402             0.9051075619393294
-7.170854271356784            0.9051074927429816
-7.055276381909547            0.9051072230480809
-6.939698492462311            0.9051074824681833
-6.824120603015075            0.905107502790096
-6.708542713567839            0.9051073444510235
-6.592964824120603            0.9051074732975503
-6.477386934673367            0.9051074492956231
-6.361809045226131            0.9051074630870133
-6.246231155778894            0.9051073528328312
-6.130653266331658            0.905107440227282
-6.015075376884422            0.9051074430940482
-5.899497487437186            0.905107505239309
-5.78391959798995             0.9051073884675283
-5.668341708542714            0.9051074109586029
-5.5527638190954764           0.9051072551001251
-5.4371859296482405           0.9051071232531782
-5.321608040201005            0.9051072489041112
-5.206030150753769            0.9051073290618161
-5.090452261306533            0.9051074281052028
-4.974874371859297            0.9051073497429346
-4.859296482412061            0.9051075539845472
-4.743718592964823            0.9051073514660057
-4.628140703517587            0.9051074524232433
-4.5125628140703515           0.9051072926427008
-4.396984924623116            0.9051073072417354
-4.28140703517588             0.9051073310229991
-4.165829145728644            0.9051073085016571
-4.050251256281406            0.9051072115358477
-3.934673366834172            0.9051073304198065
-3.8190954773869343           0.9051073471349732
-3.7035175879396967           0.9051072852883201
-3.5879396984924625           0.905107300282874
-3.472361809045225            0.9051072861919606
-3.3567839195979907           0.9051073064723373
-3.241206030150753            0.9051072545043722
-3.125628140703519            0.9051072435547551
-3.0100502512562812           0.9051072471578697
-2.8944723618090435           0.905107282766951
-2.7788944723618094           0.9051071259297617
-2.6633165829145717           0.9051072296165166
-2.5477386934673376           0.9051072307404722
-2.4321608040201              0.9051072248341122
-2.316582914572866            0.9051072285215801
-2.201005025125628            0.9051072427971254
-2.0854271356783904           0.9051072305605111
-1.9698492462311563           0.9051071903828714
-1.8542713567839186           0.9051071306665534
-1.7386934673366845           0.9051071542542266
-1.6231155778894468           0.9051071057859196
-1.5075376884422127           0.9051071691506598
-1.391959798994975            0.9051071068854267
-1.2763819095477373           0.9051070172723924
-1.1608040201005032           0.9051067380556597
-1.0452261306532655           0.9051059167921804
-0.9296482412060314           0.9051036694469075
-0.8140703517587937           0.9050975990860562
-0.698492462311556            0.9050806015857772
-0.5829145728643219           0.905034995909644
-0.46733668341708423          0.9049134620904483
-0.3517587939698501           0.9045958003257584
-0.23618090452261245          0.9037862198456068
-0.12060301507537828          0.9017893669129483
-0.005025125628140596         0.8970643546640942
0.11055276381909708           0.8864377571627046
0.22613065326633117           0.8639173667045571
0.34170854271356893           0.8192229967257356
0.457286432160803             0.7363386373923677
0.5728643216080407            0.5923597598041619
0.6884422110552748            0.3565789459879583
0.8040201005025125            -0.01060332626554139
0.9195979899497502            -0.5594297900682442
1.0351758793969843            -1.3535333320162277
1.150753768844222             -2.4739066304894157
1.266331658291456             -4.02446537391582
1.3819095477386938            -6.139745316659894
1.4974874371859315            -8.994977562072423
1.6130653266331656            -12.818644770241573
1.7286432160804033            -17.908445331507696
1.8442211055276374            -24.652265603575202
1.959798994974875             -33.55576823849974
2.075376884422109             -45.27843634668239
2.190954773869347             -60.68057537929984
2.3065326633165846            -80.88461464795796
2.4221105527638187            -107.35507878380919
2.5376884422110564            -142.0029285064875
2.6532663316582905            -187.32170502452715
2.768844221105528             -248.31478564239174
