-20.0                         0.10991020749017355
-19.884422110552762           0.10991069899250731
-19.768844221105528           0.10991015803307945
-19.65326633165829            0.10990952545617827
-19.537688442211056           0.10991013236264126
-19.42211055276382            0.1099102145578616
-19.306532663316585           0.10991019241056468
-19.190954773869347           0.10991004766831063
-19.07537688442211            0.10991011973284658
-18.959798994974875           0.10991004905474197
-18.844221105527637           0.1099104019630282
-18.728643216080403           0.10991005408308474
-18.613065326633166           0.10990991671885485
-18.49748743718593            0.10990997953423377
-18.381909547738694           0.10991067626683157
-18.266331658291456           0.10990987504324294
-18.150753768844222           0.10990994830661813
-18.035175879396984           0.10990948056138514
-17.91959798994975            0.1099098617968975
-17.804020100502512           0.10990990988847625
-17.688442211055275           0.10990998204283463
-17.57286432160804            0.10990986927965632
-17.457286432160803           0.10990966227678399
-17.34170854271357            0.1099098261563065
-17.22613065326633            0.10990995203354162
-17.110552763819094           0.10990964193984076
-16.99497487437186            0.10990972754505998
-16.87939698492462            0.10990985772102053
-16.763819095477388           0.10990977010247263
-16.64824120603015            0.10990976363130239
-16.532663316582916           0.10990961846682161
-16.417085427135678           0.10990969103856217
-16.301507537688444           0.10990965501220763
-16.185929648241206           0.10990961321186585
-16.07035175879397            0.1099096593650558
-15.954773869346734           0.10990925695305565
-15.839195979899497           0.10990953893156417
-15.72361809045226            0.10990953839890341
-15.608040201005025           0.10990941242808946
-15.492462311557789           0.10990945848339094
-15.376884422110553           0.10990929333389372
-15.261306532663315           0.10990951335082834
-15.145728643216081           0.10990942906352828
-15.030150753768844           0.10990965906742833
-14.914572864321608           0.10990930757276719
-14.798994974874372           0.10990911055903524
-14.683417085427136           0.10990938618314254
-14.5678391959799             0.10990940881661229
-14.452261306532662           0.10990937742381221
-14.336683417085428           0.10990930777053524
-14.22110552763819            0.10990920036703046
-14.105527638190955           0.1099093165051599
-13.989949748743719           0.10990881722589106
-13.874371859296481           0.10990920337349705
-13.758793969849247           0.1099097935883493
-13.64321608040201            0.10990926553809076
-13.527638190954773           0.10990918555345579
-13.412060301507537           0.10990923823030536
-13.296482412060302           0.10990943664139924
-13.180904522613066           0.10990920404931889
-13.065326633165828           0.10990887246417787
-12.949748743718594           0.10990924008577713
-12.834170854271356           0.1099088827140446
-12.71859296482412            0.10990928837494332
-12.603015075376884           0.10990883176990975
-12.487437185929648           0.10990915555624264
-12.371859296482413           0.10990914579603564
-12.256281407035175           0.1099091586733321
-12.14070351758794            0.10990905888276063
-12.025125628140703           0.10990924398412863
-11.909547738693467           0.1099089678933327
-11.793969849246231           0.10990893782769368
-11.678391959798995           0.10990902189682619
-11.56281407035176            0.10990900273909153
-11.447236180904522           0.10990909952128143
-11.331658291457286           0.10990902487610862
-11.21608040201005            0.10990898545329779
-11.100502512562814           0.10990931499423612
-10.984924623115578           0.10990899578546207
-10.869346733668342           0.10990891417273331
-10.753768844221106           0.10990862775353763
-10.638190954773869           0.10990893159554758
-10.522613065326633           0.10990890276753927
-10.407035175879397           0.10990890485193527
-10.291457286432161           0.1099090112523517
-10.175879396984925           0.10990887693822259
-10.06030150753769            0.1099088014796693
-9.944723618090451            0.10990884528734457
-9.829145728643216            0.10990889682071384
-9.71356783919598             0.10990886795586531
-9.597989949748744            0.10990880602463306
-9.482412060301508            0.10990881431260617
-9.366834170854272            0.10990879438812665
-9.251256281407034            0.10990878730199025
-9.135678391959798            0.10990878618477606
-9.020100502512562            0.10990879683449147
-8.904522613065327            0.10990873060151471
-8.78894472361809             0.10990858902450595
-8.673366834170855            0.10990923137441957
-8.557788944723619            0.10990870200171832
-8.442211055276381            0.10990919138036886
-8.326633165829145            0.10990858819068848
-8.21105527638191             0.10990875919016013
-8.095477386934673            0.10990865784408266
-7.9798994974874375           0.10990867167500107
-7.864321608040202            0.10990865622453168
-7.748743718592964            0.10990863902120943
-7.633165829145728            0.10990864708053957
-7.517587939698492            0.10990860359182529
-7.402010050251256            0.10990865084730334
-7.28643216080402             0.10990864128712698
-7.170854271356784            0.10990861398401033
-7.055276381909547            0.10990847822446768
-6.939698492462311            0.10990858243488773
-6.824120603015075            0.1099085900429553
-6.708542713567839            0.10990860620851672
-6.592964824120603            0.10990854281941731
-6.477386934673367            0.10990846344468
-6.361809045226131            0.10990853545328784
-6.246231155778894            0.1099084740175183
-6.130653266331658            0.10990853709601647
-6.015075376884422            0.10990853351848097
-5.899497487437186            0.1099085431380459
-5.78391959798995             0.10990851621438195
-5.668341708542714            0.10990851309471829
-5.5527638190954764           0.10990847294308394
-5.4371859296482405           0.10990838360555624
-5.321608040201005            0.10990847945122403
-5.206030150753769            0.10990846016050577
-5.090452261306533            0.1099084488807111
-4.974874371859297            0.10990851727092224
-4.859296482412061            0.10990857521833665
-4.743718592964823            0.10990844987587794
-4.628140703517587            0.10990848655357355
-4.5125628140703515           0.10990841794686068
-4.396984924623116            0.10990841570606881
-4.28140703517588             0.10990841689335402
-4.165829145728644            0.10990840143977355
-4.050251256281406            0.10990841073588284
-3.934673366834172            0.10990838225889211
-3.8190954773869343           0.10990836699279412
-3.7035175879396967           0.10990832571336212
-3.5879396984924625           0.10990828746825504
-3.472361809045225            0.10990822447182437
-3.3567839195979907           0.1099081442248009
-3.241206030150753            0.10990799283369435
-3.125628140703519            0.10990776296060856
-3.0100502512562812           0.10990741137824989
-2.8944723618090435           0.10990681370321984
-2.7788944723618094           0.10990586977464316
-2.6633165829145717           0.10990443352879169
-2.5477386934673376           0.10990212687734548
-2.4321608040201              0.10989838539413585
-2.316582914572866            0.10989239271361172
-2.201005025125628            0.1098827943658769
-2.0854271356783904           0.10986741103469638
-1.9698492462311563           0.10984275216031847
-1.8542713567839186           0.10980326465214435
-1.7386934673366845           0.10974008967027649
-1.6231155778894468           0.10963893625984322
-1.5075376884422127           0.10947725923639678
-1.391959798994975            0.10921890250317648
-1.2763819095477373           0.10880663753981927
-1.1608040201005032           0.10814994174471264
-1.0452261306532655           0.10710622228005098
-0.9296482412060314           0.10545237555221254
-0.8140703517587937           0.10284184391410468
-0.698492462311556            0.09874139229313737
-0.5829145728643219           0.09234067884668633
-0.46733668341708423          0.08242459466712666
-0.3517587939698501           0.06720100829993443
-0.23618090452261245          0.044074045198815776
-0.12060301507537828          0.009355734635855074
-0.005025125628140596         -0.042091600430363536
0.11055276381909708           -0.11729185863967462
0.22613065326633117           -0.22568851410893945
0.34170854271356893           -0.3798048166014505
0.457286432160803             -0.5960800368408528
0.5728643216080407            -0.8959494407751579
0.6884422110552748            -1.30725603959622
0.8040201005025125            -1.8661013230050127
0.9195979899497502            -2.619263679025619
1.0351758793969843            -3.6273551466557077
1.150753768844222             -4.968980564300026
1.266331658291456             -6.746331993701516
1.3819095477386938            -9.09272700279987
1.4974874371859315            -12.182418991275668
1.6130653266331656            -16.243036515870035
1.7286432160804033            -21.571590092960815
1.8442211055276374            -28.55546614994625
1.959798994974875             -37.699976503144526
2.075376884422109             -49.664355713311274
2.190954773869347             -65.30873011721513
2.3065326633165846            -85.75539811288402
2.4221105527638187            -112.46878759525693
2.5376884422110564            -147.35978719533105
2.6532663316582905            -192.92188404546422
2.768844221105528             -254.1570469489244
