-20.0                         0.08627807052645114
-19.884422110552762           0.08627840287104258
-19.768844221105528           0.08627802823822459
-19.65326633165829            0.08627756626870728
-19.537688442211056           0.0862780044641386
-19.42211055276382            0.08627806924615877
-19.306532663316585           0.08627800667630545
-19.190954773869347           0.08627806279323755
-19.07537688442211            0.0862779458735822
-18.959798994974875           0.0862779210658158
-18.844221105527637           0.08627800513228201
-18.728643216080403           0.08627788997228839
-18.613065326633166           0.08627778494756139
-18.49748743718593            0.08627784218986932
-18.381909547738694           0.08627814372138308
-18.266331658291456           0.08627776358596777
-18.150753768844222           0.08627781014767086
-18.035175879396984           0.08627743311022806
-17.91959798994975            0.08627772911886812
-17.804020100502512           0.0862777254066169
-17.688442211055275           0.08627774853950852
-17.57286432160804            0.08627773436780821
-17.457286432160803           0.08627756683718955
-17.34170854271357            0.08627765983510789
-17.22613065326633            0.08627771335932573
-17.110552763819094           0.08627756138800691
-16.99497487437186            0.08627758734092768
-16.87939698492462            0.08627765689487744
-16.763819095477388           0.08627757408021679
-16.64824120603015            0.0862775873124238
-16.532663316582916           0.08627752743400473
-16.417085427135678           0.08627756665259402
-16.301507537688444           0.08627755496871053
-16.185929648241206           0.08627747032167848
-16.07035175879397            0.08627749850497554
-15.954773869346734           0.08627729778324747
-15.839195979899497           0.08627741741209148
-15.72361809045226            0.08627740641501119
-15.608040201005025           0.08627728383924861
-15.492462311557789           0.08627733239463903
-15.376884422110553           0.08627726819299937
-15.261306532663315           0.08627735752670973
-15.145728643216081           0.08627730402604757
-15.030150753768844           0.08627736053101931
-14.914572864321608           0.0862772090091566
-14.798994974874372           0.08627715974379463
-14.683417085427136           0.08627724745733042
-14.5678391959799             0.08627727063351878
-14.452261306532662           0.08627724453216663
-14.336683417085428           0.08627718497565391
-14.22110552763819            0.08627710393538002
-14.105527638190955           0.08627719533348036
-13.989949748743719           0.0862768375080675
-13.874371859296481           0.0862771042804791
-13.758793969849247           0.0862775119425804
-13.64321608040201            0.0862771360251643
-13.527638190954773           0.08627715246646905
-13.412060301507537           0.08627710590768503
-13.296482412060302           0.08627723835694856
-13.180904522613066           0.08627706644323871
-13.065326633165828           0.08627685507716094
-12.949748743718594           0.08627707913245741
-12.834170854271356           0.08627681983678442
-12.71859296482412            0.08627709828834627
-12.603015075376884           0.0862768262264387
-12.487437185929648           0.08627699889372707
-12.371859296482413           0.08627699234726838
-12.256281407035175           0.08627699839944358
-12.14070351758794            0.0862769270614775
-12.025125628140703           0.08627706231870624
-11.909547738693467           0.08627686057188619
-11.793969849246231           0.08627687498110562
-11.678391959798995           0.08627689028562396
-11.56281407035176            0.08627687615436742
-11.447236180904522           0.0862769148866733
-11.331658291457286           0.08627687217606775
-11.21608040201005            0.08627684844954457
-11.100502512562814           0.08627708488781977
-10.984924623115578           0.08627683833029756
-10.869346733668342           0.08627678652244847
-10.753768844221106           0.08627660226095085
-10.638190954773869           0.08627678595709176
-10.522613065326633           0.08627678003800675
-10.407035175879397           0.08627675747395806
-10.291457286432161           0.08627676700642319
-10.175879396984925           0.0862767362991829
-10.06030150753769            0.08627668609689575
-9.944723618090451            0.08627670855497309
-9.829145728643216            0.08627677167387986
-9.71356783919598             0.08627667504148206
-9.597989949748744            0.08627667096065891
-9.482412060301508            0.08627667614418158
-9.366834170854272            0.08627664853639115
-9.251256281407034            0.0862766452019125
-9.135678391959798            0.08627664160100186
-9.020100502512562            0.08627662721638138
-8.904522613065327            0.08627663888693062
-8.78894472361809             0.08627652336608929
-8.673366834170855            0.0862769288963987
-8.557788944723619            0.08627655779089914
-8.442211055276381            0.08627689522026721
-8.326633165829145            0.0862765114322784
-8.21105527638191             0.08627661579802545
-8.095477386934673            0.0862765268990264
-7.9798994974874375           0.08627653029917424
-7.864321608040202            0.08627651962991759
-7.748743718592964            0.08627651018683662
-7.633165829145728            0.0862765013270387
-7.517587939698492            0.08627649364329784
-7.402010050251256            0.08627647452866796
-7.28643216080402             0.08627648994941106
-7.170854271356784            0.0862764726025097
-7.055276381909547            0.08627639680351373
-6.939698492462311            0.08627644400581105
-6.824120603015075            0.08627644142582645
-6.708542713567839            0.08627647866795175
-6.592964824120603            0.08627640164042472
-6.477386934673367            0.0862763386708722
-6.361809045226131            0.08627639211756839
-6.246231155778894            0.08627633575679174
-6.130653266331658            0.08627637491868563
-6.015075376884422            0.08627636383697576
-5.899497487437186            0.08627635065411722
-5.78391959798995             0.08627632939908225
-5.668341708542714            0.08627631042379719
-5.5527638190954764           0.08627627019119899
-5.4371859296482405           0.08627617320746789
-5.321608040201005            0.08627619474062811
-5.206030150753769            0.08627611755636867
-5.090452261306533            0.08627602604687816
-4.974874371859297            0.08627595890354792
-4.859296482412061            0.08627584460486226
-4.743718592964823            0.08627556255976535
-4.628140703517587            0.08627531075457537
-4.5125628140703515           0.08627488768956743
-4.396984924623116            0.08627436052563016
-4.28140703517588             0.08627364609381863
-4.165829145728644            0.08627265818048761
-4.050251256281406            0.08627133180463305
-3.934673366834172            0.08626946304292424
-3.8190954773869343           0.08626693014038675
-3.7035175879396967           0.08626345075106732
-3.5879396984924625           0.08625868787507505
-3.472361809045225            0.08625215223041408
-3.3567839195979907           0.0862431981054978
-3.241206030150753            0.08623090451008406
-3.125628140703519            0.08621403560885221
-3.0100502512562812           0.08619090680368899
-2.8944723618090435           0.08615914689660015
-2.7788944723618094           0.08611559001582947
-2.6633165829145717           0.08605586674923042
-2.5477386934673376           0.08597392996713964
-2.4321608040201              0.08586148041189913
-2.316582914572866            0.0857071951526568
-2.201005025125628            0.08549550633727722
-2.0854271356783904           0.08520504780271675
-1.9698492462311563           0.08480649644770143
-1.8542713567839186           0.08425963727110569
-1.7386934673366845           0.0835092923068163
-1.6231155778894468           0.08247969352131952
-1.5075376884422127           0.08106705836128418
-1.391959798994975            0.07912891141100203
-1.2763819095477373           0.07647009095228145
-1.1608040201005032           0.07282333410885038
-1.0452261306532655           0.0678229795360803
-0.9296482412060314           0.060969555778145314
-0.8140703517587937           0.05158203019508292
-0.698492462311556            0.038733999441683716
-0.5829145728643219           0.021169453923548003
-0.46733668341708423          -0.002808901014848008
-0.3517587939698501           -0.035484860317787865
-0.23618090452261245          -0.07991747803903652
-0.12060301507537828          -0.14018451410263336
-0.005025125628140596         -0.22169559092861738
0.11055276381909708           -0.3315942522796907
0.22613065326633117           -0.4792754503935899
0.34170854271356893           -0.6770527346549619
0.457286432160803             -0.9410223703777099
0.5728643216080407            -1.2921846095643466
0.6884422110552748            -1.7579004757040333
0.8040201005025125            -2.373782885676102
0.9195979899497502            -3.1861470407326737
1.0351758793969843            -4.255192255563865
1.150753768844222             -5.659182675974067
1.266331658291456             -7.500050794653263
1.3819095477386938            -9.910912504251115
1.4974874371859315            -13.065837881285423
1.6130653266331656            -17.192280705044855
1.7286432160804033            -22.58710256630477
1.8442211055276374            -29.637576245718257
1.959798994974875             -38.84893023826458
2.075376884422109             -50.880337938160565
2.190954773869347             -66.59188037050016
2.3065326633165846            -87.10582210458321
2.4221105527638187            -113.88656562654015
2.5376884422110564            -148.84498039315395
2.6532663316582905            -194.4745390139722
2.768844221105528             -255.77682081827115
