-20.0                         0.0842570977668868
-19.884422110552762           0.08425743716693694
-19.768844221105528           0.08425705523949906
-19.65326633165829            0.08425658558280262
-19.537688442211056           0.08425703161280648
-19.42211055276382            0.08425709788901577
-19.306532663316585           0.08425703563616556
-19.190954773869347           0.08425708715170685
-19.07537688442211            0.08425697452273576
-18.959798994974875           0.08425694840130847
-18.844221105527637           0.08425704111392471
-18.728643216080403           0.08425691836031965
-18.613065326633166           0.08425681160795225
-18.49748743718593            0.08425686960972313
-18.381909547738694           0.08425718585592402
-18.266331658291456           0.08425679002053978
-18.150753768844222           0.08425683799393545
-18.035175879396984           0.08425645489024006
-17.91959798994975            0.08425675628461524
-17.804020100502512           0.08425675406687878
-17.688442211055275           0.08425677919891442
-17.57286432160804            0.08425676263819301
-17.457286432160803           0.08425659243651984
-17.34170854271357            0.08425668818993852
-17.22613065326633            0.08425674472688652
-17.110552763819094           0.08425658660817689
-16.99497487437186            0.08425661463469604
-16.87939698492462            0.08425668738690147
-16.763819095477388           0.08425660337796598
-16.64824120603015            0.08425661649927402
-16.532663316582916           0.0842565537223202
-16.417085427135678           0.08425659405978746
-16.301507537688444           0.08425658257610473
-16.185929648241206           0.08425649792482118
-16.07035175879397            0.0842565268455623
-15.954773869346734           0.08425631846009901
-15.839195979899497           0.08425644431478903
-15.72361809045226            0.08425643372806403
-15.608040201005025           0.08425630932305968
-15.492462311557789           0.08425635930205205
-15.376884422110553           0.08425629126344726
-15.261306532663315           0.08425638563165663
-15.145728643216081           0.08425633090463361
-15.030150753768844           0.08425639301491744
-14.914572864321608           0.08425623478866512
-14.798994974874372           0.08425618036030083
-14.683417085427136           0.08425627482085996
-14.5678391959799             0.08425629848009841
-14.452261306532662           0.08425627211500564
-14.336683417085428           0.08425621182729665
-14.22110552763819            0.08425612871448891
-14.105527638190955           0.08425622250363456
-13.989949748743719           0.08425585811307873
-13.874371859296481           0.08425613021508527
-13.758793969849247           0.08425654691621057
-13.64321608040201            0.084256163465018
-13.527638190954773           0.08425617733456561
-13.412060301507537           0.08425613337601445
-13.296482412060302           0.08425626959789762
-13.180904522613066           0.08425609383521668
-13.065326633165828           0.08425587703368556
-12.949748743718594           0.08425610778490761
-12.834170854271356           0.08425584385963682
-12.71859296482412            0.08425612811872579
-12.603015075376884           0.08425584803844978
-12.487437185929648           0.08425602704531132
-12.371859296482413           0.08425602064132219
-12.256281407035175           0.08425602678364053
-12.14070351758794            0.08425595429711508
-12.025125628140703           0.08425609277305825
-11.909547738693467           0.0842558867812276
-11.793969849246231           0.08425590005907535
-11.678391959798995           0.08425591759296949
-11.56281407035176            0.0842559032691924
-11.447236180904522           0.08425594417730371
-11.331658291457286           0.08425590033172321
-11.21608040201005            0.08425587603625397
-11.100502512562814           0.084256117329836
-10.984924623115578           0.08425586665000011
-10.869346733668342           0.08425581361586894
-10.753768844221106           0.08425562506316772
-10.638190954773869           0.0842558137568148
-10.522613065326633           0.08425580722632929
-10.407035175879397           0.08425578517514094
-10.291457286432161           0.08425579787173035
-10.175879396984925           0.08425576395351993
-10.06030150753769            0.08425571268573397
-9.944723618090451            0.08425573603998546
-9.829145728643216            0.08425579974421896
-9.71356783919598             0.08425570378622561
-9.597989949748744            0.08425569835088918
-9.482412060301508            0.08425570381414585
-9.366834170854272            0.0842556761630129
-9.251256281407034            0.08425567288394499
-9.135678391959798            0.0842556694582529
-9.020100502512562            0.08425565558706329
-8.904522613065327            0.08425566539647648
-8.78894472361809             0.08425554804747964
-8.673366834170855            0.08425596347014021
-8.557788944723619            0.08425558542670442
-8.442211055276381            0.0842559295280501
-8.326633165829145            0.08425553664260642
-8.21105527638191             0.08425564434258725
-8.095477386934673            0.08425555401496398
-7.9798994974874375           0.08425555795837736
-7.864321608040202            0.0842555471686758
-7.748743718592964            0.08425553746851411
-7.633165829145728            0.08425552917997657
-7.517587939698492            0.08425552061450522
-7.402010050251256            0.0842555030937825
-7.28643216080402             0.08425551826025593
-7.170854271356784            0.08425550064366097
-7.055276381909547            0.08425542246389126
-6.939698492462311            0.08425547210891345
-6.824120603015075            0.08425547010096196
-6.708542713567839            0.08425550720429703
-6.592964824120603            0.08425543053460506
-6.477386934673367            0.08425536707939715
-6.361809045226131            0.08425542229770903
-6.246231155778894            0.08425536647592823
-6.130653266331658            0.08425540786138604
-6.015075376884422            0.08425539861129949
-5.899497487437186            0.08425538829328896
-5.78391959798995             0.0842553699179677
-5.668341708542714            0.08425535538963896
-5.5527638190954764           0.08425532051308456
-5.4371859296482405           0.08425523037253675
-5.321608040201005            0.08425526445953543
-5.206030150753769            0.08425520177729781
-5.090452261306533            0.08425512988383453
-4.974874371859297            0.0842550907132894
-4.859296482412061            0.08425501305308636
-4.743718592964823            0.08425477689381701
-4.628140703517587            0.08425458994633485
-4.5125628140703515           0.08425425224340859
-4.396984924623116            0.08425384087499614
-4.28140703517588             0.0842532815847196
-4.165829145728644            0.08425250110106383
-4.050251256281406            0.08425145260184942
-3.934673366834172            0.0842499549232036
-3.8190954773869343           0.08424791790044114
-3.7035175879396967           0.08424509979125036
-3.5879396984924625           0.08424121891246018
-3.472361809045225            0.08423585780001142
-3.3567839195979907           0.08422846636900821
-3.241206030150753            0.0842182487061776
-3.125628140703519            0.08420413475350405
-3.0100502512562812           0.08418465681383128
-2.8944723618090435           0.08415772732921412
-2.7788944723618094           0.08412055185283798
-2.6633165829145717           0.08406924558740173
-2.5477386934673376           0.08399838880898079
-2.4321608040201              0.08390049471254243
-2.316582914572866            0.0837652891215228
-2.201005025125628            0.08357855034840428
-2.0854271356783904           0.08332063240773675
-1.9698492462311563           0.08296439870028645
-1.8542713567839186           0.08247239714539792
-1.7386934673366845           0.08179291727936226
-1.6231155778894468           0.0808545048126051
-1.5075376884422127           0.0795587017097204
-1.391959798994975            0.07776952750163758
-1.2763819095477373           0.07529965119509957
-1.1608040201005032           0.07189111277312434
-1.0452261306532655           0.06718911200819558
-0.9296482412060314           0.060706600901083735
-0.8140703517587937           0.05177640720034071
-0.698492462311556            0.0394871309117989
-0.5829145728643219           0.0225984114487518
-0.46733668341708423          -0.0005714812536391164
-0.3517587939698501           -0.0322917880446515
-0.23618090452261245          -0.07560908644345495
-0.12060301507537828          -0.13459181754035363
-0.005025125628140596         -0.21464437453562843
0.11055276381909708           -0.3229097729028772
0.22613065326633117           -0.468787298521241
0.34170854271356893           -0.6645993567072616
0.457286432160803             -0.9264548063236119
0.5728643216080407            -1.275369149264833
0.6884422110552748            -1.738720127375022
0.8040201005025125            -2.3521377247057313
0.9195979899497502            -3.1619535791106044
1.0351758793969843            -4.228381914382584
1.150753768844222             -5.629699374244176
1.266331658291456             -7.467848116701174
1.3819095477386938            -9.875951728561063
1.4974874371859315            -13.028087490331842
1.6130653266331656            -17.15171618564863
1.7286432160804033            -22.543705448127962
1.8442211055276374            -29.591332718160754
1.959798994974875             -38.79982993853093
2.075376884422109             -50.828373053324086
2.190954773869347             -66.537044987439
2.3065326633165846            -87.04811173481791
2.4221105527638187            -113.82597685529015
2.5376884422110564            -148.78151061800537
2.6532663316582905            -194.4081862490472
2.768844221105528             -255.7075997127435
