-20.0                         0.21564891840530248
-19.884422110552762           0.21564953257278613
-19.768844221105528           0.21564885897644265
-19.65326633165829            0.21564809563135026
-19.537688442211056           0.2156488236048422
-19.42211055276382            0.2156488885376798
-19.306532663316585           0.21564895104703338
-19.190954773869347           0.21564851241881436
-19.07537688442211            0.21564886432566446
-18.959798994974875           0.21564873452968972
-18.844221105527637           0.21564937833560072
-18.728643216080403           0.2156487735183844
-18.613065326633166           0.2156486361910278
-18.49748743718593            0.2156486827943831
-18.381909547738694           0.21564976088592458
-18.266331658291456           0.2156485529336197
-18.150753768844222           0.21564863750894403
-18.035175879396984           0.21564818375545045
-17.91959798994975            0.21564856342508715
-17.804020100502512           0.21564868022437209
-17.688442211055275           0.21564877370405525
-17.57286432160804            0.21564852276863722
-17.457286432160803           0.215648331473333
-17.34170854271357            0.21564855457890614
-17.22613065326633            0.21564872368935337
-17.110552763819094           0.2156482959388621
-16.99497487437186            0.2156484520219334
-16.87939698492462            0.21564857122729053
-16.763819095477388           0.2156485438548021
-16.64824120603015            0.21564847814739618
-16.532663316582916           0.21564826247005905
-16.417085427135678           0.2156483674549349
-16.301507537688444           0.21564825251735048
-16.185929648241206           0.2156483189647796
-16.07035175879397            0.2156483890172363
-15.954773869346734           0.2156477880279391
-15.839195979899497           0.2156482242632719
-15.72361809045226            0.21564823416352824
-15.608040201005025           0.2156481873759557
-15.492462311557789           0.21564815326882153
-15.376884422110553           0.21564791539196454
-15.261306532663315           0.2156482331952942
-15.145728643216081           0.21564812490453728
-15.030150753768844           0.2156485433810826
-14.914572864321608           0.21564797794859597
-14.798994974874372           0.2156476372102375
-14.683417085427136           0.21564809543666702
-14.5678391959799             0.2156480972652206
-14.452261306532662           0.21564806284301208
-14.336683417085428           0.21564799691943223
-14.22110552763819            0.21564792485849246
-14.105527638190955           0.21564799209406135
-13.989949748743719           0.21564739183427328
-13.874371859296481           0.2156478703918439
-13.758793969849247           0.215648559649115
-13.64321608040201            0.21564794831776193
-13.527638190954773           0.21564774468086823
-13.412060301507537           0.2156479282741113
-13.296482412060302           0.2156481292393252
-13.180904522613066           0.21564791391985966
-13.065326633165828           0.21564749917156933
-12.949748743718594           0.21564795000273246
-12.834170854271356           0.21564753057069588
-12.71859296482412            0.21564802612519215
-12.603015075376884           0.21564743725473162
-12.487437185929648           0.21564787623855491
-12.371859296482413           0.2156478456293229
-12.256281407035175           0.21564788405281715
-12.14070351758794            0.21564775556216323
-12.025125628140703           0.21564792951976586
-11.909547738693467           0.21564764390269694
-11.793969849246231           0.21564756217173617
-11.678391959798995           0.21564771708492864
-11.56281407035176            0.21564769334355943
-11.447236180904522           0.2156478471327591
-11.331658291457286           0.21564773564966527
-11.21608040201005            0.21564768195216294
-11.100502512562814           0.21564805356796574
-10.984924623115578           0.21564771139672115
-10.869346733668342           0.21564760646925482
-10.753768844221106           0.21564723334128996
-10.638190954773869           0.21564764237207515
-10.522613065326633           0.2156475819933272
-10.407035175879397           0.21564762528238768
-10.291457286432161           0.21564784030970538
-10.175879396984925           0.21564757865024267
-10.06030150753769            0.21564748318621274
-9.944723618090451            0.21564754505979322
-9.829145728643216            0.21564754586997859
-9.71356783919598             0.21564765495961105
-9.597989949748744            0.21564750631032573
-9.482412060301508            0.21564751116422565
-9.366834170854272            0.2156475118361966
-9.251256281407034            0.2156474924147288
-9.135678391959798            0.21564748804342979
-9.020100502512562            0.2156475401468011
-8.904522613065327            0.2156473631811716
-8.78894472361809             0.21564722356370794
-8.673366834170855            0.21564807027341762
-8.557788944723619            0.21564741365072548
-8.442211055276381            0.2156480249877486
-8.326633165829145            0.2156472307278617
-8.21105527638191             0.21564743301100114
-8.095477386934673            0.2156473653506852
-7.9798994974874375           0.21564737828484734
-7.864321608040202            0.21564735606928023
-7.748743718592964            0.2156473302935978
-7.633165829145728            0.21564735811550254
-7.517587939698492            0.21564726501836726
-7.402010050251256            0.21564741056638698
-7.28643216080402             0.21564735248877318
-7.170854271356784            0.21564731438687443
-7.055276381909547            0.21564713191933627
-6.939698492462311            0.21564728251799517
-6.824120603015075            0.215647298435915
-6.708542713567839            0.21564728238938574
-6.592964824120603            0.21564724709790117
-6.477386934673367            0.21564716343949047
-6.361809045226131            0.21564723645257836
-6.246231155778894            0.21564716881496368
-6.130653266331658            0.21564724546610117
-6.015075376884422            0.2156472450850558
-5.899497487437186            0.21564727118603455
-5.78391959798995             0.21564721916948454
-5.668341708542714            0.2156472172308495
-5.5527638190954764           0.2156471492976415
-5.4371859296482405           0.2156470506714494
-5.321608040201005            0.215647162175833
-5.206030150753769            0.21564715271534626
-5.090452261306533            0.21564715435845386
-4.974874371859297            0.215647228770139
-4.859296482412061            0.2156473135945728
-4.743718592964823            0.2156471585873568
-4.628140703517587            0.21564720617003733
-4.5125628140703515           0.21564711425446798
-4.396984924623116            0.2156471224707699
-4.28140703517588             0.21564713006611744
-4.165829145728644            0.21564711372622505
-4.050251256281406            0.21564711436224138
-3.934673366834172            0.21564711299109554
-3.8190954773869343           0.21564711400195222
-3.7035175879396967           0.215647084227467
-3.5879396984924625           0.21564708036004335
-3.472361809045225            0.21564706943057876
-3.3567839195979907           0.21564707774155023
-3.241206030150753            0.215647050222805
-3.125628140703519            0.21564704021708567
-3.0100502512562812           0.21564703493548626
-2.8944723618090435           0.21564699178531188
-2.7788944723618094           0.2156469070503781
-2.6633165829145717           0.21564688473548543
-2.5477386934673376           0.21564681407434072
-2.4321608040201              0.21564663226285108
-2.316582914572866            0.21564630593461417
-2.201005025125628            0.21564571784401304
-2.0854271356783904           0.2156446343238093
-1.9698492462311563           0.21564263941791814
-1.8542713567839186           0.21563901088536241
-1.7386934673366845           0.21563246792617494
-1.6231155778894468           0.21562047025255335
-1.5075376884422127           0.2155987259627716
-1.391959798994975            0.21555908894249476
-1.2763819095477373           0.2154870668871188
-1.1608040201005032           0.2153565152130347
-1.0452261306532655           0.21512048026782782
-0.9296482412060314           0.2146954157382538
-0.8140703517587937           0.21393378523781953
-0.698492462311556            0.2125780301046953
-0.5829145728643219           0.21018602596594116
-0.46733668341708423          0.20601194283232357
-0.3517587939698501           0.19882758522511204
-0.23618090452261245          0.1866656187551121
-0.12060301507537828          0.1664731835090487
-0.005025125628140596         0.13367333251583507
0.11055276381909708           0.08164200240776276
0.22613065326633117           0.0011082673963839203
0.34170854271356893           -0.1205298227241923
0.457286432160803             -0.30001597018748527
0.5728643216080407            -0.5592525551609223
0.6884422110552748            -0.9266348786404938
0.8040201005025125            -1.4388318509168687
0.9195979899497502            -2.14315332157564
1.0351758793969843            -3.100674276170276
1.150753768844222             -4.390373032138865
1.266331658291456             -6.114719492856193
1.3819095477386938            -8.407238679030282
1.4974874371859315            -11.442363261962601
1.6130653266331656            -15.447886859605184
1.7286432160804033            -20.720957512470985
1.8442211055276374            -27.649064594840365
1.959798994974875             -36.73759411721668
2.075376884422109             -48.645834351998246
2.190954773869347             -64.23395099516713
2.3065326633165846            -84.62427158391861
2.4221105527638187            -111.28124575845867
2.5376884422110564            -146.11577847776584
2.6532663316582905            -191.62136919385804
2.768844221105528             -252.8003132805827
