-20.0                         0.7143774761930413
-19.884422110552762           0.7143784032308568
-19.768844221105528           0.7143773639848555
-19.65326633165829            0.7143763507343434
-19.537688442211056           0.7143773529917129
-19.42211055276382            0.714377240378998
-19.306532663316585           0.7143775396968324
-19.190954773869347           0.7143762262473603
-19.07537688442211            0.7143775270170701
-18.959798994974875           0.7143772237779141
-18.844221105527637           0.7143784662784565
-18.728643216080403           0.7143771794670214
-18.613065326633166           0.7143773067902468
-18.49748743718593            0.7143771775615325
-18.381909547738694           0.7143792443305086
-18.266331658291456           0.714377018013731
-18.150753768844222           0.7143771001427811
-18.035175879396984           0.7143770468249856
-17.91959798994975            0.7143770682272614
-17.804020100502512           0.7143774449817166
-17.688442211055275           0.7143773161694966
-17.57286432160804            0.7143767902202685
-17.457286432160803           0.7143767915774922
-17.34170854271357            0.7143770231439288
-17.22613065326633            0.7143771343381
-17.110552763819094           0.7143767408866035
-16.99497487437186            0.7143771438638279
-16.87939698492462            0.7143768116427681
-16.763819095477388           0.7143773286766046
-16.64824120603015            0.714376844123947
-16.532663316582916           0.7143767636278444
-16.417085427135678           0.7143768036503104
-16.301507537688444           0.7143763239243531
-16.185929648241206           0.7143768103300416
-16.07035175879397            0.7143770235458644
-15.954773869346734           0.7143758418146736
-15.839195979899497           0.7143767066516207
-15.72361809045226            0.7143767779191642
-15.608040201005025           0.714377256633921
-15.492462311557789           0.714376678020639
-15.376884422110553           0.7143765062013906
-15.261306532663315           0.7143767811673533
-15.145728643216081           0.7143766743789213
-15.030150753768844           0.7143774929757528
-14.914572864321608           0.7143764368158925
-14.798994974874372           0.714375779954421
-14.683417085427136           0.7143766696475066
-14.5678391959799             0.7143765963878888
-14.452261306532662           0.7143765561222709
-14.336683417085428           0.7143764961837983
-14.22110552763819            0.7143768154873732
-14.105527638190955           0.7143764499837633
-13.989949748743719           0.7143756205762246
-13.874371859296481           0.7143763108002372
-13.758793969849247           0.7143770496523711
-13.64321608040201            0.714376404024305
-13.527638190954773           0.7143758285289016
-13.412060301507537           0.7143764278359805
-13.296482412060302           0.7143763789317695
-13.180904522613066           0.7143765279880069
-13.065326633165828           0.7143759878008
-12.949748743718594           0.7143764418196578
-12.834170854271356           0.714375954602828
-12.71859296482412            0.7143766045501012
-12.603015075376884           0.7143758407751493
-12.487437185929648           0.7143764373327282
-12.371859296482413           0.7143762583985738
-12.256281407035175           0.7143764913251129
-12.14070351758794            0.7143762768744034
-12.025125628140703           0.7143762041482251
-11.909547738693467           0.714376112223002
-11.793969849246231           0.7143759845699911
-11.678391959798995           0.7143762474663437
-11.56281407035176            0.7143761999330138
-11.447236180904522           0.7143765190612618
-11.331658291457286           0.7143762661014241
-11.21608040201005            0.7143761885249258
-11.100502512562814           0.7143765386610322
-10.984924623115578           0.7143762527386817
-10.869346733668342           0.7143761155806602
-10.753768844221106           0.7143755200835094
-10.638190954773869           0.7143762287925582
-10.522613065326633           0.7143760425550152
-10.407035175879397           0.7143762332900337
-10.291457286432161           0.7143767951670167
-10.175879396984925           0.7143760931947924
-10.06030150753769            0.714375963064743
-9.944723618090451            0.714376079299577
-9.829145728643216            0.7143758254275326
-9.71356783919598             0.7143764802372524
-9.597989949748744            0.7143760543178386
-9.482412060301508            0.7143760306677838
-9.366834170854272            0.7143761113569054
-9.251256281407034            0.7143760337373861
-9.135678391959798            0.7143759868042421
-9.020100502512562            0.714376161843164
-8.904522613065327            0.7143756640096318
-8.78894472361809             0.7143755714577273
-8.673366834170855            0.714376954552628
-8.557788944723619            0.7143759868073357
-8.442211055276381            0.7143768956771316
-8.326633165829145            0.7143755958857696
-8.21105527638191             0.7143757884469052
-8.095477386934673            0.7143759965973915
-7.9798994974874375           0.714375932625917
-7.864321608040202            0.7143758899163343
-7.748743718592964            0.7143758306692723
-7.633165829145728            0.7143759287227818
-7.517587939698492            0.7143756915262194
-7.402010050251256            0.7143761415985262
-7.28643216080402             0.7143759009730124
-7.170854271356784            0.7143758365389363
-7.055276381909547            0.7143755767214091
-6.939698492462311            0.7143758182602136
-6.824120603015075            0.7143758421171322
-6.708542713567839            0.7143757182489657
-6.592964824120603            0.714375802924725
-6.477386934673367            0.7143757559758371
-6.361809045226131            0.7143757902741394
-6.246231155778894            0.7143756935566974
-6.130653266331658            0.7143757841081051
-6.015075376884422            0.7143757905639629
-5.899497487437186            0.7143758497319636
-5.78391959798995             0.7143757368534898
-5.668341708542714            0.7143757513053771
-5.5527638190954764           0.7143756087997383
-5.4371859296482405           0.7143754910420144
-5.321608040201005            0.7143756125284898
-5.206030150753769            0.7143756659346802
-5.090452261306533            0.7143757418451014
-4.974874371859297            0.7143757182085416
-4.859296482412061            0.714375893055692
-4.743718592964823            0.7143756959259113
-4.628140703517587            0.7143757808723972
-4.5125628140703515           0.7143756304671798
-4.396984924623116            0.7143756513970823
-4.28140703517588             0.7143756721387725
-4.165829145728644            0.714375648221978
-4.050251256281406            0.7143755779530637
-3.934673366834172            0.7143756661670255
-3.8190954773869343           0.7143756786550379
-3.7035175879396967           0.7143756239659484
-3.5879396984924625           0.71437563290792
-3.472361809045225            0.7143756200822019
-3.3567839195979907           0.7143756403822037
-3.241206030150753            0.7143755878947685
-3.125628140703519            0.7143755840737236
-3.0100502512562812           0.7143755887280473
-2.8944723618090435           0.7143756039001283
-2.7788944723618094           0.7143754745982999
-2.6633165829145717           0.7143755578130675
-2.5477386934673376           0.7143755686186937
-2.4321608040201              0.7143755635089987
-2.316582914572866            0.7143755650693634
-2.201005025125628            0.7143755780503992
-2.0854271356783904           0.7143755672954587
-1.9698492462311563           0.7143755281547031
-1.8542713567839186           0.7143754695343381
-1.7386934673366845           0.714375481477543
-1.6231155778894468           0.7143754109547279
-1.5075376884422127           0.7143754032415078
-1.391959798994975            0.7143751923073665
-1.2763819095477373           0.7143747063035379
-1.1608040201005032           0.7143734669596781
-1.0452261306532655           0.7143703034013354
-0.9296482412060314           0.7143623862738855
-0.8140703517587937           0.7143426852736483
-0.698492462311556            0.7142935070514129
-0.5829145728643219           0.7141731460539102
-0.46733668341708423          0.7138820065710179
-0.3517587939698501           0.7131909185044953
-0.23618090452261245          0.7115901411946988
-0.12060301507537828          0.707996361741484
-0.005025125628140596         0.7002354491027978
0.11055276381909708           0.6842344695645219
0.22613065326633117           0.6529380400926298
0.34170854271356893           0.5950919437156472
0.457286432160803             0.4940999380009974
0.5728643216080407            0.32704392474966026
0.6884422110552748            0.06370889472603854
0.8040201005025125            -0.33472724741934395
0.9195979899497502            -0.9176753225352133
1.0351758793969843            -1.7480305715319504
1.150753768844222             -2.906206971731245
1.266331658291456             -4.495710197528326
1.3819095477386938            -6.650797196901603
1.4974874371859315            -9.546487778628746
1.6130653266331656            -13.411088011769483
1.7286432160804033            -18.54215825681594
1.8442211055276374            -25.327487247202875
1.959798994974875             -34.27267084827103
2.075376884422109             -46.037145851094245
2.190954773869347             -61.48118488284854
2.3065326633165846            -81.7271935763061
2.4221105527638187            -108.23967924277164
2.5376884422110564            -142.92958979647167
2.6532663316582905            -188.2904568986674
2.768844221105528             -249.32541378309526
