-20.0                         0.46451279021380076
-19.884422110552762           0.46451357377084984
-19.768844221105528           0.4645127056531911
-19.65326633165829            0.4645117794303397
-19.537688442211056           0.4645126624619407
-19.42211055276382            0.46451265087093513
-19.306532663316585           0.46451286730344393
-19.190954773869347           0.46451191636187156
-19.07537688442211            0.46451278850228533
-18.959798994974875           0.46451255776300804
-18.844221105527637           0.46451359929276914
-18.728643216080403           0.4645125938443566
-18.613065326633166           0.46451254876056913
-18.49748743718593            0.4645125257323215
-18.381909547738694           0.46451417288994434
-18.266331658291456           0.4645123662041664
-18.150753768844222           0.4645124529885248
-18.035175879396984           0.4645121648226584
-17.91959798994975            0.46451240930862264
-17.804020100502512           0.4645126598610009
-17.688442211055275           0.4645126878933308
-17.57286432160804            0.46451223301849176
-17.457286432160803           0.4645121388902163
-17.34170854271357            0.4645124039324484
-17.22613065326633            0.4645125713153483
-17.110552763819094           0.46451208892208884
-16.99497487437186            0.46451238005862133
-16.87939698492462            0.46451231577029334
-16.763819095477388           0.4645125278425531
-16.64824120603015            0.4645122730669873
-16.532663316582916           0.4645120554618119
-16.417085427135678           0.4645121671122836
-16.301507537688444           0.4645118582361948
-16.185929648241206           0.46451215817367814
-16.07035175879397            0.46451229500432323
-15.954773869346734           0.4645113724052212
-15.839195979899497           0.46451204757584835
-15.72361809045226            0.46451208184739706
-15.608040201005025           0.4645122881477213
-15.492462311557789           0.46451199743593746
-15.376884422110553           0.46451174113781274
-15.261306532663315           0.464512101176731
-15.145728643216081           0.464511978681482
-15.030150753768844           0.4645126594166166
-14.914572864321608           0.4645117853181505
-14.798994974874372           0.46451124932979504
-14.683417085427136           0.46451196624299296
-14.5678391959799             0.46451192006055336
-14.452261306532662           0.46451188218830447
-14.336683417085428           0.4645118284803872
-14.22110552763819            0.46451192767183763
-14.105527638190955           0.4645117971708509
-13.989949748743719           0.4645110664521871
-13.874371859296481           0.4645116687300741
-13.758793969849247           0.46451241705550805
-13.64321608040201            0.4645117568267516
-13.527638190954773           0.4645113447708983
-13.412060301507537           0.4645117573407836
-13.296482412060302           0.46451185946976475
-13.180904522613066           0.4645117991280048
-13.065326633165828           0.4645112971879063
-12.949748743718594           0.46451178774534285
-12.834170854271356           0.46451131469812235
-12.71859296482412            0.46451191058801233
-12.603015075376884           0.4645111915523113
-12.487437185929648           0.4645117490502892
-12.371859296482413           0.4645116483308843
-12.256281407035175           0.4645117770211321
-12.14070351758794            0.4645115986210368
-12.025125628140703           0.4645116663098585
-11.909547738693467           0.4645114573761694
-11.793969849246231           0.4645113230780081
-11.678391959798995           0.46451156152652046
-11.56281407035176            0.46451152810553403
-11.447236180904522           0.46451177271631294
-11.331658291457286           0.46451158925635205
-11.21608040201005            0.46451151905508065
-11.100502512562814           0.46451189789907765
-10.984924623115578           0.4645115717226633
-10.869346733668342           0.46451144271339
-10.753768844221106           0.4645109439851779
-10.638190954773869           0.4645115160289302
-10.522613065326633           0.46451139206255776
-10.407035175879397           0.46451151818872405
-10.291457286432161           0.4645119183356308
-10.175879396984925           0.46451142233759773
-10.06030150753769            0.46451130365596677
-9.944723618090451            0.46451139326512403
-9.829145728643216            0.46451126707895535
-9.71356783919598             0.4645116679929095
-9.597989949748744            0.46451136053079567
-9.482412060301508            0.46451135195132215
-9.366834170854272            0.4645113970926875
-9.251256281407034            0.4645113472596577
-9.135678391959798            0.4645113244079713
-9.020100502512562            0.4645114524025087
-8.904522613065327            0.4645110860749746
-8.78894472361809             0.4645109707364503
-8.673366834170855            0.46451211921125113
-8.557788944723619            0.46451128440822176
-8.442211055276381            0.46451206624867053
-8.326633165829145            0.46451098812920794
-8.21105527638191             0.46451119699248156
-8.095477386934673            0.4645112565851739
-7.9798994974874375           0.46451124009412453
-7.864321608040202            0.46451120537527296
-7.748743718592964            0.46451116294144706
-7.633165829145728            0.46451122730424643
-7.517587939698492            0.46451104930592374
-7.402010050251256            0.4645113711674127
-7.28643216080402             0.4645112134355607
-7.170854271356784            0.464511159145879
-7.055276381909547            0.46451092470252203
-6.939698492462311            0.4645111322933817
-6.824120603015075            0.4645111561521677
-6.708542713567839            0.46451108181707745
-6.592964824120603            0.4645111075432108
-6.477386934673367            0.4645110363905153
-6.361809045226131            0.46451109392027284
-6.246231155778894            0.46451101299931324
-6.130653266331658            0.46451110199050716
-6.015075376884422            0.46451110762258807
-5.899497487437186            0.46451115605243
-5.78391959798995             0.4645110637612102
-5.668341708542714            0.4645110685929749
-5.5527638190954764           0.46451095537730475
-5.4371859296482405           0.46451084900056666
-5.321608040201005            0.46451096807302894
-5.206030150753769            0.46451098796114476
-5.090452261306533            0.46451102714740566
-4.974874371859297            0.46451106590093505
-4.859296482412061            0.4645111986176858
-4.743718592964823            0.4645110144813084
-4.628140703517587            0.4645110802243634
-4.5125628140703515           0.46451095204908127
-4.396984924623116            0.464510972434503
-4.28140703517588             0.46451098753560316
-4.165829145728644            0.4645109653108196
-4.050251256281406            0.4645109306595832
-3.934673366834172            0.46451097518928564
-3.8190954773869343           0.4645109822381827
-3.7035175879396967           0.4645109384831216
-3.5879396984924625           0.46451094034344576
-3.472361809045225            0.4645109290589801
-3.3567839195979907           0.46451094572348967
-3.241206030150753            0.46451090206986273
-3.125628140703519            0.4645109014327661
-3.0100502512562812           0.46451090640366915
-2.8944723618090435           0.46451089759606656
-2.7788944723618094           0.4645108043217516
-2.6633165829145717           0.4645108609486009
-2.5477386934673376           0.46451088120470335
-2.4321608040201              0.46451087496311727
-2.316582914572866            0.464510870702985
-2.201005025125628            0.46451087180890455
-2.0854271356783904           0.46451084671366655
-1.9698492462311563           0.4645107742254806
-1.8542713567839186           0.46451063939296894
-1.7386934673366845           0.4645104632434317
-1.6231155778894468           0.46450998842217794
-1.5075376884422127           0.46450908481707165
-1.391959798994975            0.46450696751256193
-1.2763819095477373           0.4645023323597207
-1.1608040201005032           0.464492195466666
-1.0452261306532655           0.4644700422548272
-0.9296482412060314           0.46442191857287635
-0.8140703517587937           0.46431793145631817
-0.698492462311556            0.4640946025746349
-0.5829145728643219           0.4636205655463676
-0.46733668341708423          0.46262740010084313
-0.3517587939698501           0.460582818122641
-0.23618090452261245          0.45646659847421556
-0.12060301507537828          0.44840513275811034
-0.005025125628140596         0.4331284007067206
0.11055276381909708           0.40524861958734487
0.22613065326633117           0.3564130554778207
0.34170854271356893           0.2744166644442566
0.457286432160803             0.14232311267867168
0.5728643216080407            -0.06246182386438688
0.6884422110552748            -0.3693321936994502
0.8040201005025125            -0.8160574462561277
0.9195979899497502            -1.4509947258887572
1.0351758793969843            -2.3361227678558363
1.150753768844222             -3.551136103573167
1.266331658291456             -5.199025877031548
1.3819095477386938            -7.413691619029371
1.4974874371859315            -10.36987344048211
1.6130653266331656            -14.295637833765442
1.7286432160804033            -19.48835480938686
1.8442211055276374            -26.33567646126494
1.959798994974875             -35.343103874234714
2.075376884422109             -47.17000734699897
2.190954773869347             -62.67661196243429
2.3065326633165846            -82.98528881604811
2.4221105527638187            -109.56051982057241
2.5376884422110564            -144.3132340335524
2.6532663316582905            -189.7369490121378
2.768844221105528             -250.83443388359777
