-20.0                         0.0837219157211049
-19.884422110552762           0.08372234218705465
-19.768844221105528           0.08372186971458707
-19.65326633165829            0.08372130646278118
-19.537688442211056           0.0837218462744866
-19.42211055276382            0.08372192594616248
-19.306532663316585           0.08372187819043211
-19.190954773869347           0.08372184069472999
-19.07537688442211            0.0837218117198264
-18.959798994974875           0.08372176400652087
-18.844221105527637           0.08372198903452327
-18.728643216080403           0.08372175144404034
-18.613065326633166           0.08372162504141172
-18.49748743718593            0.08372168863642997
-18.381909547738694           0.08372220854960571
-18.266331658291456           0.08372159573994302
-18.150753768844222           0.08372165953749659
-18.035175879396984           0.0837212161474272
-17.91959798994975            0.08372157253116545
-17.804020100502512           0.0837215946791649
-17.688442211055275           0.08372164671461918
-17.57286432160804            0.08372158594814776
-17.457286432160803           0.08372138884667785
-17.34170854271357            0.08372152172500225
-17.22613065326633            0.08372161784960387
-17.110552763819094           0.08372137588740984
-16.99497487437186            0.0837214335746354
-16.87939698492462            0.08372154391731436
-16.763819095477388           0.08372145107154082
-16.64824120603015            0.08372145788118669
-16.532663316582916           0.08372135181837659
-16.417085427135678           0.08372140865458755
-16.301507537688444           0.08372139115733378
-16.185929648241206           0.08372131989087744
-16.07035175879397            0.08372135800561978
-15.954773869346734           0.08372104536232453
-15.839195979899497           0.08372125561726694
-15.72361809045226            0.08372125050876125
-15.608040201005025           0.08372111470902818
-15.492462311557789           0.08372117221663047
-15.376884422110553           0.08372105076454975
-15.261306532663315           0.08372121425264717
-15.145728643216081           0.08372114319442595
-15.030150753768844           0.08372129074181095
-14.914572864321608           0.08372103309374997
-14.798994974874372           0.08372090358124565
-14.683417085427136           0.08372109406683556
-14.5678391959799             0.08372112013936342
-14.452261306532662           0.0837210907220068
-14.336683417085428           0.08372102336559237
-14.22110552763819            0.08372092010937529
-14.105527638190955           0.08372103504753187
-13.989949748743719           0.08372059193467794
-13.874371859296481           0.08372092939103079
-13.758793969849247           0.08372145109909127
-13.64321608040201            0.08372098020670625
-13.527638190954773           0.08372094916514178
-13.412060301507537           0.08372095109539897
-13.296482412060302           0.08372112859274217
-13.180904522613066           0.08372091266205
-13.065326633165828           0.08372062919383329
-12.949748743718594           0.08372094099589196
-12.834170854271356           0.08372062187792571
-12.71859296482412            0.08372097663493498
-12.603015075376884           0.0837205955049154
-12.487437185929648           0.08372085616800061
-12.371859296482413           0.08372084981107342
-12.256281407035175           0.08372085804126614
-12.14070351758794            0.08372077069735344
-12.025125628140703           0.08372094221630068
-11.909547738693467           0.08372069005482152
-11.793969849246231           0.08372068262746485
-11.678391959798995           0.08372073420815083
-11.56281407035176            0.08372071723989916
-11.447236180904522           0.08372078806761715
-11.331658291457286           0.0837207282350303
-11.21608040201005            0.08372069586743991
-11.100502512562814           0.08372099190177784
-10.984924623115578           0.08372069694522276
-10.869346733668342           0.08372062792409703
-10.753768844221106           0.08372038462741611
-10.638190954773869           0.08372063741887181
-10.522613065326633           0.08372062029791762
-10.407035175879397           0.08372060875953327
-10.291457286432161           0.08372066925660374
-10.175879396984925           0.08372058534049845
-10.06030150753769            0.08372052045763922
-9.944723618090451            0.08372055526064758
-9.829145728643216            0.0837206182590601
-9.71356783919598             0.08372054755979573
-9.597989949748744            0.08372051651085491
-9.482412060301508            0.08372052442737991
-9.366834170854272            0.0837204989808936
-9.251256281407034            0.08372049484471746
-9.135678391959798            0.08372049322738817
-9.020100502512562            0.08372048996981875
-8.904522613065327            0.08372046484935108
-8.78894472361809             0.08372032994966429
-8.673366834170855            0.08372087191489223
-8.557788944723619            0.08372040785269143
-8.442211055276381            0.08372083456906504
-8.326633165829145            0.08372032472237816
-8.21105527638191             0.08372047117724143
-8.095477386934673            0.08372036904084737
-7.9798994974874375           0.08372037934772346
-7.864321608040202            0.0837203663510891
-7.748743718592964            0.08372035273795803
-7.633165829145728            0.08372035275884505
-7.517587939698492            0.08372032790326253
-7.402010050251256            0.0837203398198523
-7.28643216080402             0.0837203453769044
-7.170854271356784            0.0837203227962507
-7.055276381909547            0.08372021236081746
-6.939698492462311            0.0837202924488825
-6.824120603015075            0.08372029582501539
-6.708542713567839            0.08372032393992515
-6.592964824120603            0.08372025214693106
-6.477386934673367            0.08372017876039324
-6.361809045226131            0.08372024605771163
-6.246231155778894            0.08372018767834571
-6.130653266331658            0.08372024293362404
-6.015075376884422            0.0837202384904929
-5.899497487437186            0.08372024100993931
-5.78391959798995             0.08372022316937422
-5.668341708542714            0.08372021990851067
-5.5527638190954764           0.08372019041303431
-5.4371859296482405           0.08372010843506404
-5.321608040201005            0.08372019165667227
-5.206030150753769            0.08372016974413783
-5.090452261306533            0.08372015476974654
-4.974874371859297            0.083720211048432
-4.859296482412061            0.08372025459340411
-4.743718592964823            0.0837201425679061
-4.628140703517587            0.08372016741748585
-4.5125628140703515           0.08372009957845238
-4.396984924623116            0.08372007914023812
-4.28140703517588             0.08372005629412956
-4.165829145728644            0.08372000936930558
-4.050251256281406            0.08371997216628015
-3.934673366834172            0.08371986541780364
-3.8190954773869343           0.08371973913085129
-3.7035175879396967           0.08371953864057556
-3.5879396984924625           0.08371925706181593
-3.472361809045225            0.08371883281706133
-3.3567839195979907           0.08371821293104167
-3.241206030150753            0.08371726630857963
-3.125628140703519            0.08371584887665294
-3.0100502512562812           0.08371373718078798
-2.8944723618090435           0.08371053364071704
-2.7788944723618094           0.08370574047215713
-2.6633165829145717           0.08369859943010019
-2.5477386934673376           0.08368787729510858
-2.4321608040201              0.08367173775240493
-2.316582914572866            0.08364750569456451
-2.201005025125628            0.08361112574369789
-2.0854271356783904           0.08355650585011584
-1.9698492462311563           0.08347450418378055
-1.8542713567839186           0.0833514429326345
-1.7386934673366845           0.08316684084816288
-1.6231155778894468           0.08288993082229236
-1.5075376884422127           0.0824749198277683
-1.391959798994975            0.08185323259643935
-1.2763819095477373           0.08092288060799227
-1.1608040201005032           0.07953242274334876
-1.0452261306532655           0.07745775595293711
-0.9296482412060314           0.07436895008524377
-0.8140703517587937           0.0697830084282329
-0.698492462311556            0.06299788058602092
-0.5829145728643219           0.05300233929860902
-0.46733668341708423          0.038353688144993785
-0.3517587939698501           0.017017274332782172
-0.23618090452261245          -0.013841504283009556
-0.12060301507537828          -0.058121532916677134
-0.005025125628140596         -0.12111828280810417
0.11055276381909708           -0.2099394112396068
0.22613065326633117           -0.33402707871029125
0.34170854271356893           -0.5058199918768936
0.457286432160803             -0.7416035497887759
0.5728643216080407            -1.0626115141545753
0.6884422110552748            -1.4964615746917247
0.8040201005025125            -2.0790271453721205
0.9195979899497502            -2.856871842203539
1.0351758793969843            -3.890417953958437
1.150753768844222             -5.258114894173556
1.266331658291456             -7.062037221086364
1.3819095477386938            -9.435412370887027
1.4974874371859315            -12.552413125268494
1.6130653266331656            -16.640592024060123
1.7286432160804033            -21.996895268524806
1.8442211055276374            -29.008660502540724
1.959798994974875             -38.181163968013244
2.075376884422109             -50.1736142245065
2.190954773869347             -65.84611841302157
2.3065326633165846            -86.32096063827294
2.4221105527638187            -113.06255808136059
2.5376884422110564            -147.98179130102486
2.6532663316582905            -193.57214132299188
2.768844221105528             -254.83541378309528
