-20.0                         0.08672168555872475
-19.884422110552762           0.08672201648991121
-19.768844221105528           0.08672164331772617
-19.65326633165829            0.08672118289080501
-19.537688442211056           0.08672161951207286
-19.42211055276382            0.08672168398853101
-19.306532663316585           0.08672162136879374
-19.190954773869347           0.08672167836259465
-19.07537688442211            0.0867215606266293
-18.959798994974875           0.08672153607449336
-18.844221105527637           0.0867216184468419
-18.728643216080403           0.0867215047768029
-18.613065326633166           0.0867214000997919
-18.49748743718593            0.08672145718464494
-18.381909547738694           0.08672175580216429
-18.266331658291456           0.08672137877670145
-18.150753768844222           0.08672142505365898
-18.035175879396984           0.08672104925034185
-17.91959798994975            0.08672134416508517
-17.804020100502512           0.0867213401616071
-17.688442211055275           0.08672136289866153
-17.57286432160804            0.08672134918551322
-17.457286432160803           0.08672118219682787
-17.34170854271357            0.08672127464729182
-17.22613065326633            0.08672132757316688
-17.110552763819094           0.08672117681933296
-16.99497487437186            0.08672120236239302
-16.87939698492462            0.08672127127656336
-16.763819095477388           0.08672118870688239
-16.64824120603015            0.08672120195554268
-16.532663316582916           0.08672114264594351
-16.417085427135678           0.08672118164376931
-16.301507537688444           0.08672116991035139
-16.185929648241206           0.08672108528109666
-16.07035175879397            0.08672111331623149
-15.954773869346734           0.08672091411547166
-15.839195979899497           0.08672103250870851
-15.72361809045226            0.0867210214300998
-15.608040201005025           0.08672089923358159
-15.492462311557789           0.08672094749271728
-15.376884422110553           0.0867208840487506
-15.261306532663315           0.08672097238613853
-15.145728643216081           0.08672091912921266
-15.030150753768844           0.0867209745352615
-14.914572864321608           0.08672082433219082
-14.798994974874372           0.08672077608287146
-14.683417085427136           0.08672086246484359
-14.5678391959799             0.0867208855398603
-14.452261306532662           0.08672085949156813
-14.336683417085428           0.08672080008388007
-14.22110552763819            0.08672071946369056
-14.105527638190955           0.08672081037385546
-13.989949748743719           0.0867204538669504
-13.874371859296481           0.08672071957080739
-13.758793969849247           0.08672112541428968
-13.64321608040201            0.08672075101294192
-13.527638190954773           0.08672076795008025
-13.412060301507537           0.08672072089045924
-13.296482412060302           0.08672085257885377
-13.180904522613066           0.08672068144365438
-13.065326633165828           0.08672047116596443
-12.949748743718594           0.0867206938797354
-12.834170854271356           0.08672043551391004
-12.71859296482412            0.08672071280059518
-12.603015075376884           0.0867204423399459
-12.487437185929648           0.08672061374373839
-12.371859296482413           0.08672060716709207
-12.256281407035175           0.08672061320150379
-12.14070351758794            0.08672054209296545
-12.025125628140703           0.08672067669794824
-11.909547738693467           0.08672047580827469
-11.793969849246231           0.08672049043393905
-11.678391959798995           0.08672050530168236
-11.56281407035176            0.08672049120849666
-11.447236180904522           0.0867205295095254
-11.331658291457286           0.08672048702367771
-11.21608040201005            0.08672046340946249
-11.100502512562814           0.08672069886846312
-10.984924623115578           0.08672045314558921
-10.869346733668342           0.08672040158190454
-10.753768844221106           0.08672021817743893
-10.638190954773869           0.08672040087592581
-10.522613065326633           0.0867203950749538
-10.407035175879397           0.0867203724137346
-10.291457286432161           0.08672038132539886
-10.175879396984925           0.08672035124657321
-10.06030150753769            0.08672030125694202
-9.944723618090451            0.08672032353608354
-9.829145728643216            0.08672038652731373
-9.71356783919598             0.0867202897823608
-9.597989949748744            0.08672028596081517
-9.482412060301508            0.08672029108704611
-9.366834170854272            0.0867202634914365
-9.251256281407034            0.08672026014394317
-9.135678391959798            0.08672025650764113
-9.020100502512562            0.08672024202568304
-8.904522613065327            0.08672025405229838
-8.78894472361809             0.0867201389044334
-8.673366834170855            0.086720542459243
-8.557788944723619            0.08672017274334917
-8.442211055276381            0.08672050883596297
-8.326633165829145            0.08672012686354803
-8.21105527638191             0.08672023055894038
-8.095477386934673            0.0867201419524924
-7.9798994974874375           0.08672014524341129
-7.864321608040202            0.08672013459667124
-7.748743718592964            0.08672012520312927
-7.633165829145728            0.08672011622964763
-7.517587939698492            0.08672010871355519
-7.402010050251256            0.08672008929093077
-7.28643216080402             0.08672010475133228
-7.170854271356784            0.0867200874526875
-7.055276381909547            0.08672001212120642
-6.939698492462311            0.08672005882922541
-6.824120603015075            0.08672005612442749
-6.708542713567839            0.08672009337311003
-6.592964824120603            0.08672001626098533
-6.477386934673367            0.08671995336464972
-6.361809045226131            0.08672000641869453
-6.246231155778894            0.08671994990562822
-6.130653266331658            0.08671998856134723
-6.015075376884422            0.08671997703292235
-5.899497487437186            0.08671996317295864
-5.78391959798995             0.08671994119821558
-5.668341708542714            0.08671992114790424
-5.5527638190954764           0.08671987959672432
-5.4371859296482405           0.08671978092532481
-5.321608040201005            0.08671979952249712
-5.206030150753769            0.08671971888336197
-5.090452261306533            0.08671962272176298
-4.974874371859297            0.08671954902526312
-4.859296482412061            0.0867194261446734
-4.743718592964823            0.08671913328036174
-4.628140703517587            0.08671886635676301
-4.5125628140703515           0.0867184234163546
-4.396984924623116            0.08671786944241477
-4.28140703517588             0.08671711922866786
-4.165829145728644            0.08671608365070543
-4.050251256281406            0.08671469367991856
-3.934673366834172            0.08671274032109177
-3.8190954773869343           0.08671009481705837
-3.7035175879396967           0.08670646584558016
-3.5879396984924625           0.08670150425916166
-3.472361809045225            0.08669470504012852
-3.3567839195979907           0.08668540162732097
-3.241206030150753            0.08667264585528517
-3.125628140703519            0.08665516604762454
-3.0100502512562812           0.08663123089005038
-2.8944723618090435           0.08659840835334949
-2.7788944723618094           0.08655345325136835
-2.6633165829145717           0.08649189315197761
-2.5477386934673376           0.08640754809082858
-2.4321608040201              0.0862919475590332
-2.316582914572866            0.08613354854219718
-2.201005025125628            0.08591650193599648
-2.0854271356783904           0.08561908377890404
-1.9698492462311563           0.08521151821004698
-1.8542713567839186           0.08465302068472368
-1.7386934673366845           0.08388770168580059
-1.6231155778894468           0.08283891196560578
-1.5075376884422127           0.08140178620716633
-1.391959798994975            0.07943253416138084
-1.2763819095477373           0.07673441595117164
-1.1608040201005032           0.0730383021242959
-1.0452261306532655           0.0679763615322238
-0.9296482412060314           0.061046651257737734
-0.8140703517587937           0.051565392590511315
-0.698492462311556            0.038603221324689976
-0.5829145728643219           0.020901051202351608
-0.46733668341708423          -0.003241461349478429
-0.3517587939698501           -0.0361109518491086
-0.23618090452261245          -0.08076889963976344
-0.12060301507537828          -0.1412948660367815
-0.005025125628140596         -0.22309947152102705
0.11055276381909708           -0.33332633728570243
0.22613065326633117           -0.4813695419714971
0.34170854271356893           -0.6795408765807894
0.457286432160803             -0.9439341156434226
0.5728643216080407            -1.295546498161825
0.6884422110552748            -1.7617357439315913
0.8040201005025125            -2.3781113945416594
0.9195979899497502            -3.1909853971931055
1.0351758793969843            -4.26055411179773
1.150753768844222             -5.66507920510113
1.266331658291456             -7.506491251029315
1.3819095477386938            -9.917904612748202
1.4974874371859315            -13.073387932429565
1.6130653266331656            -17.200393593292844
1.7286432160804033            -22.59578198088456
1.8442211055276374            -29.646824945967325
1.959798994974875             -38.85875029514551
2.075376884422109             -50.890730913338366
2.190954773869347             -66.60284744606635
2.3065326633165846            -87.11736417792413
2.4221105527638187            -113.89868338043163
2.5376884422110564            -148.85767434797353
2.6532663316582905            -194.48780956683402
2.768844221105528             -255.79066503937668
