-20.0                         0.7470593843624922
-19.884422110552762           0.7470603304177988
-19.768844221105528           0.7470592685929844
-19.65326633165829            0.7470582479562496
-19.537688442211056           0.7470592653758306
-19.42211055276382            0.7470591380084255
-19.306532663316585           0.747059442824335
-19.190954773869347           0.7470580914406552
-19.07537688442211            0.74705944279156
-18.959798994974875           0.7470591318424086
-18.844221105527637           0.7470603897617792
-18.728643216080403           0.7470590728734291
-18.613065326633166           0.7470592269352804
-18.49748743718593            0.7470590813908632
-18.381909547738694           0.7470611963110909
-18.266331658291456           0.7470589238510389
-18.150753768844222           0.7470590052344988
-18.035175879396984           0.7470589857118508
-17.91959798994975            0.7470589731289913
-17.804020100502512           0.7470593661042013
-17.688442211055275           0.7470592122160564
-17.57286432160804            0.7470586862463261
-17.457286432160803           0.7470586978052528
-17.34170854271357            0.7470589209437233
-17.22613065326633            0.7470590227024048
-17.110552763819094           0.7470586477159155
-16.99497487437186            0.7470590630569496
-16.87939698492462            0.7470586937565151
-16.763819095477388           0.7470592529292115
-16.64824120603015            0.7470587370818514
-16.532663316582916           0.7470586819181163
-16.417085427135678           0.7470587074843549
-16.301507537688444           0.7470582082437043
-16.185929648241206           0.7470587151608774
-16.07035175879397            0.7470589382004257
-15.954773869346734           0.7470577256581239
-15.839195979899497           0.7470586133129498
-15.72361809045226            0.7470586906457896
-15.608040201005025           0.7470592041350635
-15.492462311557789           0.7470585875570736
-15.376884422110553           0.7470584319598612
-15.261306532663315           0.747058689410084
-15.145728643216081           0.7470585860885662
-15.030150753768844           0.7470594157865507
-14.914572864321608           0.7470583428422922
-14.798994974874372           0.7470576736770814
-14.683417085427136           0.7470585819378961
-14.5678391959799             0.7470585070732633
-14.452261306532662           0.7470584665817391
-14.336683417085428           0.7470584040509586
-14.22110552763819            0.74705875371064
-14.105527638190955           0.7470583567502419
-13.989949748743719           0.7470575152367528
-13.874371859296481           0.7470582155817728
-13.758793969849247           0.747058950768063
-13.64321608040201            0.7470583096382594
-13.527638190954773           0.7470577149227817
-13.412060301507537           0.7470583365656904
-13.296482412060302           0.747058265987648
-13.180904522613066           0.747058444056743
-13.065326633165828           0.7470579011858081
-12.949748743718594           0.7470583471120636
-12.834170854271356           0.7470578595662444
-12.71859296482412            0.7470585147433522
-12.603015075376884           0.7470577488429141
-12.487437185929648           0.7470583467662154
-12.371859296482413           0.7470581579246777
-12.256281407035175           0.747058404096809
-12.14070351758794            0.747058186155349
-12.025125628140703           0.7470580940622802
-11.909547738693467           0.7470580185806139
-11.793969849246231           0.7470578952991164
-11.678391959798995           0.7470581581119953
-11.56281407035176            0.7470581083480693
-11.447236180904522           0.7470584366073614
-11.331658291457286           0.7470581746267944
-11.21608040201005            0.7470580965037771
-11.100502512562814           0.7470584416117279
-10.984924623115578           0.7470581616932407
-10.869346733668342           0.7470580241903694
-10.753768844221106           0.7470574170803258
-10.638190954773869           0.747058142750866
-10.522613065326633           0.747057948434795
-10.407035175879397           0.7470581459931983
-10.291457286432161           0.747058728428934
-10.175879396984925           0.7470580010590753
-10.06030150753769            0.7470578699255417
-9.944723618090451            0.7470579899097634
-9.829145728643216            0.7470577194815587
-9.71356783919598             0.7470584044493291
-9.597989949748744            0.7470579658310089
-9.482412060301508            0.7470579402136388
-9.366834170854272            0.74705802480144
-9.251256281407034            0.7470579439240643
-9.135678391959798            0.7470578937970288
-9.020100502512562            0.7470580726610756
-8.904522613065327            0.7470575612479612
-8.78894472361809             0.7470574712213629
-8.673366834170855            0.7470588824292699
-8.557788944723619            0.7470578990145744
-8.442211055276381            0.7470588228470436
-8.326633165829145            0.7470574964485988
-8.21105527638191             0.7470576863148262
-8.095477386934673            0.7470579142083519
-7.9798994974874375           0.7470578432826943
-7.864321608040202            0.7470577999461309
-7.748743718592964            0.7470577384712819
-7.633165829145728            0.7470578408074037
-7.517587939698492            0.7470575975373368
-7.402010050251256            0.7470580611132295
-7.28643216080402             0.7470578109782221
-7.170854271356784            0.7470577455637805
-7.055276381909547            0.74705748357084
-6.939698492462311            0.7470577285842503
-6.824120603015075            0.7470577520196073
-6.708542713567839            0.7470576220738777
-6.592964824120603            0.7470577143599679
-6.477386934673367            0.7470576711110726
-6.361809045226131            0.7470577020416252
-6.246231155778894            0.7470576030842704
-6.130653266331658            0.7470576933192511
-6.015075376884422            0.7470576994185251
-5.899497487437186            0.7470577593745914
-5.78391959798995             0.7470576451452396
-5.668341708542714            0.7470576609553311
-5.5527638190954764           0.7470575156379461
-5.4371859296482405           0.7470573958185439
-5.321608040201005            0.747057517812483
-5.206030150753769            0.7470575757601459
-5.090452261306533            0.7470576560034252
-4.974874371859297            0.7470576232548434
-4.859296482412061            0.7470578033007059
-4.743718592964823            0.7470576050367643
-4.628140703517587            0.7470576926515459
-4.5125628140703515           0.7470575402046012
-4.396984924623116            0.7470575604265857
-4.28140703517588             0.7470575817710725
-4.165829145728644            0.747057557937503
-4.050251256281406            0.7470574830609801
-3.934673366834172            0.7470575767065969
-3.8190954773869343           0.7470575899105047
-3.7035175879396967           0.7470575339352589
-3.5879396984924625           0.7470575438866144
-3.472361809045225            0.7470575308423105
-3.3567839195979907           0.7470575513220648
-3.241206030150753            0.7470574984765495
-3.125628140703519            0.7470574937007101
-3.0100502512562812           0.7470574982138668
-2.8944723618090435           0.7470575167780709
-2.7788944723618094           0.7470573827604841
-2.6633165829145717           0.7470574694561172
-2.5477386934673376           0.7470574787094826
-2.4321608040201              0.7470574735014713
-2.316582914572866            0.7470574754197337
-2.201005025125628            0.7470574887928383
-2.0854271356783904           0.7470574778664724
-1.9698492462311563           0.7470574387424349
-1.8542713567839186           0.7470573805499853
-1.7386934673366845           0.7470573961511432
-1.6231155778894468           0.7470573335328525
-1.5075376884422127           0.747057347527261
-1.391959798994975            0.7470571842523722
-1.2763819095477373           0.7470568176688952
-1.1608040201005032           0.7470558611683452
-1.0452261306532655           0.7470533677724563
-0.9296482412060314           0.7470470246550206
-0.8140703517587937           0.7470309859758527
-0.698492462311556            0.7469901815610127
-0.5829145728643219           0.7468886303441228
-0.46733668341708423          0.7466387226735859
-0.3517587939698501           0.7460352657179913
-0.23618090452261245          0.744613577059302
-0.12060301507537828          0.741368306535716
-0.005025125628140596         0.7342463338242119
0.11055276381909708           0.7193375669994279
0.22613065326633117           0.6897680202143148
0.34170854271356893           0.63443820132872
0.457286432160803             0.5368326935420411
0.5728643216080407            0.37401922692895867
0.6884422110552748            0.11568936531323175
0.8040201005025125            -0.27711418079871086
0.9195979899497502            -0.8539430078331449
1.0351758793969843            -1.6778161241767138
1.150753768844222             -2.829244540652137
1.266331658291456             -4.411802871883152
1.3819095477386938            -6.559795269885354
1.4974874371859315            -9.44827769846495
1.6130653266331656            -13.305586691309097
1.7286432160804033            -18.429306550487947
1.8442211055276374            -25.20724302608504
1.959798994974875             -34.145003678563484
2.075376884422109             -45.90203344100153
2.190954773869347             -61.33861072756319
2.3065326633165846            -81.57714535530442
2.4221105527638187            -108.08214770156906
2.5376884422110564            -142.76456795057294
2.6532663316582905            -188.11793945779874
2.768844221105528             -249.1454389087234
