-20.0                         0.0977770302180234
-19.884422110552762           0.0977773341538752
-19.768844221105528           0.09777698883621638
-19.65326633165829            0.0977765580609029
-19.537688442211056           0.0977769643053156
-19.42211055276382            0.09777702257568845
-19.306532663316585           0.09777695982689141
-19.190954773869347           0.09777703075594678
-19.07537688442211            0.09777690014948824
-18.959798994974875           0.09777688000607303
-18.844221105527637           0.09777693245068109
-18.728643216080403           0.09777684523293545
-18.613065326633166           0.0977767472873054
-18.49748743718593            0.09777680102903163
-18.381909547738694           0.09777704619255419
-18.266331658291456           0.09777672627922876
-18.150753768844222           0.09777676700394897
-18.035175879396984           0.09777641591955154
-17.91959798994975            0.09777668902716749
-17.804020100502512           0.09777667997183205
-17.688442211055275           0.09777669547011238
-17.57286432160804            0.09777668927489014
-17.457286432160803           0.09777653303030995
-17.34170854271357            0.09777661531047763
-17.22613065326633            0.09777665717441604
-17.110552763819094           0.09777652873177389
-16.99497487437186            0.09777654679583998
-16.87939698492462            0.09777660362366178
-16.763819095477388           0.09777652604162593
-16.64824120603015            0.09777653926272921
-16.532663316582916           0.09777649005116051
-16.417085427135678           0.09777652502984605
-16.301507537688444           0.09777651181887823
-16.185929648241206           0.09777642854490373
-16.07035175879397            0.09777645371253331
-15.954773869346734           0.0977762826357274
-15.839195979899497           0.09777637819069042
-15.72361809045226            0.0977763656010207
-15.608040201005025           0.0977762513841542
-15.492462311557789           0.09777629336084513
-15.376884422110553           0.09777624364231347
-15.261306532663315           0.09777631377197879
-15.145728643216081           0.09777626504302026
-15.030150753768844           0.09777630099288048
-14.914572864321608           0.0977761744330557
-14.798994974874372           0.0977761443825223
-14.683417085427136           0.0977762066492989
-14.5678391959799             0.0977762275292467
-14.452261306532662           0.09777620250668195
-14.336683417085428           0.0977761460793211
-14.22110552763819            0.09777607372670041
-14.105527638190955           0.0977761548214639
-13.989949748743719           0.09777582370737328
-13.874371859296481           0.09777606893889514
-13.758793969849247           0.0977764395905712
-13.64321608040201            0.09777609455019207
-13.527638190954773           0.0977761197199158
-13.412060301507537           0.09777606437229498
-13.296482412060302           0.09777618126384541
-13.180904522613066           0.0977760253983301
-13.065326633165828           0.09777583584656245
-12.949748743718594           0.09777603298306772
-12.834170854271356           0.09777579252181251
-12.71859296482412            0.09777604747194264
-12.603015075376884           0.09777580722103733
-12.487437185929648           0.09777595494618135
-12.371859296482413           0.09777594770495339
-12.256281407035175           0.0977759533967988
-12.14070351758794            0.09777588663498449
-12.025125628140703           0.09777600836179819
-11.909547738693467           0.09777582421845585
-11.793969849246231           0.09777584232254372
-11.678391959798995           0.09777584947905275
-11.56281407035176            0.09777583607849788
-11.447236180904522           0.0977758664404625
-11.331658291457286           0.09777582808558027
-11.21608040201005            0.0977758065071924
-11.100502512562814           0.09777602286358503
-10.984924623115578           0.09777579362498898
-10.869346733668342           0.09777574662360056
-10.753768844221106           0.09777557941879456
-10.638190954773869           0.09777574328693693
-10.522613065326633           0.09777573946413376
-10.407035175879397           0.09777571529068957
-10.291457286432161           0.0977757131883268
-10.175879396984925           0.0977756941678299
-10.06030150753769            0.09777564818588981
-9.944723618090451            0.09777566708584091
-9.829145728643216            0.09777572700144391
-9.71356783919598             0.09777562949193971
-9.597989949748744            0.09777562987355462
-9.482412060301508            0.09777563382932027
-9.366834170854272            0.09777560667555164
-9.251256281407034            0.0977756029629419
-9.135678391959798            0.0977755986334293
-9.020100502512562            0.09777558262312934
-8.904522613065327            0.09777560039300998
-8.78894472361809             0.0977754927755161
-8.673366834170855            0.09777585898393358
-8.557788944723619            0.09777551578876639
-8.442211055276381            0.0977758263106616
-8.326633165829145            0.09777547855000086
-8.21105527638191             0.09777556929202826
-8.095477386934673            0.09777548659765056
-7.9798994974874375           0.09777548773552329
-7.864321608040202            0.09777547734808735
-7.748743718592964            0.09777546868341196
-7.633165829145728            0.09777545747137949
-7.517587939698492            0.09777545244111335
-7.402010050251256            0.09777542763488886
-7.28643216080402             0.09777544289450257
-7.170854271356784            0.0977754258170782
-7.055276381909547            0.09777535836411183
-6.939698492462311            0.0977753947742506
-6.824120603015075            0.09777538831354315
-6.708542713567839            0.0977754233913421
-6.592964824120603            0.09777534263820926
-6.477386934673367            0.09777527804212535
-6.361809045226131            0.09777531919116278
-6.246231155778894            0.09777525436962434
-6.130653266331658            0.09777527616453474
-6.015075376884422            0.09777524674883648
-5.899497487437186            0.09777520790375453
-5.78391959798995             0.0977751560714715
-5.668341708542714            0.09777509476487538
-5.5527638190954764           0.09777500089743532
-5.4371859296482405           0.09777483513160083
-5.321608040201005            0.09777475213628126
-5.206030150753769            0.09777454667355719
-5.090452261306533            0.09777428535992358
-4.974874371859297            0.09777398763885069
-4.859296482412061            0.09777357306520242
-4.743718592964823            0.0977729083938065
-4.628140703517587            0.09777213968542878
-4.5125628140703515           0.09777104260529558
-4.396984924623116            0.09776962356252697
-4.28140703517588             0.0977677363135988
-4.165829145728644            0.09776520842641277
-4.050251256281406            0.09776185838906139
-3.934673366834172            0.09775733667022032
-3.8190954773869343           0.09775132463556184
-3.7035175879396967           0.09774328998764843
-3.5879396984924625           0.09773256476752468
-3.472361809045225            0.0977182352026732
-3.3567839195979907           0.09769910254716352
-3.241206030150753            0.09767353432304343
-3.125628140703519            0.09763937190206555
-3.0100502512562812           0.0975937443537601
-2.8944723618090435           0.09753275840317553
-2.7788944723618094           0.09745129327574215
-2.6633165829145717           0.09734247914079594
-2.5477386934673376           0.09719709013673036
-2.4321608040201              0.0970027903568207
-2.316582914572866            0.09674314647395343
-2.201005025125628            0.09639615638423107
-2.0854271356783904           0.09593238963360327
-1.9698492462311563           0.09531246955491403
-1.8542713567839186           0.09448372124109487
-1.7386934673366845           0.0933756294192545
-1.6231155778894468           0.09189370831193612
-1.5075376884422127           0.0899115101577939
-1.391959798994975            0.08725942908295627
-1.2763819095477373           0.08371019636275472
-1.1608040201005032           0.07895909451104378
-1.0452261306532655           0.07259750170681116
-0.9296482412060314           0.06407763984607194
-0.8140703517587937           0.05266545936666055
-0.698492462311556            0.037378058221397184
-0.5829145728643219           0.016901365941704095
-0.46733668341708423          -0.010518840429342655
-0.3517587939698501           -0.047218835252265855
-0.23618090452261245          -0.09630195673602497
-0.12060301507537828          -0.1618783149361259
-0.005025125628140596         -0.2493747533903706
0.11055276381909708           -0.3659348314558072
0.22613065326633117           -0.5209357861043415
0.34170854271356893           -0.726656926778836
0.457286432160803             -0.9991465203991913
0.5728643216080407            -1.3593469001528893
0.6884422110552748            -1.8345555191963565
0.8040201005025125            -2.460320166662734
0.9195979899497502            -3.2828930343072726
1.0351758793969843            -4.362416025751304
1.150753768844222             -5.777104985572184
1.266331658291456             -7.628854924111227
1.3819095477386938            -10.050751729239376
1.4974874371859315            -13.216837195287637
1.6130653266331656            -17.35453748182712
1.7286432160804033            -22.760690285176658
1.8442211055276374            -29.822549917764825
1.959798994974875             -39.04533118187303
2.075376884422109             -51.08819732845223
2.190954773869347             -66.81122181560606
2.3065326633165846            -87.33666353264695
2.4221105527638187            -114.12892068166964
2.5376884422110564            -149.09885947624153
2.6532663316582905            -194.73995006340724
2.768844221105528             -256.0537052403817
