-20.0                         0.13829192366586318
-19.884422110552762           0.13829245753405658
-19.768844221105528           0.13829187138253685
-19.65326633165829            0.13829119357939823
-19.537688442211056           0.13829184306612374
-19.42211055276382            0.13829192277856198
-19.306532663316585           0.13829192471228488
-19.190954773869347           0.13829169126161622
-19.07537688442211            0.1382918471504174
-18.959798994974875           0.13829175829563542
-18.844221105527637           0.13829220586414628
-18.728643216080403           0.13829177577967408
-18.613065326633166           0.13829163444554057
-18.49748743718593            0.13829169410723227
-18.381909547738694           0.1382925161992908
-18.266331658291456           0.13829158126691807
-18.150753768844222           0.13829165943904784
-18.035175879396984           0.1382911870147463
-17.91959798994975            0.13829157555393648
-17.804020100502512           0.1382916443883644
-17.688442211055275           0.13829172756401958
-17.57286432160804            0.13829157230583083
-17.457286432160803           0.1382913651377507
-17.34170854271357            0.13829154998509957
-17.22613065326633            0.1382916935315045
-17.110552763819094           0.13829133954191525
-16.99497487437186            0.13829144660680595
-16.87939698492462            0.13829158195578015
-16.763819095477388           0.1382915062876247
-16.64824120603015            0.13829148534797717
-16.532663316582916           0.138291313826252
-16.417085427135678           0.13829139776901572
-16.301507537688444           0.13829134140322374
-16.185929648241206           0.13829132909822717
-16.07035175879397            0.13829138181169964
-15.954773869346734           0.13829091518614214
-15.839195979899497           0.13829124773272805
-15.72361809045226            0.1382912504624639
-15.608040201005025           0.13829114197254083
-15.492462311557789           0.1382911699769911
-15.376884422110553           0.13829097703246326
-15.261306532663315           0.13829123354748882
-15.145728643216081           0.1382911405546875
-15.030150753768844           0.13829143170318434
-14.914572864321608           0.138291010958238
-14.798994974874372           0.13829076608049382
-14.683417085427136           0.13829110213334886
-14.5678391959799             0.13829111971359656
-14.452261306532662           0.13829108718210878
-14.336683417085428           0.13829101764680754
-14.22110552763819            0.13829091507199656
-14.105527638190955           0.13829102278418054
-13.989949748743719           0.13829048797488785
-13.874371859296481           0.13829090594752494
-13.758793969849247           0.13829153520506757
-13.64321608040201            0.1382909744448098
-13.527638190954773           0.13829085601012575
-13.412060301507537           0.13829094899650732
-13.296482412060302           0.13829115450143772
-13.180904522613066           0.13829091971537152
-13.065326633165828           0.13829055808748106
-12.949748743718594           0.13829095835719907
-12.834170854271356           0.13829057784777665
-12.71859296482412            0.13829101561784227
-12.603015075376884           0.13829051123287303
-12.487437185929648           0.13829087594989772
-12.371859296482413           0.13829086150274114
-12.256281407035175           0.13829088012563542
-12.14070351758794            0.13829077129571363
-12.025125628140703           0.13829095853513443
-11.909547738693467           0.13829067332602019
-11.793969849246231           0.13829062612754933
-11.678391959798995           0.1382907338014819
-11.56281407035176            0.1382907131461216
-11.447236180904522           0.13829082845834872
-11.331658291457286           0.13829074253086887
-11.21608040201005            0.13829069822123785
-11.100502512562814           0.13829104562153505
-10.984924623115578           0.1382907150310482
-10.869346733668342           0.13829062516949878
-10.753768844221106           0.1382903095829111
-10.638190954773869           0.13829064835224716
-10.522613065326633           0.13829061006703272
-10.407035175879397           0.13829062403187853
-10.291457286432161           0.13829076481477623
-10.175879396984925           0.13829059135005856
-10.06030150753769            0.13829050892317393
-9.944723618090451            0.13829055880518853
-9.829145728643216            0.13829059723940712
-9.71356783919598             0.13829060721311234
-9.597989949748744            0.13829051944395312
-9.482412060301508            0.1382905271855403
-9.366834170854272            0.13829051286193259
-9.251256281407034            0.13829050257117714
-9.135678391959798            0.13829050109241758
-9.020100502512562            0.1382905238458222
-8.904522613065327            0.1382904239598481
-8.78894472361809             0.13829028100563417
-8.673366834170855            0.13829099170464582
-8.557788944723619            0.13829041901980021
-8.442211055276381            0.1382909499284816
-8.326633165829145            0.13829028297042095
-8.21105527638191             0.13829046720702384
-8.095477386934673            0.13829037221064053
-7.9798994974874375           0.13829038714767602
-7.864321608040202            0.13829036968479322
-7.748743718592964            0.13829034981457355
-7.633165829145728            0.13829036400190955
-7.517587939698492            0.13829030539645207
-7.402010050251256            0.13829038209166947
-7.28643216080402             0.1382903587400789
-7.170854271356784            0.1382903279612187
-7.055276381909547            0.13829017570984137
-6.939698492462311            0.13829029597896034
-6.824120603015075            0.13829030647781257
-6.708542713567839            0.1382903128539101
-6.592964824120603            0.1382902573803138
-6.477386934673367            0.13829017539193333
-6.361809045226131            0.13829024893789793
-6.246231155778894            0.1382901855153518
-6.130653266331658            0.1382902535064713
-6.015075376884422            0.138290250776891
-5.899497487437186            0.1382902657204855
-5.78391959798995             0.13829023118678785
-5.668341708542714            0.13829022822944226
-5.5527638190954764           0.13829017948169206
-5.4371859296482405           0.13829008622161362
-5.321608040201005            0.13829018858978465
-5.206030150753769            0.1382901716696149
-5.090452261306533            0.1382901635000639
-4.974874371859297            0.13829023640431998
-4.859296482412061            0.13829030289946279
-4.743718592964823            0.13829016682609363
-4.628140703517587            0.1382902073672461
-4.5125628140703515           0.1382901316405579
-4.396984924623116            0.13829013325111017
-4.28140703517588             0.13829013745948812
-4.165829145728644            0.13829012332477233
-4.050251256281406            0.13829013323645387
-3.934673366834172            0.1382901162390984
-3.8190954773869343           0.13829011224762974
-3.7035175879396967           0.1382900841699381
-3.5879396984924625           0.13829007177909391
-3.472361809045225            0.13829004890320304
-3.3567839195979907           0.1382900337486334
-3.241206030150753            0.13828997973197957
-3.125628140703519            0.13828990980294803
-3.0100502512562812           0.13828980873339036
-2.8944723618090435           0.1382896048460508
-2.7788944723618094           0.13828927272745803
-2.6633165829145717           0.13828880936922242
-2.5477386934673376           0.13828802228022327
-2.4321608040201              0.1382866562639117
-2.316582914572866            0.13828437305841682
-2.201005025125628            0.13828055595860086
-2.0854271356783904           0.13827416007945692
-1.9698492462311563           0.13826343855970924
-1.8542713567839186           0.1382455046538187
-1.7386934673366845           0.1382155604676073
-1.6231155778894468           0.13816543395062214
-1.5075376884422127           0.13808178044915714
-1.391959798994975            0.13794210550398273
-1.2763819095477373           0.13770929295756154
-1.1608040201005032           0.13732201236538968
-1.0452261306532655           0.13667935598292688
-0.9296482412060314           0.13561655359924313
-0.8140703517587937           0.1338666291149441
-0.698492462311556            0.1310015396087664
-0.5829145728643219           0.1263446698600216
-0.46733668341708423          0.11884272131518253
-0.3517587939698501           0.10688771171877906
-0.23618090452261245          0.08807757401524444
-0.12060301507537828          0.05890837408355821
-0.005025125628140596         0.014393339287191984
0.11055276381909708           -0.052395578730298584
0.22613065326633117           -0.1508752914529753
0.34170854271356893           -0.29361400407667443
0.457286432160803             -0.49715740561364424
0.5728643216080407            -0.7830901206929195
0.6884422110552748            -1.1794262488840943
0.8040201005025125            -1.7224413102908787
0.9195979899497502            -2.4590767985699453
1.0351758793969843            -3.4500876065257384
1.150753768844222             -4.774194560693187
1.266331658291456             -6.533676616108907
1.3819095477386938            -8.86191698912731
1.4974874371859315            -11.933226676551682
1.6130653266331656            -15.97528782807508
1.7286432160804033            -21.285155916503516
1.8442211055276374            -28.250251219770753
1.959798994974875             -37.37591007818944
2.075376884422109             -49.32138488186693
2.190954773869347             -64.94681507592458
2.3065326633165846            -85.37450878777426
2.4221105527638187            -112.06890118722723
2.5376884422110564            -146.9408863760611
2.6532663316582905            -192.4839556192042
2.768844221105528             -253.700187652442
