-20.0                         0.0825577208075302
-19.884422110552762           0.08255806724341612
-19.768844221105528           0.08255767803591507
-19.65326633165829            0.08255720073418309
-19.537688442211056           0.08255765453883243
-19.42211055276382            0.08255772225182671
-19.306532663316585           0.08255766043059344
-19.190954773869347           0.08255770698207753
-19.07537688442211            0.08255759899251149
-18.959798994974875           0.08255757149820618
-18.844221105527637           0.08255767314706738
-18.728643216080403           0.08255754256235834
-18.613065326633166           0.08255743410145695
-18.49748743718593            0.08255749281631472
-18.381909547738694           0.08255782401385088
-18.266331658291456           0.08255741223245326
-18.150753768844222           0.08255746159693178
-18.035175879396984           0.08255707260368063
-17.91959798994975            0.08255737924221439
-17.804020100502512           0.0825573785831698
-17.688442211055275           0.08255740574576297
-17.57286432160804            0.08255738663440745
-17.457286432160803           0.08255721382842963
-17.34170854271357            0.08255731236758918
-17.22613065326633            0.08255737194986133
-17.110552763819094           0.08255720758756624
-16.99497487437186            0.08255723772819308
-16.87939698492462            0.08255731367293613
-16.763819095477388           0.08255722852404496
-16.64824120603015            0.0825572414853464
-16.532663316582916           0.08255717572053979
-16.417085427135678           0.08255721720273927
-16.301507537688444           0.08255720583653055
-16.185929648241206           0.08255712132500548
-16.07035175879397            0.08255715097819952
-15.954773869346734           0.08255693483237282
-15.839195979899497           0.08255706699079833
-15.72361809045226            0.08255705681876277
-15.608040201005025           0.08255693070032914
-15.492462311557789           0.08255698200247708
-15.376884422110553           0.08255691004920401
-15.261306532663315           0.0825570095368514
-15.145728643216081           0.08255695357102216
-15.030150753768844           0.08255702146965675
-14.914572864321608           0.08255685635607762
-14.798994974874372           0.08255679663007356
-14.683417085427136           0.08255689798313436
-14.5678391959799             0.08255692208652596
-14.452261306532662           0.0825568954604053
-14.336683417085428           0.08255683446366226
-14.22110552763819            0.08255674932864508
-14.105527638190955           0.08255684542375454
-13.989949748743719           0.08255647451399158
-13.874371859296481           0.0825567519237908
-13.758793969849247           0.08255717757130725
-13.64321608040201            0.08255678666577032
-13.527638190954773           0.08255679781031038
-13.412060301507537           0.08255675661124422
-13.296482412060302           0.08255689654942182
-13.180904522613066           0.0825567170145756
-13.065326633165828           0.0825564947903208
-12.949748743718594           0.08255673221463375
-12.834170854271356           0.0825564636931459
-12.71859296482412            0.08255675373113053
-12.603015075376884           0.08255646561577451
-12.487437185929648           0.08255665099633022
-12.371859296482413           0.08255664471972882
-12.256281407035175           0.0825566509557242
-12.14070351758794            0.08255657731794105
-12.025125628140703           0.0825567189387961
-11.909547738693467           0.08255650877289045
-11.793969849246231           0.08255652083826402
-11.678391959798995           0.08255654067658885
-11.56281407035176            0.08255652615686644
-11.447236180904522           0.08255656927262661
-11.331658291457286           0.08255652427328053
-11.21608040201005            0.08255649939678189
-11.100502512562814           0.08255674547596545
-10.984924623115578           0.0825564907596633
-10.869346733668342           0.08255643649059842
-10.753768844221106           0.08255624363701504
-10.638190954773869           0.08255643734313518
-10.522613065326633           0.08255643016666034
-10.407035175879397           0.08255640867377403
-10.291457286432161           0.08255642463350968
-10.175879396984925           0.08255638739002502
-10.06030150753769            0.08255633505329207
-9.944723618090451            0.08255635930610064
-9.829145728643216            0.08255642350605573
-9.71356783919598             0.08255632841053547
-9.597989949748744            0.08255632152313139
-9.482412060301508            0.08255632725468948
-9.366834170854272            0.08255629959006078
-9.251256281407034            0.08255629634996461
-9.135678391959798            0.08255629309638567
-9.020100502512562            0.08255627978399992
-8.904522613065327            0.08255628759748265
-8.78894472361809             0.08255616848235807
-8.673366834170855            0.0825565938218101
-8.557788944723619            0.0825562088573755
-8.442211055276381            0.08255655961177667
-8.326633165829145            0.08255615759752917
-8.21105527638191             0.08255626860134845
-8.095477386934673            0.08255617690521856
-7.9798994974874375           0.08255618138783885
-7.864321608040202            0.0825561704664865
-7.748743718592964            0.08255616049630692
-7.633165829145728            0.08255615278694467
-7.517587939698492            0.08255614327149431
-7.402010050251256            0.08255612744114935
-7.28643216080402             0.08255614226703052
-7.170854271356784            0.08255612434347182
-7.055276381909547            0.08255604372538278
-6.939698492462311            0.08255609578152975
-6.824120603015075            0.08255609428134346
-6.708542713567839            0.0825561310994827
-6.592964824120603            0.08255605471726421
-6.477386934673367            0.08255599062801414
-6.361809045226131            0.08255604736416192
-6.246231155778894            0.0825559917960399
-6.130653266331658            0.0825560350046131
-6.015075376884422            0.08255602706165643
-5.899497487437186            0.08255601892921978
-5.78391959798995             0.08255600247988683
-5.668341708542714            0.08255599116864154
-5.5527638190954764           0.0825559599965097
-5.4371859296482405           0.08255587457073256
-5.321608040201005            0.08255591835070439
-5.206030150753769            0.08255586643066311
-5.090452261306533            0.08255580921202478
-4.974874371859297            0.08255579147851365
-4.859296482412061            0.08255574186926816
-4.743718592964823            0.0825555402978837
-4.628140703517587            0.08255540336354819
-4.5125628140703515           0.0825551315464948
-4.396984924623116            0.08255481048697685
-4.28140703517588             0.082554372989942
-4.165829145728644            0.08255375637806003
-4.050251256281406            0.08255292893998713
-3.934673366834172            0.08255172845248807
-3.8190954773869343           0.08255009126657119
-3.7035175879396967           0.08254780987812636
-3.5879396984924625           0.08254464980809323
-3.472361809045225            0.08254025508444614
-3.3567839195979907           0.08253415820063044
-3.241206030150753            0.0825256718809946
-3.125628140703519            0.08251387128866439
-3.0100502512562812           0.0824974799353889
-2.8944723618090435           0.08247466211492405
-2.7788944723618094           0.0824429555931697
-2.6633165829145717           0.08239891235332299
-2.5477386934673376           0.08233768199445478
-2.4321608040201              0.08225252049284737
-2.316582914572866            0.08213411965584773
-2.201005025125628            0.08196950694347918
-2.0854271356783904           0.08174064454741774
-1.9698492462311563           0.08142245545056438
-1.8542713567839186           0.08098010988505887
-1.7386934673366845           0.08036521355056402
-1.6231155778894468           0.07951046899569275
-1.5075376884422127           0.07832258829223396
-1.391959798994975            0.07667194544379415
-1.2763819095477373           0.07437892867133199
-1.1608040201005032           0.071194816685931
-1.0452261306532655           0.0667756744520532
-0.9296482412060314           0.06064697082180474
-0.8140703517587937           0.052155594745759974
-0.698492462311556            0.040405468359884865
-0.5829145728643219           0.02417231485285089
-0.46733668341708423          0.0017905004262539716
-0.3517587939698501           -0.028994071084232544
-0.23618090452261245          -0.07121490587244639
-0.12060301507537828          -0.1289305910023839
-0.005025125628140596         -0.20753987555963005
0.11055276381909708           -0.31418499629134694
0.22613065326633117           -0.4582695038152521
0.34170854271356893           -0.652124758826188
0.457286432160803             -0.9118724432918526
0.5728643216080407            -1.2585436170099655
0.6884422110552748            -1.7195330748925026
0.8040201005025125            -2.330488188202048
0.9195979899497502            -3.1377573107065304
1.0351758793969843            -4.2015698023013535
1.150753768844222             -5.6002149768356
1.266331658291456             -7.435644777533248
1.3819095477386938            -9.840990563675216
1.4974874371859315            -12.990336873753801
1.6130653266331656            -17.11115153588735
1.7286432160804033            -22.50030825444189
1.8442211055276374            -29.5450891467292
1.959798994974875             -38.75072961323989
2.075376884422109             -50.77640815357113
2.190954773869347             -66.48220959565904
2.3065326633165846            -86.99040135995065
2.4221105527638187            -113.76538808105212
2.5376884422110564            -148.7180408411057
2.6532663316582905            -194.3418334830955
2.768844221105528             -255.63837860721588
