-20.0                         0.45416610258739015
-19.884422110552762           0.45416688004872896
-19.768844221105528           0.45416601914722005
-19.65326633165829            0.4541650978646229
-19.537688442211056           0.4541659755962273
-19.42211055276382            0.45416596772465984
-19.306532663316585           0.45416617913493984
-19.190954773869347           0.4541652462028939
-19.07537688442211            0.45416609883346337
-18.959798994974875           0.4541658716582452
-18.844221105527637           0.4541669012383139
-18.728643216080403           0.4541659096150654
-18.613065326633166           0.45416585886456
-18.49748743718593            0.4541658394803313
-18.381909547738694           0.4541674668464407
-18.266331658291456           0.45416568057057605
-18.150753768844222           0.4541657674750341
-18.035175879396984           0.4541654706961093
-17.91959798994975            0.4541657228283229
-17.804020100502512           0.4541659680525849
-17.688442211055275           0.45416600094965576
-17.57286432160804            0.45416555182313023
-17.457286432160803           0.45416545332661384
-17.34170854271357            0.4541657183599324
-17.22613065326633            0.45416588723710416
-17.110552763819094           0.45416540362822705
-16.99497487437186            0.45416568957008513
-16.87939698492462            0.45416563523844367
-16.763819095477388           0.45416583567872165
-16.64824120603015            0.45416558979932925
-16.532663316582916           0.454165369089182
-16.417085427135678           0.45416548210379554
-16.301507537688444           0.4541651810057269
-16.185929648241206           0.4541654720987644
-16.07035175879397            0.4541656058582557
-15.954773869346734           0.45416469503460966
-15.839195979899497           0.45416536159825455
-15.72361809045226            0.454165394661203
-15.608040201005025           0.4541655897111065
-15.492462311557789           0.4541653105859618
-15.376884422110553           0.4541650525970053
-15.261306532663315           0.45416541391466425
-15.145728643216081           0.4541652912949502
-15.030150753768844           0.4541659640178665
-14.914572864321608           0.4541650997866563
-14.798994974874372           0.45416457004628535
-14.683417085427136           0.45416527837458226
-14.5678391959799             0.4541652338503984
-14.452261306532662           0.4541651960964513
-14.336683417085428           0.45416514216113135
-14.22110552763819            0.45416523294572403
-14.105527638190955           0.45416511172590834
-13.989949748743719           0.4541643854789295
-13.874371859296481           0.4541649835842135
-13.758793969849247           0.45416573132335925
-13.64321608040201            0.4541650714602374
-13.527638190954773           0.4541646669405405
-13.412060301507537           0.4541650710485799
-13.296482412060302           0.4541651786535188
-13.180904522613066           0.45416511039224644
-13.065326633165828           0.45416461083332776
-12.949748743718594           0.4541651016880179
-12.834170854271356           0.454164629819932
-12.71859296482412            0.454165222770056
-12.603015075376884           0.4541645069487952
-12.487437185929648           0.4541650615030046
-12.371859296482413           0.45416496399196954
-12.256281407035175           0.45416508845224746
-12.14070351758794            0.45416491186532404
-12.025125628140703           0.4541649849132799
-11.909547738693467           0.4541647716651661
-11.793969849246231           0.4541646382296472
-11.678391959798995           0.45416487457740984
-11.56281407035176            0.45416484162885634
-11.447236180904522           0.45416508291333146
-11.331658291457286           0.45416490235928453
-11.21608040201005            0.45416483261259555
-11.100502512562814           0.4541652121363681
-10.984924623115578           0.4541648846104072
-10.869346733668342           0.4541647561999949
-10.753768844221106           0.4541642618948519
-10.638190954773869           0.4541648279220354
-10.522613065326633           0.45416470654563734
-10.407035175879397           0.4541648295581759
-10.291457286432161           0.4541652227100556
-10.175879396984925           0.4541647357383238
-10.06030150753769            0.4541646177201161
-9.944723618090451            0.4541647062646052
-9.829145728643216            0.454164585396937
-9.71356783919598             0.4541649749253627
-9.597989949748744            0.45416467321314213
-9.482412060301508            0.4541646652439363
-9.366834170854272            0.45416470869935294
-9.251256281407034            0.4541646601044907
-9.135678391959798            0.4541646381861077
-9.020100502512562            0.4541647635745039
-8.904522613065327            0.4541644038395549
-8.78894472361809             0.45416428745131227
-8.673366834170855            0.45416542521683245
-8.557788944723619            0.45416459658443725
-8.442211055276381            0.4541653725249926
-8.326633165829145            0.4541643045059339
-8.21105527638191             0.45416451376440575
-8.095477386934673            0.4541645674485754
-7.9798994974874375           0.4541645526303147
-7.864321608040202            0.4541645183519651
-7.748743718592964            0.4541644766044137
-7.633165829145728            0.4541645395308928
-7.517587939698492            0.45416436449934305
-7.402010050251256            0.4541646800586711
-7.28643216080402             0.454164526140002
-7.170854271356784            0.4541644723836862
-7.055276381909547            0.454164239410751
-6.939698492462311            0.45416444523827026
-6.824120603015075            0.4541644689530849
-6.708542713567839            0.4541643968147024
-6.592964824120603            0.45416442006306623
-6.477386934673367            0.4541643480987439
-6.361809045226131            0.4541644064716418
-6.246231155778894            0.45416432614921415
-6.130653266331658            0.4541644148923178
-6.015075376884422            0.45416442036159715
-5.899497487437186            0.4541644681362416
-5.78391959798995             0.45416437710919527
-5.668341708542714            0.45416438158688355
-5.5527638190954764           0.4541642699018443
-5.4371859296482405           0.45416416385547376
-5.321608040201005            0.4541642828256028
-5.206030150753769            0.45416430139040054
-5.090452261306533            0.4541643389702151
-4.974874371859297            0.45416437990502295
-4.859296482412061            0.45416451077707576
-4.743718592964823            0.45416432740712526
-4.628140703517587            0.45416439239761774
-4.5125628140703515           0.4541642654154877
-4.396984924623116            0.45416428553466887
-4.28140703517588             0.4541643003642381
-4.165829145728644            0.45416427830090383
-4.050251256281406            0.4541642451347501
-3.934673366834172            0.45416428778535356
-3.8190954773869343           0.4541642946061457
-3.7035175879396967           0.4541642513567235
-3.5879396984924625           0.45416425295505003
-3.472361809045225            0.4541642417258867
-3.3567839195979907           0.4541642581614359
-3.241206030150753            0.454164215098833
-3.125628140703519            0.454164214425208
-3.0100502512562812           0.45416421936954876
-2.8944723618090435           0.4541642096500879
-2.7788944723618094           0.45416411785368577
-2.6633165829145717           0.4541641733347087
-2.5477386934673376           0.4541641937884972
-2.4321608040201              0.4541641872470049
-2.316582914572866            0.45416418224809396
-2.201005025125628            0.45416418175498807
-2.0854271356783904           0.4541641538826095
-1.9698492462311563           0.4541640755419917
-1.8542713567839186           0.4541639283161889
-1.7386934673366845           0.4541637252778823
-1.6231155778894468           0.4541631947622472
-1.5075376884422127           0.4541621751440031
-1.391959798994975            0.4541598201402579
-1.2763819095477373           0.4541546963472262
-1.1608040201005032           0.4541435646257889
-1.0452261306532655           0.4541194012256554
-0.9296482412060314           0.4540672553811417
-0.8140703517587937           0.45395531773841785
-0.698492462311556            0.4537165208833673
-0.5829145728643219           0.4532129673215697
-0.46733668341708423          0.45216484718820693
-0.3517587939698501           0.4500210348485522
-0.23618090452261245          0.44573225169909897
-0.12060301507537828          0.43738394016284443
-0.005025125628140596         0.4216547411682016
0.11055276381909708           0.3931016708261821
0.22613065326633117           0.343324065124448
0.34170854271356893           0.260088019973801
0.457286432160803             0.12645417871699635
0.5728643216080407            -0.08015032754238384
0.6884422110552748            -0.3890818048784579
0.8040201005025125            -0.8380654311704919
0.9195979899497502            -1.4754153858326562
1.0351758793969843            -2.3630732972451534
1.150753768844222             -3.5807044824378447
1.266331658291456             -5.2312790357497
1.3819095477386938            -7.44868164326586
1.4974874371859315            -10.40764054362281
1.6130653266331656            -14.336211893246864
1.7286432160804033            -19.531757401841293
1.8442211055276374            -26.381923147228136
1.959798994974875             -35.392206004017254
2.075376884422109             -47.22197329563597
2.190954773869347             -62.73144796539395
2.3065326633165846            -83.04299954771253
2.4221105527638187            -109.62110880339797
2.5376884422110564            -144.37670393252446
2.6532663316582905            -189.80330184958677
2.768844221105528             -250.9036549891254
