-20.0                         0.08863016649941516
-19.884422110552762           0.08863049176939397
-19.768844221105528           0.08863012444531904
-19.65326633165829            0.08862967020630337
-19.537688442211056           0.08863010050657537
-19.42211055276382            0.08863016373888848
-19.306532663316585           0.0886301009639187
-19.190954773869347           0.08863016132091589
-19.07537688442211            0.08863004045900373
-18.959798994974875           0.08863001690574086
-18.844221105527637           0.08863009261950282
-18.728643216080403           0.0886299848126136
-18.613065326633166           0.08862988153345669
-18.49748743718593            0.08862993796996194
-18.381909547738694           0.08863022502963643
-18.266331658291456           0.0886298603422826
-18.150753768844222           0.08862990547244187
-18.035175879396984           0.08862953467417228
-17.91959798994975            0.08862982515825582
-17.804020100502512           0.08862982001536997
-17.688442211055275           0.0886298411830254
-17.57286432160804            0.08862982924038607
-17.457286432160803           0.08862966444430039
-17.34170854271357            0.08862975471712972
-17.22613065326633            0.08862980526451096
-17.110552763819094           0.08862965933931152
-16.99497487437186            0.08862968325912647
-16.87939698492462            0.08862974961541596
-16.763819095477388           0.088629668044894
-16.64824120603015            0.08862968134076964
-16.532663316582916           0.08862962426969212
-16.417085427135678           0.08862966239420414
-16.301507537688444           0.08862965043234203
-16.185929648241206           0.0886295659295079
-16.07035175879397            0.08862959336953385
-15.954773869346734           0.08862940021280774
-15.839195979899497           0.08862951369615821
-15.72361809045226            0.08862950229331708
-15.608040201005025           0.08862938165688619
-15.492462311557789           0.08862942869415182
-15.376884422110553           0.08862936824729933
-15.261306532663315           0.0886294526357943
-15.145728643216081           0.08862940034856803
-15.030150753768844           0.08862945143321231
-14.914572864321608           0.08862930643132824
-14.798994974874372           0.08862926218977339
-14.683417085427136           0.08862934330611853
-14.5678391959799             0.08862936596157332
-14.452261306532662           0.08862934012651764
-14.336683417085428           0.08862928132251627
-14.22110552763819            0.08862920239984814
-14.105527638190955           0.08862929132733499
-13.989949748743719           0.0886289401126137
-13.874371859296481           0.08862920153340648
-13.758793969849247           0.08862960006731511
-13.64321608040201            0.08862923176059573
-13.527638190954773           0.08862925061898388
-13.412060301507537           0.08862920162031629
-13.296482412060302           0.08862933024536161
-13.180904522613066           0.08862916225171837
-13.065326633165828           0.08862895633118112
-12.949748743718594           0.08862917367228523
-12.834170854271356           0.08862891903870626
-12.71859296482412            0.08862919165484669
-12.603015075376884           0.08862892758991293
-12.487437185929648           0.08862909395544763
-12.371859296482413           0.08862908725275252
-12.256281407035175           0.08862909321652258
-12.14070351758794            0.08862902302486746
-12.025125628140703           0.08862915499361655
-11.909547738693467           0.08862895755853696
-11.793969849246231           0.08862897301694765
-11.678391959798995           0.08862898616818346
-11.56281407035176            0.08862897222576968
-11.447236180904522           0.08862900881482878
-11.331658291457286           0.08862896722060498
-11.21608040201005            0.0886289440505925
-11.100502512562814           0.08862917556559813
-10.984924623115578           0.088628933214893
-10.869346733668342           0.08862888262406379
-10.753768844221106           0.08862870264354619
-10.638190954773869           0.08862888135773861
-10.522613065326633           0.08862887601528215
-10.407035175879397           0.08862885298322365
-10.291457286432161           0.08862885945218639
-10.175879396984925           0.08862883184089941
-10.06030150753769            0.08862878270031938
-9.944723618090451            0.0886288042647527
-9.829145728643216            0.0886288667103562
-9.71356783919598             0.08862876958881587
-9.597989949748744            0.08862876676589426
-9.482412060301508            0.08862877165855318
-9.366834170854272            0.08862874412314775
-9.251256281407034            0.08862874071726863
-9.135678391959798            0.08862873693830042
-9.020100502512562            0.08862872208449725
-8.904522613065327            0.08862873548155677
-8.78894472361809             0.08862862184972271
-8.673366834170855            0.08862901751250983
-8.557788944723619            0.08862865336166997
-8.442211055276381            0.08862898409906018
-8.326633165829145            0.0886286093753084
-8.21105527638191             0.0886287103779098
-8.095477386934673            0.08862862296307004
-7.9798994974874375           0.08862862581466852
-7.864321608040202            0.08862861525178603
-7.748743718592964            0.08862860604880056
-7.633165829145728            0.08862859662086275
-7.517587939698492            0.08862858974424818
-7.402010050251256            0.08862856912241289
-7.28643216080402             0.08862858470061644
-7.170854271356784            0.08862856757111554
-7.055276381909547            0.08862849407398926
-6.939698492462311            0.08862853877778996
-6.824120603015075            0.08862853552817412
-6.708542713567839            0.08862857271793514
-6.592964824120603            0.08862849520562864
-6.477386934673367            0.088628432498238
-6.361809045226131            0.0886284838227947
-6.246231155778894            0.08862842651193654
-6.130653266331658            0.08862846288564463
-6.015075376884422            0.08862844923450168
-5.899497487437186            0.08862843223138703
-5.78391959798995             0.08862840678561482
-5.668341708542714            0.08862838167056553
-5.5527638190954764           0.088628333832887
-5.4371859296482405           0.08862822710594558
-5.321608040201005            0.08862823223237214
-5.206030150753769            0.08862813552841929
-5.090452261306533            0.08862801782051696
-4.974874371859297            0.08862791406748595
-4.859296482412061            0.0886277518507933
-4.743718592964823            0.0886274091821262
-4.628140703517587            0.08862707328979974
-4.5125628140703515           0.08862653980687744
-4.396984924623116            0.0886258642751245
-4.28140703517588             0.08862495237640741
-4.165829145728644            0.08862370212908634
-4.050251256281406            0.08862202675662374
-3.934673366834172            0.0886196950330345
-3.8190954773869343           0.0886165476578236
-3.7035175879396967           0.08861225424387152
-3.5879396984924625           0.08860641306966027
-3.472361809045225            0.0885984511606615
-3.3567839195979907           0.08858761228890172
-3.241206030150753            0.0885728317779231
-3.125628140703519            0.088552684926101
-3.0100502512562812           0.08852524162215432
-2.8944723618090435           0.08848781191609885
-2.7788944723618094           0.08843681557874288
-2.6633165829145717           0.08836734666257466
-2.5477386934673376           0.08827266817281135
-2.4321608040201              0.08814359418167284
-2.316582914572866            0.08796766571071561
-2.201005025125628            0.08772786749511562
-2.0854271356783904           0.08740099761576417
-1.9698492462311563           0.08695541708081997
-1.8542713567839186           0.08634800655033803
-1.7386934673366845           0.08551997068048807
-1.6231155778894468           0.08439107515998279
-1.5075376884422127           0.08285206637170497
-1.391959798994975            0.08075384524357247
-1.2763819095477373           0.0778933235825701
-1.1608040201005032           0.07399389090356227
-1.0452261306532655           0.06867905082290145
-0.9296482412060314           0.06143702475778023
-0.8140703517587937           0.05157314202698939
-0.698492462311556            0.03814633212655682
-0.5829145728643219           0.019885381866252747
-0.46733668341708423          -0.0049220343949907
-0.3517587939698501           -0.038573682505459984
-0.23618090452261245          -0.0841405138799501
-0.12060301507537828          -0.14570909315932157
-0.005025125628140596         -0.22869387984525727
0.11055276381909708           -0.34023871621124596
0.22613065326633117           -0.4897341677529066
0.34170854271356893           -0.6894850371715913
0.457286432160803             -0.955575230032099
0.5728643216080407            -1.308990056614545
0.6884422110552748            -1.7770741546143403
0.8040201005025125            -2.3954236908135313
0.9195979899497502            -3.21033770635634
1.0351758793969843            -4.282000831585953
1.150753768844222             -5.688664885006423
1.266331658291456             -7.532252812883319
1.3819095477386938            -9.94587289145605
1.4974874371859315            -13.103588046936677
1.6130653266331656            -17.232845094218593
1.7286432160804033            -22.63049960903524
1.8442211055276374            -29.683819729429583
1.959798994974875             -38.89803051245323
2.075376884422109             -50.9323028080861
2.190954773869347             -66.64671574484497
2.3065326633165846            -87.16353246924766
2.4221105527638187            -113.94715439480261
2.5376884422110564            -148.9084501665516
2.6532663316582905            -194.5408917778706
2.768844221105528             -255.8460419237988
