-20.0                         0.5287453525597494
-19.884422110552762           0.5287461733539854
-19.768844221105528           0.5287452609545787
-19.65326633165829            0.5287443066760409
-19.537688442211056           0.5287452216272152
-19.42211055276382            0.5287451860931364
-19.306532663316585           0.5287454308699656
-19.190954773869347           0.5287443737391269
-19.07537688442211            0.5287453636486731
-18.959798994974875           0.5287451118375606
-18.844221105527637           0.5287462204981459
-18.728643216080403           0.5287451334064882
-18.613065326633166           0.5287451264204717
-18.49748743718593            0.5287450793836141
-18.381909547738694           0.5287468444541014
-18.266331658291456           0.528744917145224
-18.150753768844222           0.5287450030025326
-18.035175879396984           0.5287447705861392
-17.91959798994975            0.5287449645208699
-17.804020100502512           0.5287452479287065
-17.688442211055275           0.5287452424879374
-17.57286432160804            0.5287447570202269
-17.457286432160803           0.5287446896198548
-17.34170854271357            0.528744951976845
-17.22613065326633            0.5287451082926338
-17.110552763819094           0.528744638454401
-16.99497487437186            0.5287449609473058
-16.87939698492462            0.5287448321200379
-16.763819095477388           0.5287451186092853
-16.64824120603015            0.5287448071959018
-16.532663316582916           0.5287446139423095
-16.417085427135678           0.5287447141466737
-16.301507537688444           0.528744358061814
-16.185929648241206           0.5287447109504095
-16.07035175879397            0.5287448671723005
-15.954773869346734           0.5287438735502612
-15.839195979899497           0.5287446005652201
-15.72361809045226            0.5287446428661711
-15.608040201005025           0.528744919431187
-15.492462311557789           0.5287445558715658
-15.376884422110553           0.528744313679473
-15.261306532663315           0.5287446612944199
-15.145728643216081           0.5287445406438067
-15.030150753768844           0.5287452666525769
-14.914572864321608           0.5287443358124155
-14.798994974874372           0.5287437635564703
-14.683417085427136           0.5287445308630868
-14.5678391959799             0.5287444752857543
-14.452261306532662           0.5287444367086073
-14.336683417085428           0.5287443836094861
-14.22110552763819            0.5287445365789527
-14.105527638190955           0.5287443473382045
-13.989949748743719           0.528743589768691
-13.874371859296481           0.5287442168198259
-13.758793969849247           0.5287449666536097
-13.64321608040201            0.5287443061912995
-13.527638190954773           0.5287438489078803
-13.412060301507537           0.5287443125444535
-13.296482412060302           0.5287443789943178
-13.180904522613066           0.5287443695299934
-13.065326633165828           0.5287438544107371
-12.949748743718594           0.5287443406084846
-12.834170854271356           0.5287438615044845
-12.71859296482412            0.528744474161112
-12.603015075376884           0.5287437379835083
-12.487437185929648           0.5287443110707579
-12.371859296482413           0.5287441902219594
-12.256281407035175           0.5287443455739473
-12.14070351758794            0.5287441564449644
-12.025125628140703           0.5287441898241403
-11.909547738693467           0.5287440088981028
-11.793969849246231           0.5287438714168518
-11.678391959798995           0.528744120793701
-11.56281407035176            0.5287440842477963
-11.447236180904522           0.5287443489913227
-11.331658291457286           0.528744147555454
-11.21608040201005            0.528744074838004
-11.100502512562814           0.5287444483539611
-10.984924623115578           0.5287441312704766
-10.869346733668342           0.528743999079374
-10.753768844221106           0.5287434737947618
-10.638190954773869           0.5287440824076435
-10.522613065326633           0.5287439423832003
-10.407035175879397           0.5287440871074113
-10.291457286432161           0.5287445299712115
-10.175879396984925           0.5287439789012467
-10.06030150753769            0.5287438564971709
-9.944723618090451            0.5287439527276667
-9.829145728643216            0.5287437935588486
-9.71356783919598             0.5287442636328832
-9.597989949748744            0.5287439220116223
-9.482412060301508            0.5287439096002793
-9.366834170854272            0.5287439648385379
-9.251256281407034            0.5287439074451782
-9.135678391959798            0.528743878622299
-9.020100502512562            0.5287440216565484
-8.904522613065327            0.5287436165559919
-8.78894472361809             0.5287435075893073
-8.673366834170855            0.5287447204253425
-8.557788944723619            0.5287438487385648
-8.442211055276381            0.5287446658374731
-8.326633165829145            0.5287435269811215
-8.21105527638191             0.5287437327257037
-8.095477386934673            0.5287438296326845
-7.9798994974874375           0.5287438021373719
-7.864321608040202            0.5287437648632902
-7.748743718592964            0.5287437181521057
-7.633165829145728            0.5287437913469482
-7.517587939698492            0.5287435958862855
-7.402010050251256            0.5287439550543139
-7.28643216080402             0.5287437743150024
-7.170854271356784            0.528743716931603
-7.055276381909547            0.5287434742303478
-6.939698492462311            0.5287436920208906
-6.824120603015075            0.5287437164903059
-6.708542713567839            0.5287436288171784
-6.592964824120603            0.5287436698495285
-6.477386934673367            0.5287436041236466
-6.361809045226131            0.5287436561736697
-6.246231155778894            0.5287435714338429
-6.130653266331658            0.528743661595866
-6.015075376884422            0.5287436680220444
-5.899497487437186            0.528743720104467
-5.78391959798995             0.5287436207191263
-5.668341708542714            0.5287436278466364
-5.5527638190954764           0.5287435057210779
-5.4371859296482405           0.5287433970847651
-5.321608040201005            0.5287435167032396
-5.206030150753769            0.5287435449451507
-5.090452261306533            0.5287435940197435
-4.974874371859297            0.5287436183512354
-4.859296482412061            0.5287437623266401
-4.743718592964823            0.5287435739320703
-4.628140703517587            0.5287436444135881
-4.5125628140703515           0.5287435093424696
-4.396984924623116            0.5287435309312527
-4.28140703517588             0.5287435476511565
-4.165829145728644            0.528743524588169
-4.050251256281406            0.5287434807273599
-3.934673366834172            0.5287435368154273
-3.8190954773869343           0.5287435452690167
-3.7035175879396967           0.5287434984842091
-3.5879396984924625           0.5287435020347402
-3.472361809045225            0.5287434903880288
-3.3567839195979907           0.5287435083433427
-3.241206030150753            0.5287434614080156
-3.125628140703519            0.528743460683975
-3.0100502512562812           0.5287434657303044
-2.8944723618090435           0.528743462725259
-2.7788944723618094           0.5287433602142011
-2.6633165829145717           0.5287434237691094
-2.5477386934673376           0.5287434422300942
-2.4321608040201              0.528743436986725
-2.316582914572866            0.5287434355822354
-2.201005025125628            0.5287434429562584
-2.0854271356783904           0.5287434278094049
-1.9698492462311563           0.5287433769280719
-1.8542713567839186           0.528743289206466
-1.7386934673366845           0.5287432195930072
-1.6231155778894468           0.5287429697241565
-1.5075376884422127           0.5287425462203797
-1.391959798994975            0.5287414310791348
-1.2763819095477373           0.5287389040477465
-1.1608040201005032           0.528733152990172
-1.0452261306532655           0.5287200600280536
-0.9296482412060314           0.5286904745824118
-0.8140703517587937           0.5286239714653016
-0.698492462311556            0.5284752478876267
-0.5829145728643219           0.5281468900521529
-0.46733668341708423          0.5274313020823326
-0.3517587939698501           0.5258996626349876
-0.23618090452261245          0.5226961009319855
-0.12060301507537828          0.5161858137878742
-0.005025125628140596         0.5034079059417687
0.11055276381909708           0.47931850746879556
0.22613065326633117           0.4358756268696263
0.34170854271356893           0.3610739527305891
0.457286432160803             0.2380160680622163
0.5728643216080407            0.04398903184712774
0.6884422110552748            -0.2506290953730856
0.8040201005025125            -0.6838813026953511
0.9195979899497502            -1.3043923006358813
1.0351758793969843            -2.1743722493891995
1.150753768844222             -3.373697665299996
1.266331658291456             -5.005490503636984
1.3819095477386938            -7.2037421150510195
1.4974874371859315            -10.14326555598981
1.6130653266331656            -14.052190509831254
1.7286432160804033            -19.227937569204208
1.8442211055276374            -26.058195380430202
1.959798994974875             -35.048490539567474
2.075376884422109             -46.858211333394664
2.190954773869347             -62.34759575778517
2.3065326633165846            -82.63902431722751
2.4221105527638187            -109.19698586011354
2.5376884422110564            -143.93241460260793
2.6532663316582905            -189.33883196573163
2.768844221105528             -250.41910725043195
