-20.0                         1.065560555079469
-19.884422110552762           1.0655616988958696
-19.768844221105528           1.0655604084346117
-19.65326633165829            1.0655593538577084
-19.537688442211056           1.0655605248312436
-19.42211055276382            1.065560235539197
-19.306532663316585           1.0655605366087781
-19.190954773869347           1.065558911771578
-19.07537688442211            1.0655606997792852
-18.959798994974875           1.0655603313757667
-18.844221105527637           1.065561636809938
-18.728643216080403           1.065560098841725
-18.613065326633166           1.065560545299656
-18.49748743718593            1.0655602167146707
-18.381909547738694           1.065562740008727
-18.266331658291456           1.0655600992181775
-18.150753768844222           1.0655601725948616
-18.035175879396984           1.0655605087622382
-17.91959798994975            1.065560118977928
-17.804020100502512           1.0655606656067411
-17.688442211055275           1.0655602324709958
-17.57286432160804            1.06555980771704
-17.457286432160803           1.0655598786001619
-17.34170854271357            1.0655599866025685
-17.22613065326633            1.0655599823137647
-17.110552763819094           1.0655598408495954
-16.99497487437186            1.065560342479728
-16.87939698492462            1.0655596200170796
-16.763819095477388           1.0655605958277112
-16.64824120603015            1.0655597780739694
-16.532663316582916           1.065560028799999
-16.417085427135678           1.065559862918711
-16.301507537688444           1.0655592130622686
-16.185929648241206           1.0655598768648216
-16.07035175879397            1.0655601829515642
-15.954773869346734           1.065558700965373
-15.839195979899497           1.0655597953258333
-15.72361809045226            1.0655599477106823
-15.608040201005025           1.0655607737968482
-15.492462311557789           1.0655597979585907
-15.376884422110553           1.0655598450741066
-15.261306532663315           1.06555987855506
-15.145728643216081           1.0655598175353511
-15.030150753768844           1.065560689464364
-14.914572864321608           1.0655595212991138
-14.798994974874372           1.0655587634476982
-14.683417085427136           1.0655598170796536
-14.5678391959799             1.0655597485740036
-14.452261306532662           1.0655597076640315
-14.336683417085428           1.0655595990937423
-14.22110552763819            1.0655602485063445
-14.105527638190955           1.0655595498611554
-13.989949748743719           1.0655585936530134
-13.874371859296481           1.065559381818054
-13.758793969849247           1.0655600646183372
-13.64321608040201            1.0655594884237527
-13.527638190954773           1.0655587249963134
-13.412060301507537           1.065559545184291
-13.296482412060302           1.0655592517895602
-13.180904522613066           1.0655597170484417
-13.065326633165828           1.0655591713333912
-12.949748743718594           1.0655595108803377
-12.834170854271356           1.0655590312419274
-12.71859296482412            1.0655597230364509
-12.603015075376884           1.0655589679181001
-12.487437185929648           1.0655595463471361
-12.371859296482413           1.0655592725696326
-12.256281407035175           1.0655596304782327
-12.14070351758794            1.0655593955208154
-12.025125628140703           1.065559110650403
-11.909547738693467           1.0655591994199063
-11.793969849246231           1.0655591534511408
-11.678391959798995           1.0655593831181625
-11.56281407035176            1.0655593080059187
-11.447236180904522           1.0655597205395333
-11.331658291457286           1.0655593713516038
-11.21608040201005            1.0655592920518524
-11.100502512562814           1.065559578614687
-10.984924623115578           1.0655593616500414
-10.869346733668342           1.0655592267785268
-10.753768844221106           1.0655585140806354
-10.638190954773869           1.0655593965430858
-10.522613065326633           1.0655591261365405
-10.407035175879397           1.0655593689179295
-10.291457286432161           1.0655601500488026
-10.175879396984925           1.065559192780935
-10.06030150753769            1.0655590549375005
-9.944723618090451            1.0655592165627297
-9.829145728643216            1.0655587866706493
-9.71356783919598             1.0655597287342675
-9.597989949748744            1.0655591972506047
-9.482412060301508            1.0655591536244073
-9.366834170854272            1.0655592674551033
-9.251256281407034            1.0655591605485568
-9.135678391959798            1.065559082075309
-9.020100502512562            1.065559269781079
-8.904522613065327            1.0655586632664682
-8.78894472361809             1.0655585916720178
-8.673366834170855            1.0655602569124514
-8.557788944723619            1.065559134028263
-8.442211055276381            1.065560190953019
-8.326633165829145            1.06555862375344
-8.21105527638191             1.0655587858410955
-8.095477386934673            1.0655592012217718
-7.9798994974874375           1.0655590584083852
-7.864321608040202            1.0655590146433123
-7.748743718592964            1.0655589315164198
-7.633165829145728            1.0655590738450618
-7.517587939698492            1.0655587898854728
-7.402010050251256            1.0655593486628334
-7.28643216080402             1.0655590220911992
-7.170854271356784            1.0655589504719405
-7.055276381909547            1.0655586770149046
-6.939698492462311            1.0655589474998546
-6.824120603015075            1.0655589631938944
-6.708542713567839            1.065558777476224
-6.592964824120603            1.0655589430983388
-6.477386934673367            1.0655589405942338
-6.361809045226131            1.0655589356874455
-6.246231155778894            1.065558813323285
-6.130653266331658            1.0655588959919269
-6.015075376884422            1.0655588931811806
-5.899497487437186            1.06555895517128
-5.78391959798995             1.0655588420010766
-5.668341708542714            1.0655588712302098
-5.5527638190954764           1.0655587095620778
-5.4371859296482405           1.0655585620008898
-5.321608040201005            1.0655586937816461
-5.206030150753769            1.0655587965938649
-5.090452261306533            1.0655589105687184
-4.974874371859297            1.0655587847513772
-4.859296482412061            1.0655590120014027
-4.743718592964823            1.0655588068690827
-4.628140703517587            1.0655589219025159
-4.5125628140703515           1.0655587586203197
-4.396984924623116            1.0655587643136772
-4.28140703517588             1.0655587897029284
-4.165829145728644            1.0655587698845983
-4.050251256281406            1.0655586508247312
-3.934673366834172            1.0655587935531776
-3.8190954773869343           1.0655588139197343
-3.7035175879396967           1.0655587466018315
-3.5879396984924625           1.0655587668586348
-3.472361809045225            1.065558751811876
-3.3567839195979907           1.065558770010155
-3.241206030150753            1.065558723218215
-3.125628140703519            1.065558703666998
-3.0100502512562812           1.0655587060652987
-2.8944723618090435           1.0655587598257454
-2.7788944723618094           1.0655585797738536
-2.6633165829145717           1.0655587009853162
-2.5477386934673376           1.065558692916126
-2.4321608040201              1.065558685957928
-2.316582914572866            1.0655586916796598
-2.201005025125628            1.0655587055346383
-2.0854271356783904           1.0655586920967357
-1.9698492462311563           1.0655586509857726
-1.8542713567839186           1.0655585883498933
-1.7386934673366845           1.0655586150078102
-1.6231155778894468           1.0655585662845934
-1.5075376884422127           1.065558645819458
-1.391959798994975            1.065558603783223
-1.2763819095477373           1.0655585940375036
-1.1608040201005032           1.0655585169137638
-1.0452261306532655           1.0655582334906943
-0.9296482412060314           1.0655574065970423
-0.8140703517587937           1.065555103080028
-0.698492462311556            1.0655478279597363
-0.5829145728643219           1.0655270006008721
-0.46733668341708423          1.0654671238062758
-0.3517587939698501           1.0652983549130277
-0.23618090452261245          1.0648347037058588
-0.12060301507537828          1.063602821134964
-0.005025125628140596         1.060467724998356
0.11055276381909708           1.0529050052237883
0.22613065326633117           1.035791480340964
0.34170854271356893           0.9997627388941203
0.457286432160803             0.929475632104446
0.5728643216080407            0.8022198514109928
0.6884422110552748            0.5869831517417979
0.8040201005025125            0.24354080308597817
0.9195979899497502            -0.2790675140741403
1.0351758793969843            -1.0451253807472267
1.150753768844222             -2.136137706872184
1.266331658291456             -3.6563813404336116
1.3819095477386938            -5.740634262102582
1.4974874371859315            -8.564307185182756
1.6130653266331656            -12.356030336331818
1.7286432160804033            -17.41361614328261
1.8442211055276374            -24.12503078261674
1.959798994974875             -32.99599097822239
2.075376884422109             -44.686017036528106
2.190954773869347             -60.05544059960141
2.3065326633165846            -80.22670977948309
2.4221105527638187            -106.66436290625256
2.5376884422110564            -141.27937079785042
2.6532663316582905            -186.5652821745485
2.768844221105528             -247.52566503937666
