-20.0                         0.1877814368011382
-19.884422110552762           0.18778202543677788
-19.768844221105528           0.18778137993977492
-19.65326633165829            0.18778064367745978
-19.537688442211056           0.18778134700828084
-19.42211055276382            0.18778141813706142
-19.306532663316585           0.18778145948730596
-19.190954773869347           0.18778109083741204
-19.07537688442211            0.1877813754408598
-18.959798994974875           0.1877812595064507
-18.844221105527637           0.1877818392953166
-18.728643216080403           0.18778129235787128
-18.613065326633166           0.18778115171446463
-18.49748743718593            0.18778120360210046
-18.381909547738694           0.1877821980531534
-18.266331658291456           0.1877810792460346
-18.150753768844222           0.1877811622008163
-18.035175879396984           0.18778069838397904
-17.91959798994975            0.18778108437016602
-17.804020100502512           0.1877811846872434
-17.688442211055275           0.1877812768985039
-17.57286432160804            0.1877810580805893
-17.457286432160803           0.18778085932505834
-17.34170854271357            0.1877810707875175
-17.22613065326633            0.18778123320545426
-17.110552763819094           0.18778082687171993
-16.99497487437186            0.18778096612313033
-16.87939698492462            0.1877810948002717
-16.763819095477388           0.18778104792726238
-16.64824120603015            0.1877809992682111
-16.532663316582916           0.18778079610654516
-16.417085427135678           0.18778089478880713
-16.301507537688444           0.18778080135841638
-16.185929648241206           0.18778083962671838
-16.07035175879397            0.1877809033164928
-15.954773869346734           0.18778034680833586
-15.839195979899497           0.1877807490299847
-15.72361809045226            0.18778075646892844
-15.608040201005025           0.18778068575914347
-15.492462311557789           0.18778067565027576
-15.376884422110553           0.18778045045193692
-15.261306532663315           0.18778075048834347
-15.145728643216081           0.18778064676027875
-15.030150753768844           0.18778102359671114
-14.914572864321608           0.18778050564043008
-14.798994974874372           0.18778019583572506
-14.683417085427136           0.18778061440866867
-14.5678391959799             0.1877806220768649
-14.452261306532662           0.1877805882243357
-14.336683417085428           0.18778052071991713
-14.22110552763819            0.18778043559368413
-14.105527638190955           0.18778051944919272
-13.989949748743719           0.18777993975597487
-13.874371859296481           0.1877803990326524
-13.758793969849247           0.1877810713300648
-13.64321608040201            0.18778047433348133
-13.527638190954773           0.18778029934829693
-13.412060301507537           0.18778045227821294
-13.296482412060302           0.18778065749152992
-13.180904522613066           0.187780432319222
-13.065326633165828           0.18778003383779773
-12.949748743718594           0.1877804704426857
-12.834170854271356           0.18778006259837562
-12.71859296482412            0.18778054029317798
-12.603015075376884           0.18777997717990036
-12.487437185929648           0.18778039326493706
-12.371859296482413           0.1877803689546703
-12.256281407035175           0.18778039960657403
-12.14070351758794            0.18778027774613323
-12.025125628140703           0.1877804585498849
-11.909547738693467           0.1877801704966454
-11.793969849246231           0.18778009975361343
-11.678391959798995           0.18778023954923007
-11.56281407035176            0.18778021683931032
-11.447236180904522           0.18778035794142262
-11.331658291457286           0.18778025521315955
-11.21608040201005            0.1877802044763797
-11.100502512562814           0.18778056982691033
-10.984924623115578           0.18778022990533744
-10.869346733668342           0.18778012963139715
-10.753768844221106           0.1877797750962641
-10.638190954773869           0.18778016119152174
-10.522613065326633           0.18778010844128473
-10.407035175879397           0.18778014145468347
-10.291457286432161           0.1877803316526506
-10.175879396984925           0.18778010000188933
-10.06030150753769            0.18778000862645955
-9.944723618090451            0.1877800666161972
-9.829145728643216            0.1877800812088911
-9.71356783919598             0.1877801552463658
-9.597989949748744            0.18778002753659934
-9.482412060301508            0.1877800335765206
-9.366834170854272            0.18778002888186904
-9.251256281407034            0.18778001280463164
-9.135678391959798            0.1877800097185789
-9.020100502512562            0.1877800516453604
-8.904522613065327            0.1877799008693915
-8.78894472361809             0.18777975940646
-8.673366834170855            0.18778056199573956
-8.557788944723619            0.18777993230577295
-8.442211055276381            0.18778051784396935
-8.326633165829145            0.18777976493223242
-8.21105527638191             0.18777996253486823
-8.095477386934673            0.1877798838500935
-7.9798994974874375           0.18777989811660797
-7.864321608040202            0.1877798775423342
-7.748743718592964            0.18777985377649223
-7.633165829145728            0.18777987697274523
-7.517587939698492            0.1877797955871251
-7.402010050251256            0.18777991753533282
-7.28643216080402             0.18777987167914176
-7.170854271356784            0.18777983599349835
-7.055276381909547            0.18777966290622777
-6.939698492462311            0.18777980394390728
-6.824120603015075            0.18777981817915282
-6.708542713567839            0.18777980976876743
-6.592964824120603            0.18777976734092813
-6.477386934673367            0.18777968371299117
-6.361809045226131            0.18777975739237598
-6.246231155778894            0.18777969119361637
-6.130653266331658            0.18777976521350193
-6.015075376884422            0.187779763986628
-5.899497487437186            0.1877797864413864
-5.78391959798995             0.18777974035146058
-5.668341708542714            0.18777973796265038
-5.5527638190954764           0.187779676487998
-5.4371859296482405           0.18777957931202158
-5.321608040201005            0.18777968836883752
-5.206030150753769            0.18777967608097773
-5.090452261306533            0.18777967399489778
-4.974874371859297            0.18777974906011802
-4.859296482412061            0.18777982770661902
-4.743718592964823            0.1877796784288371
-4.628140703517587            0.18777972371333507
-4.5125628140703515           0.18777963717668772
-4.396984924623116            0.18777964324238863
-4.28140703517588             0.18777964979448114
-4.165829145728644            0.18777963434684092
-4.050251256281406            0.1877796386911764
-3.934673366834172            0.18777963209665832
-3.8190954773869343           0.1877796321040839
-3.7035175879396967           0.18777960396900528
-3.5879396984924625           0.18777959898844718
-3.472361809045225            0.18777958700431288
-3.3567839195979907           0.18777959228367763
-3.241206030150753            0.18777956384469796
-3.125628140703519            0.18777954661974133
-3.0100502512562812           0.18777953017069865
-2.8944723618090435           0.187779466778615
-2.7788944723618094           0.18777935414187336
-2.6633165829145717           0.18777927256211502
-2.5477386934673376           0.18777910480411966
-2.4321608040201              0.18777875541050545
-2.316582914572866            0.18777814023333192
-2.201005025125628            0.18777705519955334
-2.0854271356783904           0.18777512090004675
-1.9698492462311563           0.18777167104293982
-1.8542713567839186           0.18776556002742523
-1.7386934673366845           0.187754790148435
-1.6231155778894468           0.18773563094262202
-1.5075376884422127           0.187701798478646
-1.391959798994975            0.18764186809913638
-1.2763819095477373           0.18753597083114354
-1.1608040201005032           0.18734927478009272
-1.0452261306532655           0.18702098190281938
-0.9296482412060314           0.18644588692229452
-0.8140703517587937           0.18544335403962633
-0.698492462311556            0.18370672945382333
-0.5829145728643219           0.18072371767657996
-0.46733668341708423          0.1756529031971494
-0.3517587939698501           0.16714347455639655
-0.23618090452261245          0.15308237968009078
-0.12060301507537828          0.1302597381548265
-0.005025125628140596         0.09395003237553536
0.11055276381909708           0.03741303189102677
0.22613065326633117           -0.0486850590392064
0.34170854271356893           -0.17694542376277003
0.457286432160803             -0.3640510964275574
0.5728643216080407            -0.6317992249970592
0.6884422110552748            -1.0084557479076186
0.8040201005025125            -1.5305549884751766
0.9195979899497502            -2.2452806881007072
1.0351758793969843            -3.2135985479969826
1.150753768844222             -4.514399295900995
1.266331658291456             -6.250088151297873
1.3819095477386938            -8.554142441085713
1.4974874371859315            -11.600954297821835
1.6130653266331656            -15.618280449434696
1.7286432160804033            -20.903238435441875
1.8442211055276374            -27.843294949630472
1.959798994974875             -36.94381975455987
2.075376884422109             -48.864089417970256
2.190954773869347             -64.46426109174224
2.3065326633165846            -84.86665600634765
2.4221105527638187            -111.53571910638264
2.5376884422110564            -146.38235183126352
2.6532663316582905            -191.9000509810872
2.768844221105528             -253.0910419237988
