-20.0                         0.10359697095630983
-19.884422110552762           0.10359745070292103
-19.768844221105528           0.1035969221937085
-19.65326633165829            0.10359630215113798
-19.537688442211056           0.10359689709163193
-19.42211055276382            0.10359697937496402
-19.306532663316585           0.10359695158577392
-19.190954773869347           0.10359682884922777
-19.07537688442211            0.10359688016490635
-18.959798994974875           0.1035968140821519
-18.844221105527637           0.10359714220648929
-18.728643216080403           0.10359681573430528
-18.613065326633166           0.10359667998601613
-18.49748743718593            0.10359674328758749
-18.381909547738694           0.10359740660744428
-18.266331658291456           0.10359664100493385
-18.150753768844222           0.10359671272536616
-18.035175879396984           0.10359624790628537
-17.91959798994975            0.10359662581386589
-17.804020100502512           0.10359666869619746
-17.688442211055275           0.10359673740407149
-17.57286432160804            0.10359663525617933
-17.457286432160803           0.103596429236036
-17.34170854271357            0.10359658736360824
-17.22613065326633            0.10359670802369567
-17.110552763819094           0.10359641031344571
-16.99497487437186            0.10359649044794578
-16.87939698492462            0.10359661794019702
-16.763819095477388           0.10359652832988493
-16.64824120603015            0.10359652497770908
-16.532663316582916           0.10359638711583265
-16.417085427135678           0.10359645665505927
-16.301507537688444           0.10359642505824247
-16.185929648241206           0.10359637654902631
-16.07035175879397            0.10359642110188048
-15.954773869346734           0.10359603569440294
-15.839195979899497           0.103596304174409
-15.72361809045226            0.10359630278021266
-15.608040201005025           0.10359617360469621
-15.492462311557789           0.1035962230861808
-15.376884422110553           0.1035960658476411
-15.261306532663315           0.10359627557606581
-15.145728643216081           0.10359619371179021
-15.030150753768844           0.10359640772659957
-14.914572864321608           0.10359607436448039
-14.798994974874372           0.1035958901424159
-14.683417085427136           0.1035961496439687
-14.5678391959799             0.1035961732759934
-14.452261306532662           0.10359614221949551
-14.336683417085428           0.10359607276428452
-14.22110552763819            0.10359596517116715
-14.105527638190955           0.10359608226700978
-13.989949748743719           0.10359559298710476
-13.874371859296481           0.10359597032316803
-13.758793969849247           0.10359654888698631
-13.64321608040201            0.10359603057483037
-13.527638190954773           0.10359596036705761
-13.412060301507537           0.10359600285436156
-13.296482412060302           0.10359619830954361
-13.180904522613066           0.10359596763270938
-13.065326633165828           0.10359564458378472
-12.949748743718594           0.10359600256774894
-12.834170854271356           0.10359565188307639
-12.71859296482412            0.10359604847605886
-12.603015075376884           0.10359560537619486
-12.487437185929648           0.10359591773109846
-12.371859296482413           0.10359590888968474
-12.256281407035175           0.10359592060761925
-12.14070351758794            0.10359582318333908
-12.025125628140703           0.10359600669513373
-11.909547738693467           0.10359573409775721
-11.793969849246231           0.10359570849805357
-11.678391959798995           0.10359578631820111
-11.56281407035176            0.1035957675659166
-11.447236180904522           0.10359585943196624
-11.331658291457286           0.10359578767641088
-11.21608040201005            0.10359574957704479
-11.100502512562814           0.1035960735869652
-10.984924623115578           0.1035957581648731
-10.869346733668342           0.10359567884539998
-10.753768844221106           0.1035954003676826
-10.638190954773869           0.10359569476125852
-10.522613065326633           0.10359566829760639
-10.407035175879397           0.10359566751687034
-10.291457286432161           0.10359576499464145
-10.175879396984925           0.10359564064892686
-10.06030150753769            0.10359556711781132
-9.944723618090451            0.10359560926939691
-9.829145728643216            0.10359566363210988
-9.71356783919598             0.10359562563728178
-9.597989949748744            0.10359557007178882
-9.482412060301508            0.10359557839747241
-9.366834170854272            0.10359555720438907
-9.251256281407034            0.10359555082080964
-9.135678391959798            0.10359554969511431
-9.020100502512562            0.10359555741759514
-8.904522613065327            0.10359549957478816
-8.78894472361809             0.10359535879128247
-8.673366834170855            0.10359598259726596
-8.557788944723619            0.1035954651270784
-8.442211055276381            0.10359594308939303
-8.326633165829145            0.10359535717303206
-8.21105527638191             0.1035955240907413
-8.095477386934673            0.10359542185206888
-7.9798994974874375           0.10359543518305991
-7.864321608040202            0.10359542023142747
-7.748743718592964            0.10359540372012208
-7.633165829145728            0.10359541020553172
-7.517587939698492            0.10359537049897587
-7.402010050251256            0.10359541048238173
-7.28643216080402             0.10359540418953243
-7.170854271356784            0.10359537779618835
-7.055276381909547            0.10359524663198275
-6.939698492462311            0.10359534641966256
-6.824120603015075            0.10359535323920209
-6.708542713567839            0.10359537184854835
-6.592964824120603            0.10359530660359323
-6.477386934673367            0.10359522814365331
-6.361809045226131            0.10359529950929539
-6.246231155778894            0.1035952386180302
-6.130653266331658            0.103595300306219
-6.015075376884422            0.10359529653949309
-5.899497487437186            0.1035953047771761
-5.78391959798995             0.1035952797384594
-5.668341708542714            0.10359527660080282
-5.5527638190954764           0.1035952386216904
-5.4371859296482405           0.10359515051647396
-5.321608040201005            0.103595244341941
-5.206030150753769            0.10359522454720145
-5.090452261306533            0.10359521259580722
-4.974874371859297            0.10359527933465025
-4.859296482412061            0.10359533496627422
-4.743718592964823            0.10359521256492601
-4.628140703517587            0.10359524798728949
-4.5125628140703515           0.10359518093977053
-4.396984924623116            0.10359517725022291
-4.28140703517588             0.10359517691010861
-4.165829145728644            0.10359515996892722
-4.050251256281406            0.10359516719629035
-3.934673366834172            0.10359513327418902
-3.8190954773869343           0.10359511103311611
-3.7035175879396967           0.1035950601718316
-3.5879396984924625           0.10359500585720689
-3.472361809045225            0.10359491822067032
-3.3567839195979907           0.10359479950020085
-3.241206030150753            0.10359459015051782
-3.125628140703519            0.1035942695310005
-3.0100502512562812           0.1035937787288964
-2.8944723618090435           0.10359296750532204
-2.7788944723618094           0.10359169772052056
-2.6633165829145717           0.10358975940897161
-2.5477386934673376           0.10358668643822086
-2.4321608040201              0.10358177635035805
-2.316582914572866            0.10357400424594543
-2.201005025125628            0.10356170225523818
-2.0854271356783904           0.1035422216178697
-1.9698492462311563           0.10351137018018096
-1.8542713567839186           0.10346255150843792
-1.7386934673366845           0.10338536267218103
-1.6231155778894468           0.10326325027768249
-1.5075376884422127           0.10307036674758868
-1.391959798994975            0.10276579482742124
-1.2763819095477373           0.10228550769627844
-1.1608040201005032           0.10152941599160194
-1.0452261306532655           0.10034169211654735
-0.9296482412060314           0.09848130152749669
-0.8140703517587937           0.09557801796282689
-0.698492462311556            0.09106835226260217
-0.5829145728643219           0.08410478796885443
-0.46733668341708423          0.07342875348192517
-0.3517587939698501           0.05720034301928571
-0.23618090452261245          0.03277516031367692
-0.12060301507537828          -0.0035791096210372616
-0.005025125628140596         -0.05703481866018311
0.11055276381909708           -0.13463607044699952
0.22613065326633117           -0.24582927714704547
0.34170854271356893           -0.40312336062761656
0.457286432160803             -0.6229287092969895
0.5728643216080407            -0.9266416569317206
0.6884422110552748            -1.3420612524982867
0.8040201005025125            -1.9052444233643455
0.9195979899497502            -2.662927712375646
1.0351758793969843            -3.675686353806118
1.150753768844222             -5.022095170751436
1.266331658291456             -6.804323634349924
1.3819095477386938            -9.15567211278127
1.4974874371859315            -12.250378765908913
1.6130653266331656            -16.316057873298956
1.7286432160804033            -21.649707922273265
1.8442211055276374            -28.638706248642197
1.959798994974875             -37.788358059921784
2.075376884422109             -49.75789309901784
2.190954773869347             -65.40743415302062
2.3065326633165846            -85.85927698095996
2.4221105527638187            -112.5778475020398
2.5376884422110564            -147.47403286003495
2.6532663316582905            -193.04131906302788
2.768844221105528             -254.28164493887417
