-20.0                         0.0973451288379472
-19.884422110552762           0.09734559542136026
-19.768844221105528           0.09734508081277655
-19.65326633165829            0.09734447479949503
-19.537688442211056           0.09734505625972512
-19.42211055276382            0.09734513834701189
-19.306532663316585           0.09734510477701908
-19.190954773869347           0.0973450053122047
-19.07537688442211            0.09734503469756159
-18.959798994974875           0.09734497352721595
-18.844221105527637           0.09734527473937915
-18.728643216080403           0.09734497148240558
-18.613065326633166           0.09734483775948416
-18.49748743718593            0.09734490141837451
-18.381909547738694           0.0973455280673631
-18.266331658291456           0.0973448015496246
-18.150753768844222           0.09734487145211321
-18.035175879396984           0.09734441070735754
-17.91959798994975            0.09734478425709599
-17.804020100502512           0.09734482158263455
-17.688442211055275           0.09734488629737911
-17.57286432160804            0.09734479540444074
-17.457286432160803           0.0973445909309574
-17.34170854271357            0.09734474268220618
-17.22613065326633            0.09734485738816716
-17.110552763819094           0.09734457355693014
-16.99497487437186            0.09734464779804462
-16.87939698492462            0.09734477175121248
-16.763819095477388           0.09734468050764881
-16.64824120603015            0.09734468024142374
-16.532663316582916           0.09734455047182554
-16.417085427135678           0.09734461670436383
-16.301507537688444           0.09734458947647165
-16.185929648241206           0.09734453419665696
-16.07035175879397            0.09734457704747632
-15.954773869346734           0.09734421026804667
-15.839195979899497           0.09734446391150302
-15.72361809045226            0.0973444615718986
-15.608040201005025           0.09734432959476337
-15.492462311557789           0.09734438216197439
-15.376884422110553           0.09734423381339845
-15.261306532663315           0.09734443201690623
-15.145728643216081           0.09734435285570728
-15.030150753768844           0.09734454951498513
-14.914572864321608           0.09734423586036076
-14.798994974874372           0.09734406567275648
-14.683417085427136           0.09734430748723005
-14.5678391959799             0.09734433203474256
-14.452261306532662           0.09734430136566874
-14.336683417085428           0.0973442322489265
-14.22110552763819            0.09734412497326218
-14.105527638190955           0.09734424248945407
-13.989949748743719           0.09734376448352176
-13.874371859296481           0.09734413196066773
-13.758793969849247           0.09734469708067836
-13.64321608040201            0.09734418999457123
-13.527638190954773           0.09734413025591958
-13.412060301507537           0.09734416186031934
-13.296482412060302           0.09734435354478248
-13.180904522613066           0.0973441256242232
-13.065326633165828           0.09734381222509808
-12.949748743718594           0.09734415915803045
-12.834170854271356           0.09734381608667086
-12.71859296482412            0.09734420245238191
-12.603015075376884           0.09734377456693959
-12.487437185929648           0.09734407411540204
-12.371859296482413           0.09734406612991114
-12.256281407035175           0.097344076737489
-12.14070351758794            0.09734398189708053
-12.025125628140703           0.09734416315238006
-11.909547738693467           0.09734389492583836
-11.793969849246231           0.09734387414651105
-11.678391959798995           0.09734394515289282
-11.56281407035176            0.09734392684973567
-11.447236180904522           0.09734401332831998
-11.331658291457286           0.09734394469235592
-11.21608040201005            0.09734390805258662
-11.100502512562814           0.09734422558588476
-10.984924623115578           0.0973439147212366
-10.869346733668342           0.09734383796451367
-10.753768844221106           0.09734356830138799
-10.638190954773869           0.09734385223449446
-10.522613065326633           0.0973438282868914
-10.407035175879397           0.097343824513872
-10.291457286432161           0.09734391232509308
-10.175879396984925           0.09734379868673564
-10.06030150753769            0.09734372730724913
-9.944723618090451            0.0973437676194193
-9.829145728643216            0.09734382474575957
-9.71356783919598             0.09734377736223072
-9.597989949748744            0.09734372851090838
-9.482412060301508            0.09734373682232592
-9.366834170854272            0.09734371435316386
-9.251256281407034            0.09734370866447399
-9.135678391959798            0.09734370748166853
-9.020100502512562            0.09734371214644066
-8.904522613065327            0.09734366319872262
-8.78894472361809             0.09734352351944293
-8.673366834170855            0.09734412677404156
-8.557788944723619            0.09734362257656815
-8.442211055276381            0.09734408780646961
-8.326633165829145            0.09734352101820018
-8.21105527638191             0.09734368316962747
-8.095477386934673            0.097343580345179
-7.9798994974874375           0.09734359303467577
-7.864321608040202            0.09734357861189921
-7.748743718592964            0.09734356285223204
-7.633165829145728            0.09734356763925686
-7.517587939698492            0.09734353195130063
-7.402010050251256            0.09734356425708542
-7.28643216080402             0.09734356133851985
-7.170854271356784            0.09734353593476143
-7.055276381909547            0.0973434099139458
-6.939698492462311            0.09734350477634504
-6.824120603015075            0.0973435107235882
-6.708542713567839            0.09734353192372472
-6.592964824120603            0.09734346477698522
-6.477386934673367            0.09734338743309315
-6.361809045226131            0.09734345796899692
-6.246231155778894            0.09734339768934189
-6.130653266331658            0.09734345780887348
-6.015075376884422            0.09734345385138891
-5.899497487437186            0.09734346059467103
-5.78391959798995             0.0973434375447807
-5.668341708542714            0.09734343439334939
-5.5527638190954764           0.09734339872972175
-5.4371859296482405           0.09734331207255131
-5.321608040201005            0.0973434035201974
-5.206030150753769            0.09734338321658798
-5.090452261306533            0.09734337057433948
-4.974874371859297            0.09734343524388327
-4.859296482412061            0.09734348824586524
-4.743718592964823            0.09734336902233058
-4.628140703517587            0.09734340280901568
-4.5125628140703515           0.09734333709552152
-4.396984924623116            0.09734333129824059
-4.28140703517588             0.09734332846078292
-4.165829145728644            0.09734330863935325
-4.050251256281406            0.09734331163914337
-3.934673366834172            0.09734326907669094
-3.8190954773869343           0.09734323503107735
-3.7035175879396967           0.09734316745084129
-3.5879396984924625           0.09734308627610838
-3.472361809045225            0.09734295787307255
-3.3567839195979907           0.0973427765557624
-3.241206030150753            0.09734247338617211
-3.125628140703519            0.0973420086116589
-3.0100502512562812           0.09734129929929727
-2.8944723618090435           0.09734015716250762
-2.7788944723618094           0.09733838809069395
-2.6633165829145717           0.09733569180657611
-2.5477386934673376           0.09733147624942831
-2.4321608040201              0.0973248460265224
-2.316582914572866            0.09731448843457519
-2.201005025125628            0.0972983087789361
-2.0854271356783904           0.09727302737995727
-1.9698492462311563           0.09723352210228518
-1.8542713567839186           0.0971718324564084
-1.7386934673366845           0.097075564926555
-1.6231155778894468           0.09692528927149088
-1.5075376884422127           0.0966910185141974
-1.391959798994975            0.09632595190496288
-1.2763819095477373           0.09575778353744085
-1.1608040201005032           0.094874943540486
-1.0452261306532655           0.09350595724686372
-0.9296482412060314           0.09138890836171122
-0.8140703517587937           0.08812642361358367
-0.698492462311556            0.08312084084686924
-0.5829145728643219           0.07548329350666134
-0.46733668341708423          0.0639076014336627
-0.3517587939698501           0.046502325463470995
-0.23618090452261245          0.020571544647948466
-0.12060301507537828          -0.017663348696099816
-0.005025125628140596         -0.07341011731195014
0.11055276381909708           -0.15373260185700274
0.22613065326633117           -0.26807862547964156
0.34170854271356893           -0.42894041607012096
0.457286432160803             -0.6526965121903804
0.5728643216080407            -0.9607009697186997
0.6884422110552748            -1.380705352148499
0.8040201005025125            -1.9487185013874535
0.9195979899497502            -2.7114317531420604
1.0351758793969843            -3.7293804971910856
1.150753768844222             -5.0811069948341245
1.266331658291456             -6.868756157524922
1.3819095477386938            -9.22560958789597
1.4974874371859315            -12.325888743524771
1.6130653266331656            -16.397192208175742
1.7286432160804033            -21.7365052184864
1.8442211055276374            -28.731195078274414
1.959798994974875             -37.886559691581574
2.075376884422109             -49.8618234704643
2.190954773869347             -65.51710527059055
2.3065326633165846            -85.97469792601481
2.4221105527638187            -112.69902516484969
2.5376884422110564            -147.60097248081215
2.6532663316582905            -193.1740246341894
2.768844221105528             -254.42008714992943
