-20.0                         0.13161148533217515
-19.884422110552762           0.13161201030980038
-19.768844221105528           0.1316114336878224
-19.65326633165829            0.13161076538197258
-19.537688442211056           0.13161140600171836
-19.42211055276382            0.13161148652495736
-19.306532663316585           0.13161148292294547
-19.190954773869347           0.13161126928733624
-19.07537688442211            0.1316114064201174
-18.959798994974875           0.13161132158714275
-18.844221105527637           0.13161174864921177
-18.728643216080403           0.13161133644891207
-18.613065326633166           0.1316111956745719
-18.49748743718593            0.13161125618920044
-18.381909547738694           0.1316120513560319
-18.266331658291456           0.13161114514887196
-18.150753768844222           0.13161122237701806
-18.035175879396984           0.13161075014816206
-17.91959798994975            0.13161113778839342
-17.804020100502512           0.13161120201126617
-17.688442211055275           0.13161128309878128
-17.57286432160804            0.1316111372876263
-17.457286432160803           0.13161092969503643
-17.34170854271357            0.1316111101323975
-17.22613065326633            0.13161125014883543
-17.110552763819094           0.1316109052164746
-16.99497487437186            0.13161100754143595
-16.87939698492462            0.13161114245670957
-16.763819095477388           0.13161106360820204
-16.64824120603015            0.13161104615872926
-16.532663316582916           0.13161088012006883
-16.417085427135678           0.13161096163819228
-16.301507537688444           0.13161091012714254
-16.185929648241206           0.1316108909345033
-16.07035175879397            0.13161094215343921
-15.954773869346734           0.13161048938721423
-15.839195979899497           0.13161081107504471
-15.72361809045226            0.13161081309729314
-15.608040201005025           0.13161070013308712
-15.492462311557789           0.13161073270425647
-15.376884422110553           0.13161054545483794
-15.261306532663315           0.13161079443670834
-15.145728643216081           0.13161070325784133
-15.030150753768844           0.13161098114850783
-14.914572864321608           0.13161057541570745
-14.798994974874372           0.1316103407884251
-14.683417085427136           0.13161066387967785
-14.5678391959799             0.13161068271114004
-14.452261306532662           0.13161065040943024
-14.336683417085428           0.1316105807411065
-14.22110552763819            0.1316104765767881
-14.105527638190955           0.13161058673803586
-13.989949748743719           0.1316100593221831
-13.874371859296481           0.1316104706063832
-13.758793969849247           0.13161109206728155
-13.64321608040201            0.13161053784994392
-13.527638190954773           0.13161042788898253
-13.412060301507537           0.13161051196010937
-13.296482412060302           0.13161071646726955
-13.180904522613066           0.13161048149350327
-13.065326633165828           0.13161012606960681
-12.949748743718594           0.13161051978242716
-12.834170854271356           0.1316101439960685
-12.71859296482412            0.13161057510733074
-12.603015075376884           0.13161008061159007
-12.487437185929648           0.13161043679410026
-12.371859296482413           0.131610423523698
-12.256281407035175           0.13161044071483435
-12.14070351758794            0.1316103338524953
-12.025125628140703           0.1316105211309572
-11.909547738693467           0.13161023736274707
-11.793969849246231           0.1316101938730977
-11.678391959798995           0.13161029647180592
-11.56281407035176            0.13161027613592782
-11.447236180904522           0.1316103874548444
-11.331658291457286           0.13161030401267207
-11.21608040201005            0.13161026074021376
-11.100502512562814           0.13161060466972876
-10.984924623115578           0.13161027617016297
-10.869346733668342           0.13161018803289695
-10.753768844221106           0.1316098786382169
-10.638190954773869           0.13161020996052072
-10.522613065326633           0.131610173783081
-10.407035175879397           0.13161018504977004
-10.291457286432161           0.13161031833234937
-10.175879396984925           0.1316101535056849
-10.06030150753769            0.13161007254169627
-9.944723618090451            0.13161012113506237
-9.829145728643216            0.13161016270042702
-9.71356783919598             0.1316101637473113
-9.597989949748744            0.13161008177473943
-9.482412060301508            0.13161008968547133
-9.366834170854272            0.13161007405195924
-9.251256281407034            0.13161006452341514
-9.135678391959798            0.1316100631767333
-9.020100502512562            0.13161008318835093
-8.904522613065327            0.13160999079871308
-8.78894472361809             0.13160984794408725
-8.673366834170855            0.13161054410082138
-8.557788944723619            0.13160998056148054
-8.442211055276381            0.1316105027026286
-8.326633165829145            0.13160984932497138
-8.21105527638191             0.13161003098334817
-8.095477386934673            0.13160993422731276
-7.9798994974874375           0.13160994903365897
-7.864321608040202            0.13160993202143692
-7.748743718592964            0.13160991273434566
-7.633165829145728            0.13160992557578052
-7.517587939698492            0.13160987033212262
-7.402010050251256            0.1316099404337876
-7.28643216080402             0.13160992023956422
-7.170854271356784            0.13160989021492264
-7.055276381909547            0.131609741408047
-6.939698492462311            0.13160985829775285
-6.824120603015075            0.1316098681860248
-6.708542713567839            0.13160987674079985
-6.592964824120603            0.13160981944736988
-6.477386934673367            0.13160973791517763
-6.361809045226131            0.1316098112408532
-6.246231155778894            0.13160974824188637
-6.130653266331658            0.13160981521658552
-6.015075376884422            0.13160981228648852
-5.899497487437186            0.13160982607141916
-5.78391959798995             0.13160979323755748
-5.668341708542714            0.13160979022998595
-5.5527638190954764           0.1316097433820945
-5.4371859296482405           0.13160965087731996
-5.321608040201005            0.13160975197387614
-5.206030150753769            0.1316097344753524
-5.090452261306533            0.13160972554895092
-4.974874371859297            0.13160979769545608
-4.859296482412061            0.13160986234808517
-4.743718592964823            0.13160972850992314
-4.628140703517587            0.13160976827985574
-4.5125628140703515           0.13160969417460494
-4.396984924623116            0.13160969505590422
-4.28140703517588             0.13160969880106294
-4.165829145728644            0.13160968468720627
-4.050251256281406            0.13160969502020975
-3.934673366834172            0.13160967616305885
-3.8190954773869343           0.1316096708530488
-3.7035175879396967           0.1316096416573169
-3.5879396984924625           0.13160962634982298
-3.472361809045225            0.1316095989375204
-3.3567839195979907           0.1316095760882422
-3.241206030150753            0.13160951085891287
-3.125628140703519            0.13160942138725734
-3.0100502512562812           0.13160928920032786
-2.8944723618090435           0.13160903529679135
-2.7788944723618094           0.13160862451359895
-2.6633165829145717           0.13160803215614386
-2.5477386934673376           0.13160703975898724
-2.4321608040201              0.1316053460014708
-2.316582914572866            0.1316025401196519
-2.201005025125628            0.13159789119091345
-2.0854271356783904           0.13159017516502616
-1.9698492462311563           0.13157736379028884
-1.8542713567839186           0.13155613096364357
-1.7386934673366845           0.13152099524675198
-1.6231155778894468           0.1314627336081247
-1.5075376884422127           0.13136638704571477
-1.391959798994975            0.13120701367108178
-1.2763819095477373           0.13094381677458158
-1.1608040201005032           0.1305100094079651
-1.0452261306532655           0.129796723751288
-0.9296482412060314           0.12862780825339237
-0.8140703517587937           0.12672042056892388
-0.698492462311556            0.12362508659557035
-0.5829145728643219           0.11863735015878682
-0.46733668341708423          0.11066949125619968
-0.3517587939698501           0.09807350507976188
-0.23618090452261245          0.07840428533237678
-0.12060301507537828          0.04811609668827351
-0.005025125628140596         0.002186966612160051
0.11055276381909708           -0.06633450744031755
0.22613065326633117           -0.16687314600236264
0.34170854271356893           -0.31198879144687053
0.457286432160803             -0.5182046094590217
0.5728643216080407            -0.8070727285757184
0.6884422110552748            -1.206569664099077
0.8040201005025125            -1.7529326059535466
0.9195979899497502            -2.493067154600275
1.0351758793969843            -3.48769684073097
1.150753768844222             -4.815517092263977
1.266331658291456             -6.578787888752218
1.3819095477386938            -8.910878176274009
1.4974874371859315            -11.986086505463346
1.6130653266331656            -16.032083492781336
1.7286432160804033            -21.345914962196574
1.8442211055276374            -28.31499394312571
1.959798994974875             -37.444651535287484
2.075376884422109             -49.39413632518485
2.190954773869347             -65.02358496514259
2.3065326633165846            -85.45530351177813
2.4221105527638187            -112.1537255877334
2.5376884422110564            -147.0297441319986
2.6532663316582905            -192.57684953155157
2.768844221105528             -253.7970972001807
