-20.0                         0.47917286133014475
-19.884422110552762           0.47917365346883434
-19.768844221105528           0.47917277517430956
-19.65326633165829            0.4791718421579755
-19.537688442211056           0.47917273261482113
-19.42211055276382            0.4791727156875705
-19.306532663316585           0.4791729390198664
-19.190954773869347           0.47917196299685233
-19.07537688442211            0.47917286251871016
-18.959798994974875           0.47917262681149747
-18.844221105527637           0.47917368471807575
-18.728643216080403           0.47917266000998077
-18.613065326633166           0.47917262318516185
-18.49748743718593            0.47917259488687397
-18.381909547738694           0.47917426968984156
-18.266331658291456           0.4791724345694277
-18.150753768844222           0.4791725211682027
-18.035175879396984           0.4791722453884625
-17.91959798994975            0.47917247879826097
-17.804020100502512           0.47917273688164663
-17.688442211055275           0.47917275776220647
-17.57286432160804            0.4791722951342791
-17.457286432160803           0.4791722071742307
-17.34170854271357            0.47917247201356367
-17.22613065326633            0.4791726371342764
-17.110552763819094           0.4791721568617332
-16.99497487437186            0.47917245529235486
-16.87939698492462            0.47917237667108403
-16.763819095477388           0.47917260540345324
-16.64824120603015            0.47917233790835834
-16.532663316582916           0.4791721251020478
-16.417085427135678           0.4791722345893799
-16.301507537688444           0.47917191477064647
-16.185929648241206           0.47917222709184726
-16.07035175879397            0.47917236830218907
-15.954773869346734           0.47917142918408584
-15.839195979899497           0.4791721164215161
-15.72361809045226            0.4791721524445275
-15.608040201005025           0.47917237472665974
-15.492462311557789           0.4791720675198974
-15.376884422110553           0.47917181390340224
-15.261306532663315           0.4791721717752848
-15.145728643216081           0.47917204954143783
-15.030150753768844           0.47917274127808845
-14.914572864321608           0.4791718535537603
-14.798994974874372           0.4791713089137577
-14.683417085427136           0.4791720377592135
-14.5678391959799             0.47917198929426597
-14.452261306532662           0.4791719512566431
-14.336683417085428           0.4791718978113665
-14.22110552763819            0.47917200904390844
-14.105527638190955           0.4791718652987043
-13.989949748743719           0.4791711283200684
-13.874371859296481           0.47917173641842414
-13.758793969849247           0.4791724854008498
-13.64321608040201            0.47917182481829756
-13.527638190954773           0.4791714022086287
-13.412060301507537           0.4791718266515006
-13.296482412060302           0.4791719208850923
-13.180904522613066           0.4791718719049535
-13.065326633165828           0.47917136671898053
-12.949748743718594           0.4791718566535063
-12.834170854271356           0.4791713820378619
-12.71859296482412            0.47917198197315863
-12.603015075376884           0.47917125860872933
-12.487437185929648           0.4791718200635999
-12.371859296482413           0.4791717147784506
-12.256281407035175           0.47917184949846164
-12.14070351758794            0.4791716685688473
-12.025125628140703           0.47917172857874696
-11.909547738693467           0.4791715258590966
-11.793969849246231           0.4791713905084022
-11.678391959798995           0.4791716317672771
-11.56281407035176            0.47917159766254
-11.447236180904522           0.479171846944295
-11.331658291457286           0.4791716593723885
-11.21608040201005            0.47917158855153374
-11.100502512562814           0.47917196634199655
-10.984924623115578           0.47917164213662905
-10.869346733668342           0.4791715123216975
-10.753768844221106           0.4791710073999961
-10.638190954773869           0.4791715879043402
-10.522613065326633           0.47917146027013285
-10.407035175879397           0.47917159075311144
-10.291457286432161           0.479172000752165
-10.175879396984925           0.47917149204110865
-10.06030150753769            0.4791713724512671
-9.944723618090451            0.4791714635684046
-9.829145728643216            0.4791713298485107
-9.71356783919598             0.4791717467788425
-9.597989949748744            0.47917143128811485
-9.482412060301508            0.4791714218401936
-9.366834170854272            0.4791714693424552
-9.251256281407034            0.4791714177640276
-9.135678391959798            0.4791713935749449
-9.020100502512562            0.4791715251757257
-8.904522613065327            0.47917114967475055
-8.78894472361809             0.47917103581382364
-8.673366834170855            0.47917219929026267
-8.557788944723619            0.4791713558597205
-8.442211055276381            0.479172145948579
-8.326633165829145            0.47917105367755564
-8.21105527638191             0.479171261925417
-8.095477386934673            0.47917132994328493
-7.9798994974874375           0.47917131103235544
-7.864321608040202            0.4791712757027466
-7.748743718592964            0.4791712322953506
-7.633165829145728            0.4791712986863619
-7.517587939698492            0.47917111655856537
-7.402010050251256            0.47917144720918525
-7.28643216080402             0.47917128412504756
-7.170854271356784            0.4791712290966819
-7.055276381909547            0.4791709926398756
-6.939698492462311            0.47917120266896535
-6.824120603015075            0.47917122670942913
-6.708542713567839            0.47917114928581145
-6.592964824120603            0.4791711785165761
-6.477386934673367            0.4791711085448737
-6.361809045226131            0.47917116486025735
-6.246231155778894            0.4791710830833134
-6.130653266331658            0.47917117239666285
-6.015075376884422            0.47917117824321875
-5.899497487437186            0.4791712275686655
-5.78391959798995             0.4791711335443609
-5.668341708542714            0.4791711388857145
-5.5527638190954764           0.4791710235473169
-5.4371859296482405           0.4791709166877685
-5.321608040201005            0.4791710358960667
-5.206030150753769            0.4791710576703356
-5.090452261306533            0.4791710991279261
-4.974874371859297            0.47917113471937767
-4.859296482412061            0.4791712700345835
-4.743718592964823            0.4791710848530909
-4.628140703517587            0.4791711516671606
-4.5125628140703515           0.4791710218411122
-4.396984924623116            0.4791710425691158
-4.28140703517588             0.47917105804980836
-4.165829145728644            0.4791710356088245
-4.050251256281406            0.4791709988538882
-3.934673366834172            0.4791710460383315
-3.8190954773869343           0.4791710534093817
-3.7035175879396967           0.47917100894664955
-3.5879396984924625           0.4791710111832358
-3.472361809045225            0.47917099981888744
-3.3567839195979907           0.47917101679796265
-3.241206030150753            0.47917097233612677
-3.125628140703519            0.4791709717263682
-3.0100502512562812           0.47917097672730885
-2.8944723618090435           0.4791709692218971
-2.7788944723618094           0.47917087384682194
-2.6633165829145717           0.47917093207810624
-2.5477386934673376           0.4791709520006911
-2.4321608040201              0.4791709460991922
-2.316582914572866            0.4791709427160299
-2.201005025125628            0.4791709457342683
-2.0854271356783904           0.47917092387151006
-1.9698492462311563           0.4791708582677918
-1.8542713567839186           0.4791707381689461
-1.7386934673366845           0.47917059444925986
-1.6231155778894468           0.4791701873008728
-1.5075376884422127           0.47916942592624934
-1.391959798994975            0.47916760212781456
-1.2763819095477373           0.479163575480682
-1.1608040201005032           0.4791546874352704
-1.0452261306532655           0.4791350783105667
-0.9296482412060314           0.4790920868748659
-0.8140703517587937           0.4789983285365563
-0.698492462311556            0.4787950646695914
-0.5829145728643219           0.4783596347405354
-0.46733668341708423          0.47743894610671667
-0.3517587939698501           0.4755263135887064
-0.23618090452261245          0.4716414164866087
-0.12060301507537828          0.46396747631327206
-0.005025125628140596         0.4493065113166474
0.11055276381909708           0.4223491082011392
0.22613065326633117           0.3748115173228323
0.34170854271356893           0.29453119825922525
0.457286432160803             0.16457765168450714
0.5728643216080407            -0.037672547544052186
0.6884422110552748            -0.34166643509433203
0.8040201005025125            -0.7852360826535625
0.9195979899497502            -1.4167995639672109
1.0351758793969843            -2.298388259360358
1.150753768844222             -3.5097381299207515
1.266331658291456             -5.153870145956714
1.3819095477386938            -7.364704838630122
1.4974874371859315            -10.316999075802832
1.6130653266331656            -14.238833913542265
1.7286432160804033            -19.427591045291887
1.8442211055276374            -26.27093102378902
1.959798994974875             -35.274360848095064
2.075376884422109             -47.09725499317941
2.190954773869347             -62.599841543346045
2.3065326633165846            -82.90449378301412
2.4221105527638187            -109.47569523953749
2.5376884422110564            -144.2243761720231
2.6532663316582905            -189.64405503797252
2.768844221105528             -250.7375243358591
