-20.0                         0.269239033927804
-19.884422110552762           0.2692396911818353
-19.768844221105528           0.26923896944699094
-19.65326633165829            0.2692381611189517
-19.537688442211056           0.2692389299842711
-19.42211055276382            0.26923898119598966
-19.306532663316585           0.2692390823531204
-19.190954773869347           0.2692385178501161
-19.07537688442211            0.2692389924446444
-18.959798994974875           0.26923883783811875
-18.844221105527637           0.2692395904621212
-18.728643216080403           0.2692388844464609
-18.613065326633166           0.2692387581828353
-18.49748743718593            0.26923879308527576
-18.381909547738694           0.26924001566486033
-18.266331658291456           0.26923865407004227
-18.150753768844222           0.2692387405264434
-18.035175879396984           0.2692383128618466
-17.91959798994975            0.2692386737958439
-17.804020100502512           0.2692388209217967
-17.688442211055275           0.26923891090762614
-17.57286432160804            0.26923860401757377
-17.457286432160803           0.26923843037269624
-17.34170854271357            0.26923867100480847
-17.22613065326633            0.2692388476330245
-17.110552763819094           0.2692383900055389
-16.99497487437186            0.2692385770964583
-16.87939698492462            0.26923866972494515
-16.763819095477388           0.2692386850791282
-16.64824120603015            0.26923858387527755
-16.532663316582916           0.2692383524283673
-16.417085427135678           0.26923846612762
-16.301507537688444           0.26923830913781593
-16.185929648241206           0.26923842896695793
-16.07035175879397            0.2692385119004865
-15.954773869346734           0.26923783250968286
-15.839195979899497           0.26923832800502934
-15.72361809045226            0.2692383425927638
-15.608040201005025           0.26923834548628794
-15.492462311557789           0.26923826152604124
-15.376884422110553           0.2692380070499926
-15.261306532663315           0.26923834948686665
-15.145728643216081           0.2692382345461979
-15.030150753768844           0.2692387240878423
-14.914572864321608           0.26923807701536406
-14.798994974874372           0.2692376839778013
-14.683417085427136           0.2692382099016396
-14.5678391959799             0.26923820043107377
-14.452261306532662           0.26923816509282417
-14.336683417085428           0.26923810247570856
-14.22110552763819            0.2692380601910098
-14.105527638190955           0.2692380910677553
-13.989949748743719           0.26923745658598675
-13.874371859296481           0.2692379675780239
-13.758793969849247           0.2692386806997375
-13.64321608040201            0.26923804917317107
-13.527638190954773           0.269237794572911
-13.412060301507537           0.2692380331916228
-13.296482412060302           0.26923822057834934
-13.180904522613066           0.26923803016969294
-13.065326633165828           0.26923758954091337
-12.949748743718594           0.2692380598532364
-12.834170854271356           0.26923762277545443
-12.71859296482412            0.2692381471259245
-12.603015075376884           0.2692375178180841
-12.487437185929648           0.2692379931913557
-12.371859296482413           0.26923794928108963
-12.256281407035175           0.2692380043576258
-12.14070351758794            0.26923786391327015
-12.025125628140703           0.26923802055428697
-11.909547738693467           0.2692377447263787
-11.793969849246231           0.26923764533465816
-11.678391959798995           0.26923782514231837
-11.56281407035176            0.2692377994897625
-11.447236180904522           0.26923797552528406
-11.331658291457286           0.26923784790056404
-11.21608040201005            0.2692377893787522
-11.100502512562814           0.26923816841921583
-10.984924623115578           0.2692378254413858
-10.869346733668342           0.2692377131150591
-10.753768844221106           0.26923730812523267
-10.638190954773869           0.2692377570831056
-10.522613065326633           0.2692376825559533
-10.407035175879397           0.26923774500081615
-10.291457286432161           0.2692380042381301
-10.175879396984925           0.26923768804626497
-10.06030150753769            0.26923758591111446
-9.944723618090451            0.26923765450052795
-9.829145728643216            0.26923762836657733
-9.71356783919598             0.2692378034148472
-9.597989949748744            0.26923761664606843
-9.482412060301508            0.2692376189419023
-9.366834170854272            0.26923762977826177
-9.251256281407034            0.2692376038196481
-9.135678391959798            0.2692375963941499
-9.020100502512562            0.2692376670901792
-8.904522613065327            0.26923744323302384
-8.78894472361809             0.26923730815325797
-8.673366834170855            0.2692382308423688
-8.557788944723619            0.26923752842736765
-8.442211055276381            0.2692381836123458
-8.326633165829145            0.26923731804348305
-8.21105527638191             0.2692375259190741
-8.095477386934673            0.26923748202021475
-7.9798994974874375           0.2692374909667226
-7.864321608040202            0.26923746574303087
-7.748743718592964            0.2692374362717763
-7.633165829145728            0.26923747250067176
-7.517587939698492            0.2692373584294615
-7.402010050251256            0.2692375467238223
-7.28643216080402             0.2692374657965411
-7.170854271356784            0.2692374235004234
-7.055276381909547            0.26923722590808113
-6.939698492462311            0.26923739226973703
-6.824120603015075            0.26923741084172287
-6.708542713567839            0.2692373809914489
-6.592964824120603            0.2692373591735804
-6.477386934673367            0.26923727659659935
-6.361809045226131            0.26923734743465433
-6.246231155778894            0.2692372770774732
-6.130653266331658            0.2692373578114124
-6.015075376884422            0.2692373590102279
-5.899497487437186            0.26923739129627366
-5.78391959798995             0.269237328781135
-5.668341708542714            0.2692373279237151
-5.5527638190954764           0.269237248549042
-5.4371859296482405           0.26923714785723485
-5.321608040201005            0.26923726257147823
-5.206030150753769            0.2692372588843867
-5.090452261306533            0.26923726813602933
-4.974874371859297            0.26923733871921407
-4.859296482412061            0.2692374347108047
-4.743718592964823            0.26923727076984044
-4.628140703517587            0.26923732244841625
-4.5125628140703515           0.26923722116332344
-4.396984924623116            0.2692372330367618
-4.28140703517588             0.2692372424600928
-4.165829145728644            0.2692372245077595
-4.050251256281406            0.2692372177304628
-3.934673366834172            0.2692372262997172
-3.8190954773869343           0.2692372288111322
-3.7035175879396967           0.26923719568577703
-3.5879396984924625           0.26923719310571265
-3.472361809045225            0.2692371825778001
-3.3567839195979907           0.2692371937575695
-3.241206030150753            0.269237163476325
-3.125628140703519            0.2692371587794114
-3.0100502512562812           0.26923716062946623
-2.8944723618090435           0.2692371325864981
-2.7788944723618094           0.26923706059298985
-2.6633165829145717           0.2692370819608027
-2.5477386934673376           0.26923707871723324
-2.4321608040201              0.2692370183432773
-2.316582914572866            0.26923690915728865
-2.201005025125628            0.2692367086219922
-2.0854271356783904           0.26923631100280193
-1.9698492462311563           0.2692355317074357
-1.8542713567839186           0.2692340539397284
-1.7386934673366845           0.26923131247602844
-1.6231155778894468           0.26922599478197706
-1.5075376884422127           0.2692159506621186
-1.391959798994975            0.2691966932412776
-1.2763819095477373           0.269159984352889
-1.1608040201005032           0.26909019609964263
-1.0452261306532655           0.26895784691537744
-0.9296482412060314           0.2687079098605912
-0.8140703517587937           0.26823837358518743
-0.698492462311556            0.2673622890435074
-0.5829145728643219           0.26574321144972257
-0.46733668341708423          0.26278622422122105
-0.3517587939698501           0.2574663223748915
-0.23618090452261245          0.24806991359298064
-0.12060301507537828          0.23183192404527145
-0.005025125628140596         0.20446312606638437
0.11055276381909708           0.1595802355076295
0.22613065326633117           0.08806038300973862
0.34170854271356893           -0.022670586661779638
0.457286432160803             -0.18944761582850667
0.5728643216080407            -0.43435608521664737
0.6884422110552748            -0.7860258462621521
0.8040201005025125            -1.281373451997207
0.9195979899497502            -1.9679414675345617
1.0351758793969843            -2.9070060163410107
1.150753768844222             -4.177705916883955
1.266331658291456             -5.882628976356063
1.3819095477386938            -8.15538635666126
1.4974874371859315            -11.170483059256316
1.6130653266331656            -15.155777951595432
1.7286432160804033            -20.408472717154375
1.8442211055276374            -27.316096421508547
1.959798994974875             -36.38406338209772
2.075376884422109             -48.27168218828677
2.190954773869347             -63.83913332453352
2.3065326633165846            -84.20875521983402
2.4221105527638187            -110.84500560993783
2.5376884422110564            -145.6587955137961
2.6532663316582905            -191.14362894486726
2.768844221105528             -252.30192132078372
