-20.0                         0.7803110140666587
-19.884422110552762           0.7803119796627125
-19.768844221105528           0.7803108947214876
-19.65326633165829            0.7803098674011669
-19.537688442211056           0.7803109002902936
-19.42211055276382            0.780310757550326
-19.306532663316585           0.7803110667505683
-19.190954773869347           0.7803096788275578
-19.07537688442211            0.780311080454991
-18.959798994974875           0.7803107620442948
-18.844221105527637           0.7803120334035163
-18.728643216080403           0.7803106873863159
-18.613065326633166           0.7803108694414962
-18.49748743718593            0.7803107067704
-18.381909547738694           0.7803128693545428
-18.266331658291456           0.7803105517164575
-18.150753768844222           0.780310632324439
-18.035175879396984           0.780310647779842
-17.91959798994975            0.7803105996155258
-17.804020100502512           0.7803110090255436
-17.688442211055275           0.7803108287722854
-17.57286432160804            0.7803103048813851
-17.457286432160803           0.7803103261142426
-17.34170854271357            0.7803105398902015
-17.22613065326633            0.7803106316977272
-17.110552763819094           0.7803102767779251
-16.99497487437186            0.780310704081324
-16.87939698492462            0.7803102969645016
-16.763819095477388           0.7803108992950224
-16.64824120603015            0.7803103515169284
-16.532663316582916           0.7803103235484058
-16.417085427135678           0.7803103333093067
-16.301507537688444           0.7803098149595519
-16.185929648241206           0.7803103418498311
-16.07035175879397            0.7803105747270516
-15.954773869346734           0.7803093314846827
-15.839195979899497           0.7803102419893675
-15.72361809045226            0.780310325803436
-15.608040201005025           0.7803108742752307
-15.492462311557789           0.7803102191708383
-15.376884422110553           0.7803100810942861
-15.261306532663315           0.7803103194851649
-15.145728643216081           0.780310219933044
-15.030150753768844           0.7803110594860333
-14.914572864321608           0.7803099709378376
-14.798994974874372           0.7803092899459415
-14.683417085427136           0.7803102163047638
-14.5678391959799             0.7803101402667159
-14.452261306532662           0.7803100995732531
-14.336683417085428           0.7803100339772853
-14.22110552763819            0.7803104147155328
-14.105527638190955           0.7803099857443075
-13.989949748743719           0.7803091320175795
-13.874371859296481           0.7803098424086902
-13.758793969849247           0.7803105734540062
-13.64321608040201            0.7803099373836493
-13.527638190954773           0.7803093235326702
-13.412060301507537           0.7803099674821863
-13.296482412060302           0.7803098745412792
-13.180904522613066           0.7803100823274262
-13.065326633165828           0.7803095372102039
-12.949748743718594           0.7803099742748203
-12.834170854271356           0.7803094866631475
-12.71859296482412            0.7803101468257819
-12.603015075376884           0.7803093794748089
-12.487437185929648           0.7803099780527096
-12.371859296482413           0.7803097792993922
-12.256281407035175           0.7803100387060578
-12.14070351758794            0.7803098175320168
-12.025125628140703           0.7803097055999584
-11.909547738693467           0.7803096469935838
-11.793969849246231           0.7803095289037255
-11.678391959798995           0.7803097909426691
-11.56281407035176            0.7803097388245606
-11.447236180904522           0.7803100762642173
-11.331658291457286           0.7803098051196872
-11.21608040201005            0.7803097265251895
-11.100502512562814           0.7803100662950245
-10.984924623115578           0.7803097926008759
-10.869346733668342           0.7803096548847168
-10.753768844221106           0.7803090361406666
-10.638190954773869           0.7803097788940188
-10.522613065326633           0.7803095763896097
-10.407035175879397           0.7803097804808956
-10.291457286432161           0.7803103837673402
-10.175879396984925           0.7803096309037636
-10.06030150753769            0.7803094988334719
-9.944723618090451            0.7803096227208968
-9.829145728643216            0.7803093354855991
-9.71356783919598             0.7803100504076022
-9.597989949748744            0.780309599504711
-9.482412060301508            0.7803095718984036
-9.366834170854272            0.7803096602753827
-9.251256281407034            0.7803095761877566
-9.135678391959798            0.780309522839261
-9.020100502512562            0.780309705033257
-8.904522613065327            0.7803091805916889
-8.78894472361809             0.7803090930147275
-8.673366834170855            0.7803105323602071
-8.557788944723619            0.7803095333126704
-8.442211055276381            0.7803104720708988
-8.326633165829145            0.7803091190332567
-8.21105527638191             0.7803093060936885
-8.095477386934673            0.7803095540429327
-7.9798994974874375           0.780309475921709
-7.864321608040202            0.7803094320550549
-7.748743718592964            0.780309368310251
-7.633165829145728            0.7803094749737756
-7.517587939698492            0.7803092259006654
-7.402010050251256            0.780309702473013
-7.28643216080402             0.7803094429825775
-7.170854271356784            0.7803093766437159
-7.055276381909547            0.7803091126560031
-6.939698492462311            0.7803093610199486
-6.824120603015075            0.780309383942559
-6.708542713567839            0.7803092478905735
-6.592964824120603            0.7803093479006683
-6.477386934673367            0.7803093085208268
-6.361809045226131            0.7803093359599051
-6.246231155778894            0.780309234687571
-6.130653266331658            0.7803093244987508
-6.015075376884422            0.7803093301239693
-5.899497487437186            0.7803093907572821
-5.78391959798995             0.7803092754523221
-5.668341708542714            0.7803092926564031
-5.5527638190954764           0.7803091447053944
-5.4371859296482405           0.7803090226401512
-5.321608040201005            0.7803091452300445
-5.206030150753769            0.7803092078213497
-5.090452261306533            0.7803092923260999
-4.974874371859297            0.7803092501679372
-4.859296482412061            0.7803094354335056
-4.743718592964823            0.7803092361132293
-4.628140703517587            0.7803093264774095
-4.5125628140703515           0.780309172143466
-4.396984924623116            0.7803091914774349
-4.28140703517588             0.7803092134012953
-4.165829145728644            0.7803091897208303
-4.050251256281406            0.7803091101703008
-3.934673366834172            0.7803092092685563
-3.8190954773869343           0.780309223204107
-3.7035175879396967           0.7803091659475062
-3.5879396984924625           0.7803091769397352
-3.472361809045225            0.7803091636724013
-3.3567839195979907           0.780309184258883
-3.241206030150753            0.7803091312400177
-3.125628140703519            0.7803091253750838
-3.0100502512562812           0.7803091297264035
-2.8944723618090435           0.7803091517923756
-2.7788944723618094           0.7803090129763379
-2.6633165829145717           0.7803091032245437
-2.5477386934673376           0.7803091108506617
-2.4321608040201              0.7803091055248644
-2.316582914572866            0.7803091078046596
-2.201005025125628            0.7803091214934612
-2.0854271356783904           0.7803091103292638
-1.9698492462311563           0.7803090710770881
-1.8542713567839186           0.7803090129172674
-1.7386934673366845           0.7803090312043596
-1.6231155778894468           0.7803089741355016
-1.5075376884422127           0.7803090045038825
-1.391959798994975            0.7803088766000014
-1.2763819095477373           0.7803086015401125
-1.1608040201005032           0.7803078649940396
-1.0452261306532655           0.7803059018276404
-0.9296482412060314           0.7803008259466849
-0.8140703517587937           0.7802877899136051
-0.698492462311556            0.7802539729035186
-0.5829145728643219           0.780168401583745
-0.46733668341708423          0.7799541583257339
-0.3517587939698501           0.7794278791324187
-0.23618090452261245          0.7781667794232426
-0.12060301507537828          0.7752396204773868
-0.005025125628140596         0.7687109967070531
0.11055276381909708           0.754833089982384
0.22613065326633117           0.7269174037830269
0.34170854271356893           0.6740276086301826
0.457286432160803             0.5797386612957766
0.5728643216080407            0.4211108057086617
0.6884422110552748            0.16774422943002382
0.8040201005025125            -0.21945516347018215
0.9195979899497502            -0.7901829624461325
1.0351758793969843            -1.6075851833021255
1.150753768844222             -2.752272423117255
1.266331658291456             -4.327889962210624
1.3819095477386938            -6.468790193910866
1.4974874371859315            -9.350065863945437
1.6130653266331656            -13.200084390528765
1.7286432160804033            -18.316454290843623
1.8442211055276374            -25.086998489665785
1.959798994974875             -34.01733632786013
2.075376884422109             -45.76692092643541
2.190954773869347             -61.19603651172329
2.3065326633165846            -81.42709709909394
2.4221105527638187            -107.924616139846
2.5376884422110564            -142.59954609269298
2.6532663316582905            -187.9454220099252
2.768844221105528             -248.96546403435156
