-20.0                         0.0790676878133346
-19.884422110552762           0.0790680580179669
-19.768844221105528           0.07906764417261129
-19.65326633165829            0.07906714117784537
-19.537688442211056           0.07906762097656292
-19.42211055276382            0.0790676931218826
-19.306532663316585           0.07906763365836132
-19.190954773869347           0.07906766061016227
-19.07537688442211            0.0790675709996842
-18.959798994974875           0.07906753839480571
-18.844221105527637           0.07906767254466988
-18.728643216080403           0.07906751360218718
-18.613065326633166           0.07906739949258225
-18.49748743718593            0.07906746028484121
-18.381909547738694           0.07906784400415076
-18.266331658291456           0.07906737624461754
-18.150753768844222           0.07906743017539701
-18.035175879396984           0.0790670225256174
-17.91959798994975            0.07906734590155473
-17.804020100502512           0.07906735102493376
-17.688442211055275           0.0790673852899987
-17.57286432160804            0.07906735628046858
-17.457286432160803           0.07906717516256857
-17.34170854271357            0.07906728339485358
-17.22613065326633            0.07906735352905407
-17.110552763819094           0.07906716729077934
-16.99497487437186            0.07906720492369665
-16.87939698492462            0.07906729159260904
-16.763819095477388           0.07906720303590326
-16.64824120603015            0.07906721505897533
-16.532663316582916           0.0790671384974532
-16.417085427135678           0.0790671840765043
-16.301507537688444           0.07906717242747627
-16.185929648241206           0.07906708951880463
-16.07035175879397            0.07906712163725343
-15.954773869346734           0.07906687840958378
-15.839195979899497           0.07906703255198788
-15.72361809045226            0.07906702381921635
-15.608040201005025           0.0790668928156872
-15.492462311557789           0.07906694778815351
-15.376884422110553           0.07906686200624923
-15.261306532663315           0.07906697947380946
-15.145728643216081           0.07906691920989412
-15.030150753768844           0.07906700812754883
-14.914572864321608           0.07906681825304579
-14.798994974874372           0.0790667395695071
-14.683417085427136           0.07906686538619755
-14.5678391959799             0.07906689069345671
-14.452261306532662           0.07906686320199675
-14.336683417085428           0.07906679997117669
-14.22110552763819            0.07906670840655085
-14.105527638190955           0.0790668116335671
-13.989949748743719           0.07906641890610552
-13.874371859296481           0.07906671420223853
-13.758793969849247           0.07906716953164741
-13.64321608040201            0.07906675390642633
-13.527638190954773           0.0790667546617967
-13.412060301507537           0.0790667240183582
-13.296482412060302           0.07906687610926288
-13.180904522613066           0.07906668439802224
-13.065326633165828           0.0790664438645953
-12.949748743718594           0.07906670374784616
-12.834170854271356           0.07906641986063898
-12.71859296482412            0.07906672932313721
-12.603015075376884           0.07906641382410655
-12.487437185929648           0.0790666210820508
-12.371859296482413           0.07906661510760915
-12.256281407035175           0.07906662171380982
-12.14070351758794            0.07906654413537946
-12.025125628140703           0.07906669584511247
-11.909547738693467           0.07906647207189105
-11.793969849246231           0.07906647942539867
-11.678391959798995           0.07906650764375997
-11.56281407035176            0.07906649243546515
-11.447236180904522           0.079066543286013
-11.331658291457286           0.0790664942204259
-11.21608040201005            0.07906646728308063
-11.100502512562814           0.079066729090564
-10.984924623115578           0.0790664613079414
-10.869346733668342           0.07906640278368048
-10.753768844221106           0.079066195241538
-10.638190954773869           0.07906640609484156
-10.522613065326633           0.07906639646607586
-10.407035175879397           0.07906637721858889
-10.291457286432161           0.07906640499163956
-10.175879396984925           0.07906635559714938
-10.06030150753769            0.07906629960463517
-9.944723618090451            0.07906632692835106
-9.829145728643216            0.07906639212400925
-9.71356783919598             0.0790663014001941
-9.597989949748744            0.07906628883547065
-9.482412060301508            0.0790662953896426
-9.366834170854272            0.07906626791169678
-9.251256281407034            0.07906626467482625
-9.135678391959798            0.07906626197839874
-9.020100502512562            0.07906625091795506
-8.904522613065327            0.07906625093642201
-8.78894472361809             0.07906612629130462
-8.673366834170855            0.07906658552317035
-8.557788944723619            0.07906617715326833
-8.442211055276381            0.0790665503957678
-8.326633165829145            0.07906611712701606
-8.21105527638191             0.07906623911053204
-8.095477386934673            0.07906614326024808
-7.9798994974874375           0.0790661495472348
-7.864321608040202            0.07906613811395859
-7.748743718592964            0.07906612715827256
-7.633165829145728            0.07906612150962582
-7.517587939698492            0.07906610829869959
-7.402010050251256            0.07906609901108444
-7.28643216080402             0.07906611210531254
-7.170854271356784            0.07906609296986401
-7.055276381909547            0.07906600379909563
-6.939698492462311            0.07906606398899915
-6.824120603015075            0.0790660639846603
-6.708542713567839            0.07906609908471968
-6.592964824120603            0.07906602358528751
-6.477386934673367            0.07906595681657287
-6.361809045226131            0.07906601757311399
-6.246231155778894            0.07906596172623877
-6.130653266331658            0.07906600945121127
-6.015075376884422            0.07906600375359953
-5.899497487437186            0.079066000222025
-5.78391959798995             0.0790659861283937
-5.668341708542714            0.07906598040718843
-5.5527638190954764           0.07906595449295474
-5.4371859296482405           0.07906587572353026
-5.321608040201005            0.07906593955391457
-5.206030150753769            0.07906590730890223
-5.090452261306533            0.07906587736932769
-4.974874371859297            0.07906590217050923
-4.859296482412061            0.0790659077009496
-4.743718592964823            0.07906577020094108
-4.628140703517587            0.07906573216426696
-4.5125628140703515           0.0790655899543713
-4.396984924623116            0.07906545109316722
-4.28140703517588             0.07906526245723149
-4.165829145728644            0.07906498473533112
-4.050251256281406            0.07906462091389324
-3.934673366834172            0.07906405222978806
-3.8190954773869343           0.07906327661383108
-3.7035175879396967           0.07906216693674016
-3.5879396984924625           0.07906060267316214
-3.472361809045225            0.0790583768698815
-3.3567839195979907           0.07905522591113362
-3.241206030150753            0.07905073371425633
-3.125628140703519            0.07904434483233362
-3.0100502512562812           0.0790352751756166
-2.8944723618090435           0.07902234749385502
-2.7788944723618094           0.07900398135700278
-2.6633165829145717           0.07897790717711796
-2.5477386934673376           0.07894083199125634
-2.4321608040201              0.07888807621993905
-2.316582914572866            0.0788130589780052
-2.201005025125628            0.07870639022543806
-2.0854271356783904           0.07855471807203071
-1.9698492462311563           0.0783390638009317
-1.8542713567839186           0.0780324889924595
-1.7386934673366845           0.07759674332028284
-1.6231155778894468           0.07697745464369951
-1.5075376884422127           0.07609767964312057
-1.391959798994975            0.07484821597821453
-1.2763819095477373           0.07307467609527861
-1.1608040201005032           0.07055902916436592
-1.0452261306532655           0.06699402630538008
-0.9296482412060314           0.06194808187600779
-0.8140703517587937           0.05481709050556273
-0.698492462311556            0.044759193259585606
-0.5829145728643219           0.03060787261806423
-0.46733668341708423          0.010756136649596374
-0.3517587939698501           -0.016994133622332822
-0.23618090452261245          -0.05562736484705291
-0.12060301507537828          -0.10916436355918761
-0.005025125628140596         -0.18298127818022905
0.11055276381909708           -0.28421553820748047
0.22613065326633117           -0.42228445537446924
0.34170854271356893           -0.6095504407224456
0.457286432160803             -0.8621804278028222
0.5728643216080407            -1.2012606712269824
0.6884422110552748            -1.654246477391898
0.8040201005025125            -2.256846767579574
0.9195979899497502            -3.055468857102858
1.0351758793969843            -4.110395297088292
1.150753768844222             -5.499959789603749
1.266331658291456             -7.326148458256927
1.3819095477386938            -9.722119682270609
1.4974874371859315            -12.861983085365736
1.6130653266331656            -16.97323074964368
1.7286432160804033            -22.352757230251065
1.8442211055276374            -29.387860675308136
1.959798994974875             -38.583788315914056
2.075376884422109             -50.5997273827614
2.190954773869347             -66.29576919835722
2.3065326633165846            -86.79418604722447
2.4221105527638187            -113.55938622628557
2.5376884422110564            -148.50224358654555
2.6532663316582905            -194.11623407117872
2.768844221105528             -255.4030268484219
