-20.0                         0.2356428280576656
-19.884422110552762           0.23564345906842754
-19.768844221105528           0.23564276676515875
-19.65326633165829            0.23564198569591285
-19.537688442211056           0.23564272976120473
-19.42211055276382            0.23564278982042314
-19.306532663316585           0.23564286706848978
-19.190954773869347           0.23564238025457004
-19.07537688442211            0.2356427788547382
-18.959798994974875           0.23564263954783507
-18.844221105527637           0.2356433259274287
-18.728643216080403           0.23564268199171615
-18.613065326633166           0.2356425481144303
-18.49748743718593            0.23564259058016998
-18.381909547738694           0.23564372474156656
-18.266331658291456           0.2356424570997606
-18.150753768844222           0.2356425425355962
-18.035175879396984           0.23564209760903052
-17.91959798994975            0.23564247119283793
-17.804020100502512           0.2356425994804746
-17.688442211055275           0.2356426925051661
-17.57286432160804            0.2356424198457322
-17.457286432160803           0.23564223470925166
-17.34170854271357            0.23564246503969888
-17.22613065326633            0.23564263768637397
-17.110552763819094           0.23564219722069257
-16.99497487437186            0.23564236504573524
-16.87939698492462            0.2356424755011009
-16.763819095477388           0.23564246332377572
-16.64824120603015            0.23564238477627664
-16.532663316582916           0.23564216202191965
-16.417085427135678           0.23564227076334096
-16.301507537688444           0.23564214021418997
-16.185929648241206           0.23564222671747115
-16.07035175879397            0.23564230147083842
-15.954773869346734           0.2356416703015171
-15.839195979899497           0.23564212944869814
-15.72361809045226            0.23564214109273562
-15.608040201005025           0.23564211234151144
-15.492462311557789           0.2356420601469664
-15.376884422110553           0.2356418149943262
-15.261306532663315           0.23564214331457847
-15.145728643216081           0.23564203224505237
-15.030150753768844           0.2356424784791572
-14.914572864321608           0.23564188126525196
-14.798994974874372           0.2356415200487007
-14.683417085427136           0.23564200467618665
-14.5678391959799             0.23564200228115678
-14.452261306532662           0.2356419674951878
-14.336683417085428           0.23564190278753216
-14.22110552763819            0.23564184119149395
-14.105527638190955           0.2356418954619592
-13.989949748743719           0.2356412817517224
-13.874371859296481           0.23564177301398756
-13.758793969849247           0.23564247232236232
-13.64321608040201            0.23564185248496902
-13.527638190954773           0.23564162927471033
-13.412060301507537           0.23564183392808755
-13.296482412060302           0.2356420305595547
-13.180904522613066           0.23564182372459863
-13.065326633165828           0.23564139861017763
-12.949748743718594           0.2356418577624651
-12.834170854271356           0.2356414311348811
-12.71859296482412            0.23564193816159495
-12.603015075376884           0.23564133299470846
-12.487437185929648           0.23564178658063697
-12.371859296482413           0.23564175117687303
-12.256281407035175           0.23564179556713793
-12.14070351758794            0.23564166251252625
-12.025125628140703           0.2356418305647976
-11.909547738693467           0.23564154792092207
-11.793969849246231           0.23564145910502232
-11.678391959798995           0.23564162388758947
-11.56281407035176            0.23564159942855217
-11.447236180904522           0.23564176179770477
-11.331658291457286           0.23564164420825556
-11.21608040201005            0.23564158859286724
-11.100502512562814           0.23564196358495598
-10.984924623115578           0.23564162065639851
-10.869346733668342           0.23564151275999762
-10.753768844221106           0.23564112723906583
-10.638190954773869           0.23564155170084602
-10.522613065326633           0.2356414859801439
-10.407035175879397           0.23564153650211037
-10.291457286432161           0.2356417684846497
-10.175879396984925           0.2356414860672149
-10.06030150753769            0.23564138795499678
-9.944723618090451            0.2356414524290757
-9.829145728643216            0.2356414432427757
-9.71356783919598             0.2356415771497523
-9.597989949748744            0.23564141397690472
-9.482412060301508            0.23564141791267532
-9.366834170854272            0.23564142240377392
-9.251256281407034            0.23564140055626084
-9.135678391959798            0.23564139512767635
-9.020100502512562            0.23564145431229316
-8.904522613065327            0.2356412593648347
-8.78894472361809             0.2356411213228892
-8.673366834170855            0.23564199753084186
-8.557788944723619            0.23564132304491384
-8.442211055276381            0.23564195148913308
-8.326633165829145            0.23564112955914812
-8.21105527638191             0.2356413343737077
-8.095477386934673            0.23564127522825323
-7.9798994974874375           0.235641286875261
-7.864321608040202            0.23564126351644493
-7.748743718592964            0.23564123634238443
-7.633165829145728            0.2356412673625768
-7.517587939698492            0.23564116622411174
-7.402010050251256            0.23564132809111918
-7.28643216080402             0.2356412613942608
-7.170854271356784            0.2356412216658797
-7.055276381909547            0.23564103316865745
-6.939698492462311            0.2356411899954975
-6.824120603015075            0.23564120698414934
-6.708542713567839            0.2356411856692178
-6.592964824120603            0.23564115543750871
-6.477386934673367            0.23564107202957096
-6.361809045226131            0.23564114434857988
-6.246231155778894            0.23564107569511059
-6.130653266331658            0.23564115400121693
-6.015075376884422            0.23564115421921106
-5.899497487437186            0.2356411827431992
-5.78391959798995             0.23564112667929682
-5.668341708542714            0.235641125112993
-5.5527638190954764           0.2356410527746346
-5.4371859296482405           0.2356409532935477
-5.321608040201005            0.23564106618609282
-5.206030150753769            0.2356410588322609
-5.090452261306533            0.2356410632551567
-4.974874371859297            0.2356411365913761
-4.859296482412061            0.23564122567284757
-4.743718592964823            0.23564106705855167
-4.628140703517587            0.23564111620653183
-4.5125628140703515           0.23564102066180997
-4.396984924623116            0.23564103031257294
-4.28140703517588             0.23564103861115218
-4.165829145728644            0.23564102164969591
-4.050251256281406            0.23564101954955827
-3.934673366834172            0.23564102189084388
-3.8190954773869343           0.23564102349894117
-3.7035175879396967           0.2356409924685091
-3.5879396984924625           0.23564098913907397
-3.472361809045225            0.23564097848595736
-3.3567839195979907           0.23564098810979003
-3.241206030150753            0.23564095990518658
-3.125628140703519            0.23564095260662654
-3.0100502512562812           0.2356409511996968
-2.8944723618090435           0.23564091570631382
-2.7788944723618094           0.2356408392895734
-2.6633165829145717           0.2356408395420665
-2.5477386934673376           0.2356408048953809
-2.4321608040201              0.23564068699393378
-2.316582914572866            0.2356404736194171
-2.201005025125628            0.23564008477875736
-2.0854271356783904           0.23563935031195413
-1.9698492462311563           0.2356379669711161
-1.8542713567839186           0.23563540775642253
-1.7386934673366845           0.23563073157782782
-1.6231155778894468           0.2356219747667216
-1.5075376884422127           0.23560583690539183
-1.391959798994975            0.23557584433220552
-1.2763819095477373           0.23552032183691787
-1.1608040201005032           0.2354177959377505
-1.0452261306532655           0.2352289590109634
-0.9296482412060314           0.2348825560528865
-0.8140703517587937           0.23425036258159093
-0.698492462311556            0.23310428538285183
-0.5829145728643219           0.23104555138166638
-0.46733668341708423          0.2273891479688358
-0.3517587939698501           0.22098726939914903
-0.23618090452261245          0.20997107305699017
-0.12060301507537828          0.19139720412003047
-0.005025125628140596         0.16079586926913944
0.11055276381909708           0.11163036495342786
0.22613065326633117           0.03468104913060054
0.34170854271356893           -0.0826479328099212
0.457286432160803             -0.2571379823805227
0.5728643216080407            -0.5107624383135637
0.6884422110552748            -0.8720059612454525
0.8040201005025125            -1.3776312176588565
0.9195979899497502            -2.075036038070285
1.0351758793969843            -3.025371518094772
1.150753768844222             -4.30767680851889
1.266331658291456             -6.0244665911511275
1.3819095477386938            -8.309298717622234
1.4974874371859315            -11.336633556393878
1.6130653266331656            -15.334289795359364
1.7286432160804033            -20.599436130856912
1.8442211055276374            -27.519577250101463
1.959798994974875             -36.60011010340185
2.075376884422109             -48.50033082622592
2.190954773869347             -64.08041084432506
2.3065326633165846            -84.46268191851368
2.4221105527638187            -111.11159683035716
2.5376884422110564            -145.93806289151567
2.6532663316582905            -191.43558132560293
2.768844221105528             -252.6064941851053
