-20.0                         0.3981975595012271
-19.884422110552762           0.3981983032499095
-19.768844221105528           0.39819748203008315
-19.65326633165829            0.39819658968711685
-19.537688442211056           0.3981974377167201
-19.42211055276382            0.3981974492714743
-19.306532663316585           0.3981976313480522
-19.190954773869347           0.39819680036601224
-19.07537688442211            0.3981975447029032
-18.959798994974875           0.39819733766063653
-18.844221105527637           0.39819829670530316
-18.728643216080403           0.39819738337858157
-18.613065326633166           0.3981973044160477
-18.49748743718593            0.3981973036493159
-18.381909547738694           0.3981988195763911
-18.266331658291456           0.39819714897335773
-18.150753768844222           0.3981972363395516
-18.035175879396984           0.39819689497471583
-17.91959798994975            0.39819718589043973
-17.804020100502512           0.39819740207772947
-17.688442211055275           0.39819745851426636
-17.57286432160804            0.39819704447788895
-17.457286432160803           0.39819692230587667
-17.34170854271357            0.3981971850049025
-17.22613065326633            0.3981973603445956
-17.110552763819094           0.3981968744747147
-16.99497487437186            0.3981971316777463
-16.87939698492462            0.3981971286163715
-16.763819095477388           0.3981972681308863
-16.64824120603015            0.39819706909682023
-16.532663316582916           0.39819683582946497
-16.417085427135678           0.39819695385206544
-16.301507537688444           0.39819669552980785
-16.185929648241206           0.3981969373244275
-16.07035175879397            0.39819705481069295
-15.954773869346734           0.3981962094929498
-15.839195979899497           0.398196828062155
-15.72361809045226            0.39819685495831225
-15.608040201005025           0.398196989735373
-15.492462311557789           0.39819677235085704
-15.376884422110553           0.3981965082938369
-15.261306532663315           0.39819687270859616
-15.145728643216081           0.39819675033018354
-15.030150753768844           0.3981973759867203
-14.914572864321608           0.398196568907019
-14.798994974874372           0.3981960751613532
-14.683417085427136           0.3981967345177176
-14.5678391959799             0.398196699605109
-14.452261306532662           0.39819666251487096
-14.336683417085428           0.39819660678534546
-14.22110552763819            0.3981966535556493
-14.105527638190955           0.3981965814390603
-13.989949748743719           0.3981958802785789
-13.874371859296481           0.39819645478064297
-13.758793969849247           0.3981971973759624
-13.64321608040201            0.3981965413239966
-13.527638190954773           0.39819617892092174
-13.412060301507537           0.39819653599035176
-13.296482412060302           0.3981966716846308
-13.180904522613066           0.3981965621891432
-13.065326633165828           0.39819607691665504
-12.949748743718594           0.3981965671517074
-12.834170854271356           0.39819610280914
-12.71859296482412            0.3981966785145332
-12.603015075376884           0.39819598257605726
-12.487437185929648           0.3981965188695755
-12.371859296482413           0.3981964384476092
-12.256281407035175           0.39819654049336806
-12.14070351758794            0.3981963741032865
-12.025125628140703           0.39819647515447143
-11.909547738693467           0.39819623973542684
-11.793969849246231           0.3981961127491157
-11.678391959798995           0.39819633596599013
-11.56281407035176            0.39819630543513834
-11.447236180904522           0.39819652825145013
-11.331658291457286           0.39819636348274984
-11.21608040201005            0.39819629646489846
-11.100502512562814           0.3981966786377896
-10.984924623115578           0.39819634449359703
-10.869346733668342           0.398196219792812
-10.753768844221106           0.3981957502480743
-10.638190954773869           0.3981962829873896
-10.522613065326633           0.3981961756484836
-10.407035175879397           0.3981962812828455
-10.291457286432161           0.39819663590369464
-10.175879396984925           0.39819619858351885
-10.06030150753769            0.3981960845040968
-9.944723618090451            0.3981961672561359
-9.829145728643216            0.3981960751630457
-9.71356783919598             0.3981964019487316
-9.597989949748744            0.39819613255210107
-9.482412060301508            0.39819612783721114
-9.366834170854272            0.39819616189842766
-9.251256281407034            0.3981961200785703
-9.135678391959798            0.39819610303099406
-9.020100502512562            0.39819621346275424
-8.904522613065327            0.3981958911347994
-8.78894472361809             0.3981957689988753
-8.673366834170855            0.3981968468916634
-8.557788944723619            0.39819605294339777
-8.442211055276381            0.39819679571528227
-8.326633165829145            0.3981957841326353
-8.21105527638191             0.3981959948759385
-8.095477386934673            0.39819601723332526
-7.9798994974874375           0.39819601091767404
-7.864321608040202            0.3981959791518487
-7.748743718592964            0.3981959411073447
-7.633165829145728            0.39819599618520446
-7.517587939698492            0.3981958379714703
-7.402010050251256            0.39819611799601395
-7.28643216080402             0.3981959852100397
-7.170854271356784            0.3981959345190114
-7.055276381909547            0.3981957102758118
-6.939698492462311            0.39819590589375836
-6.824120603015075            0.39819592859176883
-6.708542713567839            0.398195868599486
-6.592964824120603            0.39819587837764103
-6.477386934673367            0.3981958023628341
-6.361809045226131            0.39819586507709526
-6.246231155778894            0.39819578791222215
-6.130653266331658            0.39819587499466963
-6.015075376884422            0.39819587942698864
-5.899497487437186            0.3981959233076175
-5.78391959798995             0.39819583971392253
-5.668341708542714            0.39819584236404465
-5.5527638190954764           0.39819573943745423
-5.4371859296482405           0.3981956350554462
-5.321608040201005            0.39819575333248164
-5.206030150753769            0.39819576486230845
-5.090452261306533            0.3981957937337839
-4.974874371859297            0.39819584566779587
-4.859296482412061            0.3981959663959692
-4.743718592964823            0.3981957876372401
-4.628140703517587            0.39819584859595003
-4.5125628140703515           0.3981957284841467
-4.396984924623116            0.3981957468088519
-4.28140703517588             0.3981957601167846
-4.165829145728644            0.3981957390536074
-4.050251256281406            0.398195713919999
-3.934673366834172            0.39819574633683585
-3.8190954773869343           0.3981957519095996
-3.7035175879396967           0.3981957114918153
-3.5879396984924625           0.398195711726431
-3.472361809045225            0.3981957007793023
-3.3567839195979907           0.39819571587756764
-3.241206030150753            0.3981956762968469
-3.125628140703519            0.3981956751668115
-3.0100502512562812           0.39819567986732596
-2.8944723618090435           0.39819566528871353
-2.7788944723618094           0.39819558134850686
-2.6633165829145717           0.3981956302817827
-2.5477386934673376           0.39819565095479215
-2.4321608040201              0.3981956413508164
-2.316582914572866            0.39819562950692317
-2.201005025125628            0.3981956146134153
-2.0854271356783904           0.398195560426668
-1.9698492462311563           0.3981954282122083
-1.8542713567839186           0.3981951702483778
-1.7386934673366845           0.398194735955433
-1.6231155778894468           0.3981937373788037
-1.5075376884422127           0.39819176795982625
-1.391959798994975            0.3981875095704524
-1.2763819095477373           0.3981785696012513
-1.1608040201005032           0.39815985192946984
-1.0452261306532655           0.3981207240717579
-0.9296482412060314           0.3980393468304881
-0.8140703517587937           0.3978710016070758
-0.698492462311556            0.3975250571039974
-0.5829145728643219           0.3968218674369972
-0.46733668341708423          0.3954107694917335
-0.3517587939698501           0.3926266859614231
-0.23618090452261245          0.3872495475271864
-0.12060301507537828          0.3771311133542214
-0.005025125628140596         0.3586658291050836
0.11055276381909708           0.326114812406449
0.22613065326633117           0.2708300814085239
0.34170854271356893           0.18043857315313913
0.457286432160803             0.0380004564343384
0.5728643216080407            -0.17893094202546955
0.6884422110552748            -0.4995027743286554
0.8040201005025125            -0.9611995083564506
0.9195979899497502            -1.6121032031945783
1.0351758793969843            -2.5139551989031492
1.150753768844222             -3.7462629168776806
1.266331658291456             -5.411882418258574
1.3819095477386938            -7.644617609887335
1.4974874371859315            -10.619131716525764
1.6130653266331656            -14.56342402778847
1.7286432160804033            -19.77481044172568
1.8442211055276374            -26.64090374168879
1.959798994974875             -35.66717744255715
2.075376884422109             -47.512982325280916
2.190954773869347             -63.038529417701255
2.3065326633165846            -83.36617954934707
2.4221105527638187            -109.96040705137537
2.5376884422110564            -144.73213533412698
2.6532663316582905            -190.1748777202018
2.768844221105528             -251.2912931800802
