-20.0                         0.08020014693229596
-19.884422110552762           0.08020055436552624
-19.768844221105528           0.08020010177990927
-19.65326633165829            0.0801995588520961
-19.537688442211056           0.0802000785849363
-19.42211055276382            0.08020015621630605
-19.306532663316585           0.08020010347596923
-19.190954773869347           0.08020009068278404
-19.07537688442211            0.0802000384537981
-18.959798994974875           0.08019999633585549
-18.844221105527637           0.08020018846879888
-18.728643216080403           0.08019997927337247
-18.613065326633166           0.08019985681799435
-18.49748743718593            0.08019991980708434
-18.381909547738694           0.08020039183242532
-18.266331658291456           0.08019983002121404
-18.150753768844222           0.08019989064145869
-18.035175879396984           0.0801994579319395
-17.91959798994975            0.08019980425382803
-17.804020100502512           0.08019982010064113
-17.688442211055275           0.08019986604135095
-17.57286432160804            0.08019981736867175
-17.457286432160803           0.08019962501452005
-17.34170854271357            0.08019974929684477
-17.22613065326633            0.0801998365419461
-17.110552763819094           0.08019961394422498
-16.99497487437186            0.08019966446049824
-16.87939698492462            0.08019976722207742
-16.763819095477388           0.08019967510824227
-16.64824120603015            0.08019968421968592
-16.532663316582916           0.08019958870332335
-16.417085427135678           0.08019964147628085
-16.301507537688444           0.08019962687952564
-16.185929648241206           0.08019955034602776
-16.07035175879397            0.08019958637979736
-15.954773869346734           0.08019929805898832
-15.839195979899497           0.08019948870398241
-15.72361809045226            0.08019948233627812
-15.608040201005025           0.08019934696054319
-15.492462311557789           0.08019940471514082
-15.376884422110553           0.08019929569965945
-15.261306532663315           0.0801994431664274
-15.145728643216081           0.08019937584753353
-15.030150753768844           0.08019950218615904
-14.914572864321608           0.08019926889707522
-14.798994974874372           0.08019915745373317
-14.683417085427136           0.08019932505255437
-14.5678391959799             0.08019935122175637
-14.452261306532662           0.08019932243475332
-14.336683417085428           0.08019925627292938
-14.22110552763819            0.0801991562983989
-14.105527638190955           0.08019926821247801
-13.989949748743719           0.08019884194943681
-13.874371859296481           0.08019916516062306
-13.758793969849247           0.08019966508096525
-13.64321608040201            0.08019921233299908
-13.527638190954773           0.08019919316995493
-13.412060301507537           0.0801991828901111
-13.296482412060302           0.08019935241879975
-13.180904522613066           0.08019914383374079
-13.065326633165828           0.08019887479250726
-12.949748743718594           0.08019916930409317
-12.834170854271356           0.080198861908037
-12.71859296482412            0.08019920145898436
-12.603015075376884           0.08019884258901196
-12.487437185929648           0.08019908498528107
-12.371859296482413           0.08019907896698396
-12.256281407035175           0.08019908647995334
-12.14070351758794            0.08019900252266027
-12.025125628140703           0.08019916806539405
-11.909547738693467           0.0801989248213701
-11.793969849246231           0.08019892294198158
-11.678391959798995           0.08019896608417924
-11.56281407035176            0.08019894972841804
-11.447236180904522           0.08019901353843202
-11.331658291457286           0.08019895754066328
-11.21608040201005            0.08019892709070121
-11.100502512562814           0.08019921205064201
-10.984924623115578           0.08019892567121083
-10.869346733668342           0.08019886025778873
-10.753768844221106           0.08019862921354862
-10.638190954773869           0.08019886759938706
-10.522613065326633           0.0801988532816068
-10.407035175879397           0.08019883873839856
-10.291457286432161           0.08019888742616928
-10.175879396984925           0.08019881610897181
-10.06030150753769            0.08019875426679009
-9.944723618090451            0.08019878650710573
-9.829145728643216            0.08019885100451764
-9.71356783919598             0.08019877193563996
-9.597989949748744            0.08019874796372699
-9.482412060301508            0.08019875551871196
-9.366834170854272            0.08019872911841118
-9.251256281407034            0.0801987254418762
-9.135678391959798            0.08019872350836087
-9.020100502512562            0.08019871719831645
-8.904522613065327            0.08019870165394982
-8.78894472361809             0.08019856976493889
-8.673366834170855            0.08019908333494553
-8.557788944723619            0.08019863817507392
-8.442211055276381            0.08019904674645208
-8.326633165829145            0.08019856322277596
-8.21105527638191             0.08019870168182863
-8.095477386934673            0.08019860104380208
-7.9798994974874375           0.08019861005274555
-7.864321608040202            0.0801985976398428
-7.748743718592964            0.08019858497189922
-7.633165829145728            0.08019858294414614
-7.517587939698492            0.08019856248629674
-7.402010050251256            0.08019856628788112
-7.28643216080402             0.0801985749452469
-7.170854271356784            0.08019855360067098
-7.055276381909547            0.0801984504653192
-6.939698492462311            0.0801985237025881
-6.824120603015075            0.08019852591145563
-6.708542713567839            0.08019855676726213
-6.592964824120603            0.08019848337113532
-6.477386934673367            0.0801984121226435
-6.361809045226131            0.08019847750229209
-6.246231155778894            0.08019842004098357
-6.130653266331658            0.08019847291596235
-6.015075376884422            0.08019846823454745
-5.899497487437186            0.08019846886640934
-5.78391959798995             0.08019845295529772
-5.668341708542714            0.08019844945187657
-5.5527638190954764           0.0801984222161508
-5.4371859296482405           0.0801983423066424
-5.321608040201005            0.0801984207254148
-5.206030150753769            0.08019839741370086
-5.090452261306533            0.08019838034431052
-4.974874371859297            0.0801984304588029
-4.859296482412061            0.08019846707239395
-4.743718592964823            0.08019835477322505
-4.628140703517587            0.08019836997523816
-4.5125628140703515           0.080198293198022
-4.396984924623116            0.08019825490795927
-4.28140703517588             0.08019820680409703
-4.165829145728644            0.0801981244362313
-4.050251256281406            0.0801980357087096
-3.934673366834172            0.08019785333603455
-3.8190954773869343           0.08019761858047308
-3.7035175879396967           0.08019726320700855
-3.5879396984924625           0.08019675679174025
-3.472361809045225            0.08019600896610202
-3.3567839195979907           0.08019492285984378
-3.241206030150753            0.08019330782859506
-3.125628140703519            0.08019092947750078
-3.0100502512562812           0.08018744033666383
-2.8944723618090435           0.0801822655969047
-2.7788944723618094           0.08017465588857955
-2.6633165829145717           0.08016349110893495
-2.5477386934673376           0.08014703677186104
-2.4321608040201              0.08012274678667687
-2.316582914572866            0.08008694815916573
-2.201005025125628            0.0800341911710259
-2.0854271356783904           0.07995644260241694
-1.9698492462311563           0.07984186973580217
-1.8542713567839186           0.07967308395800177
-1.7386934673366845           0.07942451739091957
-1.6231155778894468           0.07905849294913461
-1.5075376884422127           0.07851989091489568
-1.391959798994975            0.07772769837330891
-1.2763819095477373           0.07656352546412366
-1.1608040201005032           0.07485462595522044
-1.0452261306532655           0.07234971248551834
-0.9296482412060314           0.06868490417121362
-0.8140703517587937           0.06333590601679272
-0.698492462311556            0.055552017463443404
-0.5829145728643219           0.044266902196268824
-0.46733668341708423          0.027978436261106247
-0.3517587939698501           0.004591717266892328
-0.23618090452261245          -0.028784164545885317
-0.12060301507537828          -0.07609498003268839
-0.005025125628140596         -0.14266839411964613
0.11055276381909708           -0.2356256256518842
0.22613065326633117           -0.3644021046312756
0.34170854271356893           -0.541410555374559
0.457286432160803             -0.7828945926306208
0.5728643216080407            -1.110035358128084
0.6884422110552748            -1.550392445677269
0.8040201005025125            -2.139780487221447
0.9195979899497502            -2.924707422626475
1.0351758793969843            -3.9655459526993693
1.150753768844222             -5.340704566338408
1.266331658291456             -7.152226647243337
1.3819095477386938            -9.533315419390972
1.4974874371859315            -12.658121668623844
1.6130653266331656            -16.75417697440736
1.7286432160804033            -22.11840968424121
1.8442211055276374            -29.138143821943284
1.959798994974875             -38.31864564671627
2.075376884422109             -50.31911639168758
2.190954773869347             -65.99965777165654
2.3065326633165846            -86.48254984095074
2.4221105527638187            -113.23220673883611
2.5376884422110564            -148.1595067288463
2.6532663316582905            -193.75792909843398
2.768844221105528             -255.02923287857266
