-20.0                         0.5085952055350257
-19.884422110552762           0.5085959373904938
-19.768844221105528           0.508595128337351
-19.65326633165829            0.5085942512578985
-19.537688442211056           0.5085950857847541
-19.42211055276382            0.5085950956248777
-19.306532663316585           0.5085952716166948
-19.190954773869347           0.5085944597949216
-19.07537688442211            0.5085951884847567
-18.959798994974875           0.5085949855053177
-18.844221105527637           0.5085959199113731
-18.728643216080403           0.5085950255692401
-18.613065326633166           0.508594952038143
-18.49748743718593            0.5085949492532912
-18.381909547738694           0.5085964353777973
-18.266331658291456           0.5085947975803182
-18.150753768844222           0.5085948830883747
-18.035175879396984           0.5085945499685396
-17.91959798994975            0.5085948320431598
-17.804020100502512           0.5085950445856765
-17.688442211055275           0.5085950944145295
-17.57286432160804            0.5085946924660001
-17.457286432160803           0.508594572500364
-17.34170854271357            0.5085948272286309
-17.22613065326633            0.5085949962741466
-17.110552763819094           0.5085945255999574
-16.99497487437186            0.5085947782685832
-16.87939698492462            0.5085947687050821
-16.763819095477388           0.5085949106847893
-16.64824120603015            0.5085947112444045
-16.532663316582916           0.5085944890763228
-16.417085427135678           0.5085946012663
-16.301507537688444           0.508594346540917
-16.185929648241206           0.5085945828530513
-16.07035175879397            0.5085946994995323
-15.954773869346734           0.5085938688756931
-15.839195979899497           0.5085944758418649
-15.72361809045226            0.5085945026520993
-15.608040201005025           0.5085946374758471
-15.492462311557789           0.5085944201409442
-15.376884422110553           0.5085941658423849
-15.261306532663315           0.5085945173704717
-15.145728643216081           0.5085943981889716
-15.030150753768844           0.5085950080135127
-14.914572864321608           0.5085942187786003
-14.798994974874372           0.5085937362775502
-14.683417085427136           0.5085943811680192
-14.5678391959799             0.5085943473519045
-14.452261306532662           0.5085943105953098
-14.336683417085428           0.5085942546687883
-14.22110552763819            0.5085943041213143
-14.105527638190955           0.5085942298981327
-13.989949748743719           0.508593539591537
-13.874371859296481           0.5085941043778348
-13.758793969849247           0.5085948327934399
-13.64321608040201            0.5085941889291383
-13.527638190954773           0.5085938341361914
-13.412060301507537           0.5085941834824711
-13.296482412060302           0.5085943136890558
-13.180904522613066           0.5085942092947566
-13.065326633165828           0.5085937331551261
-12.949748743718594           0.5085942119554503
-12.834170854271356           0.5085937558429311
-12.71859296482412            0.5085943211190549
-12.603015075376884           0.5085936395352633
-12.487437185929648           0.5085941636774359
-12.371859296482413           0.508594083277159
-12.256281407035175           0.5085941852287783
-12.14070351758794            0.5085940213648086
-12.025125628140703           0.5085941185352222
-11.909547738693467           0.5085938888265731
-11.793969849246231           0.5085937668555349
-11.678391959798995           0.5085939834217915
-11.56281407035176            0.5085939529557248
-11.447236180904522           0.5085941715866307
-11.331658291457286           0.5085940089588835
-11.21608040201005            0.5085939432530447
-11.100502512562814           0.5085943180738006
-10.984924623115578           0.5085939895622653
-10.869346733668342           0.5085938673345661
-10.753768844221106           0.5085934055640227
-10.638190954773869           0.5085939295235195
-10.522613065326633           0.5085938235918682
-10.407035175879397           0.5085939268752933
-10.291457286432161           0.508594274834203
-10.175879396984925           0.5085938449134505
-10.06030150753769            0.5085937329034823
-9.944723618090451            0.5085938142346387
-9.829145728643216            0.5085937231630178
-9.71356783919598             0.5085940435913202
-9.597989949748744            0.5085937797207278
-9.482412060301508            0.5085937747997407
-9.366834170854272            0.5085938078632353
-9.251256281407034            0.5085937664948647
-9.135678391959798            0.5085937490829352
-9.020100502512562            0.508593856579849
-8.904522613065327            0.5085935416510938
-8.78894472361809             0.5085934209260494
-8.673366834170855            0.5085944805256407
-8.557788944723619            0.5085936993818216
-8.442211055276381            0.5085944298523803
-8.326633165829145            0.5085934351539705
-8.21105527638191             0.5085936413511545
-8.095477386934673            0.5085936649101837
-7.9798994974874375           0.5085936573466624
-7.864321608040202            0.5085936260622208
-7.748743718592964            0.5085935884132949
-7.633165829145728            0.5085936424230906
-7.517587939698492            0.5085934875951952
-7.402010050251256            0.5085937612248698
-7.28643216080402             0.5085936308982268
-7.170854271356784            0.5085935810982477
-7.055276381909547            0.5085933614199531
-6.939698492462311            0.5085935528241036
-6.824120603015075            0.5085935746307491
-6.708542713567839            0.5085935160240792
-6.592964824120603            0.5085935252624189
-6.477386934673367            0.5085934508185591
-6.361809045226131            0.5085935121884226
-6.246231155778894            0.5085934357005256
-6.130653266331658            0.50859352094376
-6.015075376884422            0.508593525017756
-5.899497487437186            0.5085935675107178
-5.78391959798995             0.5085934859350247
-5.668341708542714            0.5085934886615797
-5.5527638190954764           0.5085933878575848
-5.4371859296482405           0.5085932846516743
-5.321608040201005            0.5085934007966749
-5.206030150753769            0.5085934123473742
-5.090452261306533            0.5085934409163718
-4.974874371859297            0.5085934902399626
-4.859296482412061            0.5085936090092376
-4.743718592964823            0.5085934335708671
-4.628140703517587            0.5085934936914471
-4.5125628140703515           0.5085933757904813
-4.396984924623116            0.5085933931860486
-4.28140703517588             0.5085934061434969
-4.165829145728644            0.5085933854762373
-4.050251256281406            0.5085933605632572
-3.934673366834172            0.5085933924027684
-3.8190954773869343           0.5085933977752359
-3.7035175879396967           0.5085933580241924
-3.5879396984924625           0.50859335829326
-3.472361809045225            0.508593347390366
-3.3567839195979907           0.5085933620866533
-3.241206030150753            0.5085933234109353
-3.125628140703519            0.5085933218229146
-3.0100502512562812           0.5085933263029329
-2.8944723618090435           0.5085933121875142
-2.7788944723618094           0.50859322944386
-2.6633165829145717           0.5085932778182513
-2.5477386934673376           0.5085932981182264
-2.4321608040201              0.5085932889627354
-2.316582914572866            0.5085932778582727
-2.201005025125628            0.5085932639219498
-2.0854271356783904           0.5085932113643404
-1.9698492462311563           0.5085930812808497
-1.8542713567839186           0.5085928239073947
-1.7386934673366845           0.5085923812587748
-1.6231155778894468           0.5085913520811719
-1.5075376884422127           0.5085892885794964
-1.391959798994975            0.5085847826138679
-1.2763819095477373           0.508575232144964
-1.1608040201005032           0.5085550837941102
-1.0452261306532655           0.5085127454824011
-0.9296482412060314           0.5084244352620693
-0.8140703517587937           0.5082416747762646
-0.698492462311556            0.5078669143407308
-0.5829145728643219           0.5071085301141671
-0.46733668341708423          0.5055967190860523
-0.3517587939698501           0.5026388977837716
-0.23618090452261245          0.4969812227598352
-0.12060301507537828          0.4864441376254461
-0.005025125628140596         0.46741096013359273
0.11055276381909708           0.4341763479458713
0.22613065326633117           0.3781922748528263
0.34170854271356893           0.28725742609064137
0.457286432160803             0.14465619582927314
0.5728643216080407            -0.07182057954030908
0.6884422110552748            -0.3911127645916638
0.8040201005025125            -0.8505598441852008
0.9195979899497502            -1.4981743382995412
1.0351758793969843            -2.395698849049593
1.150753768844222             -3.622695941190308
1.266331658291456             -5.282109053938754
1.3819095477386938            -7.507845252362702
1.4974874371859315            -10.47467915701253
1.6130653266331656            -14.410723015327388
1.7286432160804033            -19.61339806810785
1.8442211055276374            -26.470408646417432
1.959798994974875             -35.48730469815991
2.075376884422109             -47.32349948734236
2.190954773869347             -62.83925451326916
2.3065326633165846            -83.15697119960994
2.4221105527638187            -109.74115669595587
2.5376884422110564            -144.50276135078033
2.6532663316582905            -189.93532094080078
2.768844221105528             -251.04157018231257
