-20.0                         1.016099257203952
-19.884422110552762           1.0161002925235467
-19.768844221105528           1.0160991257136776
-19.65326633165829            1.0160980955070997
-19.537688442211056           1.0160991791476681
-19.42211055276382            1.0160989712831952
-19.306532663316585           1.016099276151854
-19.190954773869347           1.0160977893876
-19.07537688442211            1.0160993562202594
-18.959798994974875           1.0160990172505648
-18.844221105527637           1.016100294619264
-18.728643216080403           1.0160988709278833
-18.613065326633166           1.0160991718222865
-18.49748743718593            1.0160989353765137
-18.381909547738694           1.0161012424615679
-18.266331658291456           1.0160987979555107
-18.150753768844222           1.016098874098313
-18.035175879396984           1.01609903614496
-17.91959798994975            1.0160988328208795
-17.804020100502512           1.0160993010902135
-17.688442211055275           1.0160990070239453
-17.57286432160804            1.0160985287979278
-17.457286432160803           1.0160985757634438
-17.34170854271357            1.016098739204239
-17.22613065326633            1.0160987857684192
-17.110552763819094           1.0160985313916702
-16.99497487437186            1.0160989905288196
-16.87939698492462            1.016098439934752
-16.763819095477388           1.0160992083989444
-16.64824120603015            1.0160985407749692
-16.532663316582916           1.0160986395830636
-16.417085427135678           1.0160985705354773
-16.301507537688444           1.0160979943623438
-16.185929648241206           1.016098580736171
-16.07035175879397            1.0160988460172353
-15.954773869346734           1.0160975049299796
-15.839195979899497           1.0160984902733823
-15.72361809045226            1.0160986035291377
-15.608040201005025           1.0160992762830545
-15.492462311557789           1.016098478913396
-15.376884422110553           1.016098425830574
-15.261306532663315           1.01609856879026
-15.145728643216081           1.0160984879528019
-15.030150753768844           1.0160993359381807
-14.914572864321608           1.0160982193945483
-14.798994974874372           1.0160975090843987
-14.683417085427136           1.0160984850173957
-14.5678391959799             1.0160984118880565
-14.452261306532662           1.0160983712175107
-14.336683417085428           1.0160982875984732
-14.22110552763819            1.0160987884283978
-14.105527638190955           1.0160982386235486
-13.989949748743719           1.0160973473219785
-13.874371859296481           1.0160980856898785
-13.758793969849247           1.016098786299675
-13.64321608040201            1.0160981841856402
-13.527638190954773           1.0160975073143803
-13.412060301507537           1.0160982260290272
-13.296482412060302           1.016098041554981
-13.180904522613066           1.0160983662231413
-13.065326633165828           1.0160978256295183
-12.949748743718594           1.0160982136102843
-12.834170854271356           1.0160977347987552
-12.71859296482412            1.016098402330019
-12.603015075376884           1.0160976479191532
-12.487437185929648           1.016098231644976
-12.371859296482413           1.0160979991840935
-12.256281407035175           1.016098302770909
-12.14070351758794            1.0160980764094538
-12.025125628140703           1.0160978855829501
-11.909547738693467           1.0160978958071927
-11.793969849246231           1.016097810374875
-11.678391959798995           1.0160980560480863
-11.56281407035176            1.0160979939020476
-11.447236180904522           1.0160983621763533
-11.331658291457286           1.0160980579155665
-11.21608040201005            1.016097979504676
-11.100502512562814           1.0160982909883571
-10.984924623115578           1.016098046447293
-10.869346733668342           1.0160979112415425
-10.753768844221106           1.0160972558408028
-10.638190954773869           1.0160980549020173
-10.522613065326633           1.016097822914748
-10.407035175879397           1.016098043851704
-10.291457286432161           1.0160987220506106
-10.175879396984925           1.0160978821714328
-10.06030150753769            1.0160977487925968
-9.944723618090451            1.0160978881275595
-9.829145728643216            1.0160975380544215
-9.71356783919598             1.0160983519092104
-9.597989949748744            1.016097867015897
-9.482412060301508            1.0160978320484428
-9.366834170854272            1.0160979315804144
-9.251256281407034            1.0160978373627814
-9.135678391959798            1.0160977725302325
-9.020100502512562            1.0160979569054438
-8.904522613065327            1.0160973984129267
-8.78894472361809             1.0160973195391112
-8.673366834170855            1.0160988472526578
-8.557788944723619            1.0160978019239555
-8.442211055276381            1.0160987847844742
-8.326633165829145            1.0160973476197672
-8.21105527638191             1.016097520714874
-8.095477386934673            1.0160978438146682
-7.9798994974874375           1.0160977365932142
-7.864321608040202            1.0160976927675758
-7.748743718592964            1.0160976206617496
-7.633165829145728            1.0160977426019329
-7.517587939698492            1.0160974790475463
-7.402010050251256            1.016097990200739
-7.28643216080402             1.0160977015419648
-7.170854271356784            1.0160976332552982
-7.055276381909547            1.0160973673964542
-6.939698492462311            1.0160976234149743
-6.824120603015075            1.016097642784544
-6.708542713567839            1.0160974851020348
-6.592964824120603            1.0160976142007878
-6.477386934673367            1.016097591994917
-6.361809045226131            1.0160976042333911
-6.246231155778894            1.0160974943651966
-6.130653266331658            1.0160975799409957
-6.015075376884422            1.0160975818416607
-5.899497487437186            1.0160976425870558
-5.78391959798995             1.016097528700914
-5.668341708542714            1.016097551219583
-5.5527638190954764           1.0160973978903571
-5.4371859296482405           1.0160972658988905
-5.321608040201005            1.0160973907942035
-5.206030150753769            1.0160974711970543
-5.090452261306533            1.016097568960431
-4.974874371859297            1.0160974884524727
-4.859296482412061            1.0160976911081
-4.743718592964823            1.0160974911635434
-4.628140703517587            1.0160975917511752
-4.5125628140703515           1.0160974344762717
-4.396984924623116            1.0160974475921405
-4.28140703517588             1.0160974709230755
-4.165829145728644            1.016097449052187
-4.050251256281406            1.0160973520441323
-3.934673366834172            1.016097470351111
-3.8190954773869343           1.0160974870110369
-3.7035175879396967           1.0160974256475583
-3.5879396984924625           1.016097440726015
-3.472361809045225            1.0160974266931686
-3.3567839195979907           1.0160974461607906
-3.241206030150753            1.0160973959575987
-3.125628140703519            1.0160973840678378
-3.0100502512562812           1.0160973874276624
-2.8944723618090435           1.0160974237372893
-2.7788944723618094           1.0160972674332942
-2.6633165829145717           1.0160973708414707
-2.5477386934673376           1.0160973711915342
-2.4321608040201              1.0160973651757643
-2.316582914572866            1.0160973689344708
-2.201005025125628            1.0160973827104154
-2.0854271356783904           1.016097370593779
-1.9698492462311563           1.0160973310018078
-1.8542713567839186           1.0160972719554313
-1.7386934673366845           1.0160972953768177
-1.6231155778894468           1.016097246881594
-1.5075376884422127           1.0160973091748497
-1.391959798994975            1.0160972452876533
-1.2763819095477373           1.0160971503559073
-1.1608040201005032           1.0160968534685089
-1.0452261306532655           1.0160959780047838
-0.9296482412060314           1.0160935695403934
-0.8140703517587937           1.0160870455703117
-0.698492462311556            1.0160688272950515
-0.5829145728643219           1.016020079310396
-0.46733668341708423          1.0158908877274497
-0.3517587939698501           1.0155557015570964
-0.23618090452261245          1.014708975534914
-0.12060301507537828          1.0126406281404325
-0.005025125628140596         1.0077943521559496
0.11055276381909708           0.9969955598338369
0.22613065326633117           0.9742934356910296
0.34170854271356893           0.9295231495405505
0.457286432160803             0.8468678740848565
0.5728643216080407            0.703675476180031
0.6884422110552748            0.4694840378590714
0.8040201005025125            0.10487654874463546
0.9195979899497502            -0.44029737248173717
1.0351758793969843            -1.2296650704279322
1.150753768844222             -2.3442780914500996
1.266331658291456             -3.888146916082892
1.3819095477386938            -5.995917163550197
1.4974874371859315            -8.842937268734415
1.6130653266331656            -12.657808806776167
1.7286432160804033            -17.738340636579153
1.8442211055276374            -24.472514248912386
1.959798994974875             -33.36607100590414
2.075376884422109             -45.07855793428279
2.190954773869347             -60.4703318740896
2.3065326633165846            -80.66386332976435
2.4221105527638187            -107.12371014917692
2.5376884422110564            -141.76086026007192
2.6532663316582905            -187.0688775114281
2.768844221105528             -248.05121842351858
