-20.0                         0.2928386550122582
-19.884422110552762           0.29283922198700074
-19.768844221105528           0.2928385992465738
-19.65326633165829            0.2928378863832085
-19.537688442211056           0.2928385671550062
-19.42211055276382            0.292838637321126
-19.306532663316585           0.2928386701090784
-19.190954773869347           0.29283833663845216
-19.07537688442211            0.2928385883610832
-18.959798994974875           0.292838479963355
-18.844221105527637           0.2928390176005169
-18.728643216080403           0.2928385067960659
-18.613065326633166           0.2928383701262774
-18.49748743718593            0.29283842201167803
-18.381909547738694           0.29283935847624354
-18.266331658291456           0.292838301584728
-18.150753768844222           0.2928383813818649
-18.035175879396984           0.29283792612922893
-17.91959798994975            0.2928383033572021
-17.804020100502512           0.29283839523774796
-17.688442211055275           0.29283848057981127
-17.57286432160804            0.29283827909979543
-17.457286432160803           0.2928380837065867
-17.34170854271357            0.29283828467253165
-17.22613065326633            0.2928384372456442
-17.110552763819094           0.29283805356706843
-16.99497487437186            0.29283818367936254
-16.87939698492462            0.2928383056011265
-16.763819095477388           0.29283825730188495
-16.64824120603015            0.29283821273836225
-16.532663316582916           0.2928380228025111
-16.417085427135678           0.29283811597808995
-16.301507537688444           0.29283802872526304
-16.185929648241206           0.29283805728514534
-16.07035175879397            0.2928381183574853
-15.954773869346734           0.2928375912767489
-15.839195979899497           0.2928379700193042
-15.72361809045226            0.29283797601740097
-15.608040201005025           0.29283790224026696
-15.492462311557789           0.29283789576133645
-15.376884422110553           0.2928376850367597
-15.261306532663315           0.2928379662545366
-15.145728643216081           0.29283786697378555
-15.030150753768844           0.29283821662297876
-14.914572864321608           0.2928377296480056
-14.798994974874372           0.2928374418652335
-14.683417085427136           0.29283783255940055
-14.5678391959799             0.29283784139303776
-14.452261306532662           0.2928378081906603
-14.336683417085428           0.29283774140491714
-14.22110552763819            0.2928376577773683
-14.105527638190955           0.2928377410774926
-13.989949748743719           0.29283718016261345
-13.874371859296481           0.29283762313299905
-13.758793969849247           0.292838272497446
-13.64321608040201            0.29283769467989107
-13.527638190954773           0.29283753560366554
-13.412060301507537           0.2928376720495735
-13.296482412060302           0.29283787020092555
-13.180904522613066           0.29283765072294593
-13.065326633165828           0.29283726818557027
-12.949748743718594           0.29283768623141854
-12.834170854271356           0.29283729126034397
-12.71859296482412            0.2928377518992888
-12.603015075376884           0.2928372137445571
-12.487437185929648           0.2928376089596364
-12.371859296482413           0.29283758572375124
-12.256281407035175           0.2928376148846216
-12.14070351758794            0.2928374971834532
-12.025125628140703           0.2928376733474118
-11.909547738693467           0.29283739335753245
-11.793969849246231           0.2928373300873306
-11.678391959798995           0.2928374591442845
-11.56281407035176            0.29283743711903804
-11.447236180904522           0.29283756971852837
-11.331658291457286           0.2928374718299224
-11.21608040201005            0.292837423414802
-11.100502512562814           0.29283777747869955
-10.984924623115578           0.29283744579667126
-10.869346733668342           0.2928373496954733
-10.753768844221106           0.2928370094434148
-10.638190954773869           0.29283737867901927
-10.522613065326633           0.2928373296955592
-10.407035175879397           0.2928373582483726
-10.291457286432161           0.2928375335348091
-10.175879396984925           0.292837318272368
-10.06030150753769            0.29283723041005255
-9.944723618090451            0.29283728543480303
-9.829145728643216            0.2928373036746525
-9.71356783919598             0.29283736410534694
-9.597989949748744            0.29283724653838217
-9.482412060301508            0.29283725243626524
-9.366834170854272            0.29283724592920224
-9.251256281407034            0.29283723081446433
-9.135678391959798            0.29283722753623886
-9.020100502512562            0.2928372648504711
-8.904522613065327            0.29283712756357677
-8.78894472361809             0.29283698837091404
-8.673366834170855            0.29283775766119163
-8.557788944723619            0.29283714981694003
-8.442211055276381            0.2928377143922654
-8.326633165829145            0.2928369924197119
-8.21105527638191             0.2928371819195958
-8.095477386934673            0.29283710310963224
-7.9798994974874375           0.2928371161710147
-7.864321608040202            0.29283709640489003
-7.748743718592964            0.29283707378921836
-7.633165829145728            0.2928370943876879
-7.517587939698492            0.2928370191215155
-7.402010050251256            0.29283712945913254
-7.28643216080402             0.29283708853871043
-7.170854271356784            0.2928370544122833
-7.055276381909547            0.29283688966141486
-6.939698492462311            0.29283702277474477
-6.824120603015075            0.29283703560809377
-6.708542713567839            0.292837030997903
-6.592964824120603            0.29283698596609603
-6.477386934673367            0.29283690438291865
-6.361809045226131            0.2928369764316135
-6.246231155778894            0.292836911303798
-6.130653266331658            0.2928369826812606
-6.015075376884422            0.2928369811598574
-5.899497487437186            0.29283700129825213
-5.78391959798995             0.29283695827000006
-5.668341708542714            0.2928369558910894
-5.5527638190954764           0.2928368980272057
-5.4371859296482405           0.2928368034121481
-5.321608040201005            0.2928369084847822
-5.206030150753769            0.29283689566023596
-5.090452261306533            0.2928368928009412
-4.974874371859297            0.2928369644631847
-4.859296482412061            0.29283703933093563
-4.743718592964823            0.2928368959300211
-4.628140703517587            0.292836939492385
-4.5125628140703515           0.29283685652407104
-4.396984924623116            0.29283686144589377
-4.28140703517588             0.292836867368214
-4.165829145728644            0.29283685244868424
-4.050251256281406            0.29283685767842677
-3.934673366834172            0.292836849558166
-3.8190954773869343           0.2928368491063784
-3.7035175879396967           0.29283682230640173
-3.5879396984924625           0.2928368172550138
-3.472361809045225            0.292836805404737
-3.3567839195979907           0.2928368100089819
-3.241206030150753            0.2928367826522508
-3.125628140703519            0.2928367644566163
-3.0100502512562812           0.2928367465352657
-2.8944723618090435           0.29283668079934183
-2.7788944723618094           0.29283656534497854
-2.6633165829145717           0.2928364713921127
-2.5477386934673376           0.2928362809453923
-2.4321608040201              0.29283588819255363
-2.316582914572866            0.29283518820590343
-2.201005025125628            0.29283393924864276
-2.0854271356783904           0.29283169274678517
-1.9698492462311563           0.29282765391458443
-1.8542713567839186           0.2928204411389513
-1.7386934673366845           0.29280762674832644
-1.6231155778894468           0.292784721920955
-1.5075376884422127           0.2927440918964375
-1.391959798994975            0.2926719753668927
-1.2763819095477373           0.2925445027675568
-1.1608040201005032           0.2923201460859953
-1.0452261306532655           0.2919271724341521
-0.9296482412060314           0.29124303722924866
-0.8140703517587937           0.29006060529707156
-0.698492462311556            0.28803453362952625
-0.5829145728643219           0.2845992030876413
-0.46733668341708423          0.2788450861884869
-0.3517587939698501           0.2693428873265364
-0.23618090452261245          0.25390208402933934
-0.12060301507537828          0.22925544849636875
-0.005025125628140596         0.19066435050930308
0.11055276381909708           0.13144176342583097
0.22613065326633117           0.042384107299305904
0.34170854271356893           -0.08891029001122468
0.457286432160803             -0.27888191076781704
0.5728643216080407            -0.5490795737332023
0.6884422110552748            -0.9275519625806076
0.8040201005025125            -1.450673854066844
0.9195979899497502            -2.165538929513118
1.0351758793969843            -3.1330898306008823
1.150753768844222             -4.4322482399260545
1.266331658291456             -6.165486362764612
1.3819095477386938            -8.466368580616148
1.4974874371859315            -11.509383976096093
1.6130653266331656            -15.522388387437001
1.7286432160804033            -20.802592955203195
1.8442211055276374            -27.73754720735152
1.959798994974875             -36.83269119605982
2.075376884422109             -48.74735963057105
2.190954773869347             -64.34175702255286
2.3065326633165846            -84.73824293712836
2.4221105527638187            -111.40129347865975
2.5376884422110564            -146.24183579610576
2.6532663316582905            -191.75338822693564
2.768844221105528             -252.93822847376984
