-20.0                         0.2493637952663514
-19.884422110552762           0.24936405212706705
-19.768844221105528           0.24936375573990358
-19.65326633165829            0.2493633755926567
-19.537688442211056           0.24936372905715004
-19.42211055276382            0.24936377250012245
-19.306532663316585           0.24936371555296402
-19.190954773869347           0.24936379279177642
-19.07537688442211            0.24936365686314518
-18.959798994974875           0.2493636421664106
-18.844221105527637           0.24936365489752968
-18.728643216080403           0.2493636040881339
-18.613065326633166           0.24936351940112175
-18.49748743718593            0.24936356477879806
-18.381909547738694           0.24936371857668546
-18.266331658291456           0.24936349631214072
-18.150753768844222           0.24936352524145358
-18.035175879396984           0.24936323035862235
-17.91959798994975            0.24936345472162222
-17.804020100502512           0.24936343949207737
-17.688442211055275           0.24936344377070221
-17.57286432160804            0.24936344310757516
-17.457286432160803           0.2493633083894233
-17.34170854271357            0.24936337501237
-17.22613065326633            0.24936339862577858
-17.110552763819094           0.24936330609671403
-16.99497487437186            0.24936331143051918
-16.87939698492462            0.2493633471323422
-16.763819095477388           0.24936327983296197
-16.64824120603015            0.24936329168463708
-16.532663316582916           0.2493632560214589
-16.417085427135678           0.24936328594470283
-16.301507537688444           0.24936326506599862
-16.185929648241206           0.2493631915501064
-16.07035175879397            0.24936321123078609
-15.954773869346734           0.24936309193983727
-15.839195979899497           0.24936314486056285
-15.72361809045226            0.2493631291437252
-15.608040201005025           0.2493630354355758
-15.492462311557789           0.24936305988693167
-15.376884422110553           0.24936303180721217
-15.261306532663315           0.24936307337658647
-15.145728643216081           0.24936303251693406
-15.030150753768844           0.24936304218517075
-14.914572864321608           0.24936294865137437
-14.798994974874372           0.24936294717445961
-14.683417085427136           0.24936297135592003
-14.5678391959799             0.24936298619707228
-14.452261306532662           0.2493629633272946
-14.336683417085428           0.24936291305206712
-14.22110552763819            0.24936285867548189
-14.105527638190955           0.24936291737592306
-13.989949748743719           0.24936263312692358
-13.874371859296481           0.24936284244472304
-13.758793969849247           0.24936314204369053
-13.64321608040201            0.24936285618124568
-13.527638190954773           0.2493628882184591
-13.412060301507537           0.24936282607872517
-13.296482412060302           0.24936291223861243
-13.180904522613066           0.24936278885283175
-13.065326633165828           0.249362640004916
-12.949748743718594           0.24936278705488635
-12.834170854271356           0.24936257840453313
-12.71859296482412            0.24936279327291952
-12.603015075376884           0.2493626099129652
-12.487437185929648           0.24936271412190078
-12.371859296482413           0.249362705168698
-12.256281407035175           0.24936271038924568
-12.14070351758794            0.24936265094276208
-12.025125628140703           0.24936274491065802
-11.909547738693467           0.24936259566034039
-11.793969849246231           0.2493626158340389
-11.678391959798995           0.24936261299358584
-11.56281407035176            0.2493626007802828
-11.447236180904522           0.24936261722355632
-11.331658291457286           0.24936258630458644
-11.21608040201005            0.2493625678266331
-11.100502512562814           0.24936274498151828
-10.984924623115578           0.24936255104669294
-10.869346733668342           0.24936251199492346
-10.753768844221106           0.24936237453122725
-10.638190954773869           0.249362503909316
-10.522613065326633           0.24936250204396748
-10.407035175879397           0.24936247725381097
-10.291457286432161           0.24936245867097112
-10.175879396984925           0.24936245567145954
-10.06030150753769            0.24936241710454152
-9.944723618090451            0.249362429683649
-9.829145728643216            0.24936247884917442
-9.71356783919598             0.24936239023138182
-9.597989949748744            0.24936239320066028
-9.482412060301508            0.24936239434712948
-9.366834170854272            0.2493623695894439
-9.251256281407034            0.2493623642074614
-9.135678391959798            0.24936235861449943
-9.020100502512562            0.24936234202095653
-8.904522613065327            0.24936236322947355
-8.78894472361809             0.24936227466787278
-8.673366834170855            0.24936257480292684
-8.557788944723619            0.24936227705258096
-8.442211055276381            0.24936254363794935
-8.326633165829145            0.24936225601738732
-8.21105527638191             0.24936231913567597
-8.095477386934673            0.24936225058853587
-7.9798994974874375           0.24936224764986825
-7.864321608040202            0.2493622372622573
-7.748743718592964            0.24936222980843922
-7.633165829145728            0.24936221443340537
-7.517587939698492            0.24936221062566988
-7.402010050251256            0.24936218125962498
-7.28643216080402             0.24936219179701638
-7.170854271356784            0.24936217382024242
-7.055276381909547            0.24936211914738945
-6.939698492462311            0.24936213539600416
-6.824120603015075            0.24936212010872438
-6.708542713567839            0.24936214667981113
-6.592964824120603            0.24936205750955598
-6.477386934673367            0.2493619864413123
-6.361809045226131            0.24936199786260813
-6.246231155778894            0.24936190993906243
-6.130653266331658            0.24936189180812587
-6.015075376884422            0.2493618173461332
-5.899497487437186            0.24936171811803307
-5.78391959798995             0.24936159028447835
-5.668341708542714            0.24936142804500383
-5.5527638190954764           0.24936120508261994
-5.4371859296482405           0.2493608778296262
-5.321608040201005            0.2493605561616727
-5.206030150753769            0.2493600582301103
-5.090452261306533            0.24935941341789167
-4.974874371859297            0.2493586021187074
-4.859296482412061            0.24935752356582427
-4.743718592964823            0.2493560151609891
-4.628140703517587            0.24935412179673902
-4.5125628140703515           0.24935156669060912
-4.396984924623116            0.24934823760572275
-4.28140703517588             0.24934385726379302
-4.165829145728644            0.24933807889000284
-4.050251256281406            0.24933048608795053
-3.934673366834172            0.24932044083286972
-3.8190954773869343           0.2493072268833263
-3.7035175879396967           0.2492898136534074
-3.5879396984924625           0.24926687509018577
-3.472361809045225            0.2492366517549035
-3.3567839195979907           0.24919684430270297
-3.241206030150753            0.24914440210209057
-3.125628140703519            0.24907532802705087
-3.0100502512562812           0.24898437909003146
-2.8944723618090435           0.24886461219677447
-2.7788944723618094           0.24870697308327744
-2.6633165829145717           0.24849954745310285
-2.5477386934673376           0.2482266565056738
-2.4321608040201              0.24786773316795102
-2.316582914572866            0.24739586363454621
-2.201005025125628            0.24677577318231186
-2.0854271356783904           0.2459612982895486
-1.9698492462311563           0.2448920838346127
-1.8542713567839186           0.24348932282786495
-1.7386934673366845           0.24165020087943268
-1.6231155778894468           0.23924070308902465
-1.5075376884422127           0.2360864890594878
-1.391959798994975            0.2319607506254665
-1.2763819095477373           0.22656894410515785
-1.1608040201005032           0.21952877596721004
-1.0452261306532655           0.2103443186249039
-0.9296482412060314           0.19837247356871776
-0.8140703517587937           0.18277915716571236
-0.698492462311556            0.1624819312643593
-0.5829145728643219           0.13607501757844723
-0.46733668341708423          0.10172975559496822
-0.3517587939698501           0.057063588798383975
-0.23618090452261245          -0.0010336899722631933
-0.12060301507537828          -0.07662984790806827
-0.005025125628140596         -0.17505405186426917
0.11055276381909708           -0.30329666351628043
0.22613065326633117           -0.47053346879534325
0.34170854271356893           -0.6888089723882317
0.457286432160803             -0.9739240961619101
0.5728643216080407            -1.3465845981470417
0.6884422110552748            -1.8338836197966821
0.8040201005025125            -2.4712126447605116
0.9195979899497502            -3.304723335433273
1.0351758793969843            -4.394512617666289
1.150753768844222             -5.818800272070902
1.266331658291456             -7.679522383937704
1.3819095477386938            -10.109827695430624
1.4974874371859315            -13.283828828568504
1.6130653266331656            -17.429023220022472
1.7286432160804033            -22.84231704504199
1.8442211055276374            -29.91102769552623
1.959798994974875             -39.14042553987328
2.075376884422109             -51.18972106226934
2.190954773869347             -66.91902695958245
2.3065326633165846            -87.4506343776367
2.4221105527638187            -114.24896810804508
2.5376884422110564            -149.22491662400185
2.6532663316582905            -194.87196899712228
2.768844221105528             -256.19162043356886
