-20.0                         0.19924647707274476
-19.884422110552762           0.1992468676833064
-19.768844221105528           0.1992464326617175
-19.65326633165829            0.19924590680731452
-19.537688442211056           0.1992464088573088
-19.42211055276382            0.19924648140909773
-19.306532663316585           0.19924642977724386
-19.190954773869347           0.19924642552591648
-19.07537688442211            0.19924636487904282
-18.959798994974875           0.19924632583174604
-18.844221105527637           0.1992464969016722
-18.728643216080403           0.19924630656788425
-18.613065326633166           0.19924618884983386
-18.49748743718593            0.19924624974820368
-18.381909547738694           0.19924668174748664
-18.266331658291456           0.19924616223986658
-18.150753768844222           0.1992462186985586
-18.035175879396984           0.19924580432678154
-17.91959798994975            0.1992461347450159
-17.804020100502512           0.19924614731717505
-17.688442211055275           0.1992461877557882
-17.57286432160804            0.19924614335249205
-17.457286432160803           0.19924595876990414
-17.34170854271357            0.1992460768252836
-17.22613065326633            0.1992461556485718
-17.110552763819094           0.19924594975220475
-16.99497487437186            0.19924599480318606
-16.87939698492462            0.19924608768688684
-16.763819095477388           0.19924599986852823
-16.64824120603015            0.1992460088145231
-16.532663316582916           0.19924592045036296
-16.417085427135678           0.19924597148410522
-16.301507537688444           0.19924595354349572
-16.185929648241206           0.19924587954386752
-16.07035175879397            0.19924591398736566
-15.954773869346734           0.19924564700449232
-15.839195979899497           0.1992458198456245
-15.72361809045226            0.1992458121601632
-15.608040201005025           0.19924568437755896
-15.492462311557789           0.19924573526561878
-15.376884422110553           0.1992456372489196
-15.261306532663315           0.1992457711433968
-15.145728643216081           0.19924570706883124
-15.030150753768844           0.19924581974219732
-14.914572864321608           0.19924560235076696
-14.798994974874372           0.19924550578617864
-14.683417085427136           0.1992456549401934
-14.5678391959799             0.1992456791970227
-14.452261306532662           0.1992456512021675
-14.336683417085428           0.1992455871750231
-14.22110552763819            0.19924549490353693
-14.105527638190955           0.19924559804959244
-13.989949748743719           0.19924518795318893
-13.874371859296481           0.19924549872781774
-13.758793969849247           0.19924597352390766
-13.64321608040201            0.19924554150226836
-13.527638190954773           0.1992455283233542
-13.412060301507537           0.19924551211431746
-13.296482412060302           0.19924566962275994
-13.180904522613066           0.19924547368122916
-13.065326633165828           0.19924522023426783
-12.949748743718594           0.19924549518469317
-12.834170854271356           0.19924519904407517
-12.71859296482412            0.19924552436239526
-12.603015075376884           0.19924518830693497
-12.487437185929648           0.19924541277941116
-12.371859296482413           0.19924540594499562
-12.256281407035175           0.19924541386462608
-12.14070351758794            0.19924533243996284
-12.025125628140703           0.1992454876464995
-11.909547738693467           0.19924525740691706
-11.793969849246231           0.199245258183782
-11.678391959798995           0.1992452959686416
-11.56281407035176            0.19924528021825694
-11.447236180904522           0.19924533813182094
-11.331658291457286           0.1992452850591534
-11.21608040201005            0.19924525608987195
-11.100502512562814           0.1992455276208258
-10.984924623115578           0.19924525280692698
-10.869346733668342           0.19924519066014817
-10.753768844221106           0.19924497065554567
-10.638190954773869           0.19924519616650416
-10.522613065326633           0.1992451832962865
-10.407035175879397           0.19924516788470706
-10.291457286432161           0.19924520802831006
-10.175879396984925           0.1992451450332406
-10.06030150753769            0.19924508604235266
-9.944723618090451            0.19924511592034685
-9.829145728643216            0.19924517751785462
-9.71356783919598             0.19924509931673914
-9.597989949748744            0.19924507767618205
-9.482412060301508            0.1992450842778333
-9.366834170854272            0.19924505850179736
-9.251256281407034            0.19924505430568257
-9.135678391959798            0.199245051826123
-9.020100502512562            0.1992450448661023
-8.904522613065327            0.19924503291857862
-8.78894472361809             0.19924490704289619
-8.673366834170855            0.19924539601319444
-8.557788944723619            0.1992449668787528
-8.442211055276381            0.19924536006450527
-8.326633165829145            0.1992448992574815
-8.21105527638191             0.19924502723894155
-8.095477386934673            0.19924493180747005
-7.9798994974874375           0.199244939143793
-7.864321608040202            0.19924492703516844
-7.748743718592964            0.1992449152909015
-7.633165829145728            0.19924491168296948
-7.517587939698492            0.19924489305354562
-7.402010050251256            0.19924489420733293
-7.28643216080402             0.19924490279159857
-7.170854271356784            0.19924488236425633
-7.055276381909547            0.19924478637280055
-6.939698492462311            0.19924485314648127
-6.824120603015075            0.19924485441387202
-6.708542713567839            0.1992448868417753
-6.592964824120603            0.1992448132642808
-6.477386934673367            0.1992447450579811
-6.361809045226131            0.1992448074206861
-6.246231155778894            0.1992447506887439
-6.130653266331658            0.1992448017015059
-6.015075376884422            0.19924479713683746
-5.899497487437186            0.19924479693331143
-5.78391959798995             0.1992447818354707
-5.668341708542714            0.1992447785855828
-5.5527638190954764           0.19924475292725422
-5.4371859296482405           0.19924467711474364
-5.321608040201005            0.1992447511489808
-5.206030150753769            0.1992447292577551
-5.090452261306533            0.1992447138545805
-4.974874371859297            0.1992447610439421
-4.859296482412061            0.1992447973929933
-4.743718592964823            0.1992446937781809
-4.628140703517587            0.19924471202324995
-4.5125628140703515           0.199244643358054
-4.396984924623116            0.19924461346581512
-4.28140703517588             0.19924457694789105
-4.165829145728644            0.19924451136592988
-4.050251256281406            0.19924444461254165
-3.934673366834172            0.1992442945444641
-3.8190954773869343           0.19924410271081017
-3.7035175879396967           0.19924380677688328
-3.5879396984924625           0.19924337921873872
-3.472361809045225            0.1992427364823116
-3.3567839195979907           0.199241787701172
-3.241206030150753            0.19924035084136513
-3.125628140703519            0.19923819746475535
-3.0100502512562812           0.19923498419895522
-2.8944723618090435           0.19923013543733895
-2.7788944723618094           0.19922288491162754
-2.6633165829145717           0.19921206978919223
-2.5477386934673376           0.19919587009538262
-2.4321608040201              0.19917157856664033
-2.316582914572866            0.19913523030210908
-2.201005025125628            0.19908087829808757
-2.0854271356783904           0.19899966572751673
-1.9698492462311563           0.19887842986036497
-1.8542713567839186           0.19869768013421094
-1.7386934673366845           0.19842859514435168
-1.6231155778894468           0.19802857606886232
-1.5075376884422127           0.19743518809159272
-1.391959798994975            0.19655681496372107
-1.2763819095477373           0.1952600532206388
-1.1608040201005032           0.19335149326617312
-1.0452261306532655           0.19055233234747143
-0.9296482412060314           0.18646345715284196
-0.8140703517587937           0.18051760708302259
-0.698492462311556            0.17191486898061115
-0.5829145728643219           0.159537188918489
-0.46733668341708423          0.14183487431875275
-0.3517587939698501           0.11667926621636576
-0.23618090452261245          0.08117147089115505
-0.12060301507537828          0.03139581590311611
-0.005025125628140596         -0.03789753784250706
0.11055276381909708           -0.13370073540153787
0.22613065326633117           -0.26527416997381364
0.34170854271356893           -0.4448243438615776
0.457286432160803             -0.6883796489874929
0.5728643216080407            -1.0169221275403093
0.6884422110552748            -1.45785096416634
0.8040201005025125            -2.0468743992182046
0.9195979899497502            -2.8304535997133646
1.0351758793969843            -3.8689699783411866
1.150753768844222             -5.240884345187954
1.266331658291456             -7.048320561336336
1.3819095477386938            -9.42457760107944
1.4974874371859315            -12.543909441619643
1.6130653266331656            -16.633951505739706
1.7286432160804033            -21.99172923030728
1.8442211055276374            -29.004651981319746
1.959798994974875             -38.178058130611085
2.075376884422109             -50.17120840789835
2.190954773869347             -65.84425291151543
2.3065326633165846            -86.31951081096058
2.4221105527638187            -113.0614280031344
2.5376884422110564            -147.98090892007716
2.6532663316582905            -193.57145473926673
2.768844221105528             -254.83488676522714
