-20.0                         0.25574716431819305
-19.884422110552762           0.2557474142860915
-19.768844221105528           0.255747124988738
-19.65326633165829            0.2557467526301637
-19.537688442211056           0.2557470980083633
-19.42211055276382            0.2557471395374241
-19.306532663316585           0.25574708327149864
-19.190954773869347           0.25574716120616114
-19.07537688442211            0.25574702483512063
-18.959798994974875           0.25574701079128276
-18.844221105527637           0.25574701847589404
-18.728643216080403           0.25574697224936693
-18.613065326633166           0.25574688939903967
-18.49748743718593            0.25574693353189004
-18.381909547738694           0.2557470759670494
-18.266331658291456           0.25574686595750357
-18.150753768844222           0.2557468933406529
-18.035175879396984           0.2557466060103386
-17.91959798994975            0.2557468237833683
-17.804020100502512           0.2557468077534654
-17.688442211055275           0.25574681058843657
-17.57286432160804            0.25574681068181376
-17.457286432160803           0.2557466789771839
-17.34170854271357            0.25574674328573194
-17.22613065326633            0.25574676456289563
-17.110552763819094           0.2557466766089388
-16.99497487437186            0.2557466803683916
-16.87939698492462            0.2557467133763544
-16.763819095477388           0.2557466474841263
-16.64824120603015            0.25574665904537086
-16.532663316582916           0.2557466251436381
-16.417085427135678           0.25574665415763304
-16.301507537688444           0.25574663260016794
-16.185929648241206           0.25574656028179676
-16.07035175879397            0.25574657914825444
-15.954773869346734           0.2557464662281593
-15.839195979899497           0.2557465140014725
-15.72361809045226            0.25574649793975035
-15.608040201005025           0.2557464067823004
-15.492462311557789           0.2557464292214372
-15.376884422110553           0.25574640372721064
-15.261306532663315           0.25574644164186877
-15.145728643216081           0.2557464018144045
-15.030150753768844           0.25574640813532373
-14.914572864321608           0.2557463190246895
-14.798994974874372           0.2557463207704105
-14.683417085427136           0.25574634032175986
-14.5678391959799             0.25574635437044746
-14.452261306532662           0.2557463317751123
-14.336683417085428           0.2557462823657087
-14.22110552763819            0.25574623012902276
-14.105527638190955           0.2557462860434028
-13.989949748743719           0.25574600855638574
-13.874371859296481           0.25574621254016244
-13.758793969849247           0.2557465025749906
-13.64321608040201            0.2557462247320254
-13.527638190954773           0.25574625749629953
-13.412060301507537           0.2557461946358824
-13.296482412060302           0.2557462769058722
-13.180904522613066           0.25574615762767106
-13.065326633165828           0.2557460140064183
-12.949748743718594           0.25574615464648404
-12.834170854271356           0.2557459506723611
-12.71859296482412            0.2557461597443348
-12.603015075376884           0.25574598364944306
-12.487437185929648           0.25574608234176877
-12.371859296482413           0.25574607318389087
-12.256281407035175           0.25574607824253937
-12.14070351758794            0.2557460198910203
-12.025125628140703           0.2557461102770461
-11.909547738693467           0.2557459655714765
-11.793969849246231           0.25574598590777836
-11.678391959798995           0.25574598177148833
-11.56281407035176            0.2557459696875871
-11.447236180904522           0.2557459843867623
-11.331658291457286           0.25574595441272474
-11.21608040201005            0.255745936331551
-11.100502512562814           0.25574610813259285
-10.984924623115578           0.2557459190435443
-10.869346733668342           0.25574588104355206
-10.753768844221106           0.2557457476272021
-10.638190954773869           0.2557458723299144
-10.522613065326633           0.25574587066987686
-10.407035175879397           0.25574584582237236
-10.291457286432161           0.25574582534174123
-10.175879396984925           0.2557458241889825
-10.06030150753769            0.25574578660186464
-9.944723618090451            0.2557457983332166
-9.829145728643216            0.2557458460974462
-9.71356783919598             0.2557457586058901
-9.597989949748744            0.2557457619237362
-9.482412060301508            0.25574576269542165
-9.366834170854272            0.2557457382217667
-9.251256281407034            0.25574573263240014
-9.135678391959798            0.25574572684539143
-9.020100502512562            0.2557457101234827
-8.904522613065327            0.25574573169556986
-8.78894472361809             0.2557456455159278
-8.673366834170855            0.255745936370422
-8.557788944723619            0.25574564531802446
-8.442211055276381            0.2557459052400023
-8.326633165829145            0.2557456258365755
-8.21105527638191             0.25574568537455206
-8.095477386934673            0.25574561839936394
-7.9798994974874375           0.25574561465339785
-7.864321608040202            0.25574560387598055
-7.748743718592964            0.2557455960218769
-7.633165829145728            0.2557455795390234
-7.517587939698492            0.2557455750557171
-7.402010050251256            0.2557455440082412
-7.28643216080402             0.2557455525736965
-7.170854271356784            0.25574553270527184
-7.055276381909547            0.2557454773371613
-6.939698492462311            0.25574548811377806
-6.824120603015075            0.25574546791515945
-6.708542713567839            0.2557454882833727
-6.592964824120603            0.25574539203453756
-6.477386934673367            0.25574531213594154
-6.361809045226131            0.2557453093400043
-6.246231155778894            0.2557452053656829
-6.130653266331658            0.25574516492363486
-6.015075376884422            0.25574506283042936
-5.899497487437186            0.2557449278581301
-5.78391959798995             0.2557447544325641
-5.668341708542714            0.2557445333041622
-5.5527638190954764           0.25574423504486776
-5.4371859296482405           0.2557438119468664
-5.321608040201005            0.2557433636007278
-5.206030150753769            0.255742705517664
-5.090452261306533            0.25574185501394714
-4.974874371859297            0.2557407783403684
-4.859296482412061            0.2557393604145952
-4.743718592964823            0.2557374203661455
-4.628140703517587            0.2557349714127103
-4.5125628140703515           0.25573170705739295
-4.396984924623116            0.2557274702919054
-4.28140703517588             0.255721930422426
-4.165829145728644            0.2557146723761655
-4.050251256281406            0.25570519220376353
-3.934673366834172            0.25569274339653775
-3.8190954773869343           0.25567646989546583
-3.7035175879396967           0.2556551671881834
-3.5879396984924625           0.2556272890772892
-3.472361809045225            0.25559080074707285
-3.3567839195979907           0.25554305733412325
-3.241206030150753            0.25548057737323715
-3.125628140703519            0.25539882620745313
-3.0100502512562812           0.2552918932131549
-2.8944723618090435           0.2551520096212931
-2.7788944723618094           0.25496910111508114
-2.6633165829145717           0.25473000040083593
-2.5477386934673376           0.2544174969567062
-2.4321608040201              0.254009159899425
-2.316582914572866            0.2534758182805915
-2.201005025125628            0.2527794829949467
-2.0854271356783904           0.2518707483530339
-1.9698492462311563           0.25068541658141924
-1.8542713567839186           0.24914016520509885
-1.7386934673366845           0.24712692503879816
-1.6231155778894468           0.24450563503310455
-1.5075376884422127           0.24109507694574
-1.391959798994975            0.2366607321394607
-1.2763819095477373           0.23089954031712642
-1.1608040201005032           0.2234199645508015
-1.0452261306532655           0.21371624219834623
-0.9296482412060314           0.20113504190565618
-0.8140703517587937           0.1848319091027988
-0.698492462311556            0.1637142139355475
-0.5829145728643219           0.1363665292899575
-0.46733668341708423          0.10095149357218687
-0.3517587939698501           0.05507920651812964
-0.23618090452261245          -0.004366124248864788
-0.12060301507537828          -0.08145573252744752
-0.005025125628140596         -0.18151984118084818
0.11055276381909708           -0.31154726627265644
0.22613065326633117           -0.4807095830869245
0.34170854271356893           -0.7010445124049954
0.457286432160803             -0.9883438789977629
0.5728643216080407            -1.363302450694409
0.6884422110552748            -1.8530010353107773
0.8040201005025125            -2.492818069257546
0.9195979899497502            -3.3288921485083582
1.0351758793969843            -4.42130791450104
1.150753768844222             -5.848274556472214
1.266331658291456             -7.711719776204742
1.3819095477386938            -10.144785438107611
1.4974874371859315            -13.32157749857855
1.6130653266331656            -17.469586762567197
1.7286432160804033            -22.885713605558898
1.8442211055276374            -29.95727090282968
1.959798994974875             -39.189525654788255
2.075376884422109             -51.24168584003108
2.190954773869347             -66.97386228041832
2.3065326633165846            -87.5083447111518
2.4221105527638187            -114.30955685813555
2.5376884422110564            -149.28838638677988
2.6532663316582905            -194.9383217548061
2.768844221105528             -256.2608415390965
