-20.0                         0.5280241579404862
-19.884422110552762           0.528024901922445
-19.768844221105528           0.5280240786811827
-19.65326633165829            0.5280231910680643
-19.537688442211056           0.528024036339889
-19.42211055276382            0.5280240395330964
-19.306532663316585           0.5280242259386317
-19.190954773869347           0.5280233778610788
-19.07537688442211            0.5280241448401111
-18.959798994974875           0.5280239346992989
-18.844221105527637           0.5280248948304543
-18.728643216080403           0.5280239724366085
-18.613065326633166           0.5280239083367783
-18.49748743718593            0.5280238991831903
-18.381909547738694           0.528025425335014
-18.266331658291456           0.5280237459256892
-18.150753768844222           0.5280238313516193
-18.035175879396984           0.5280235133068748
-17.91959798994975            0.5280237823330829
-17.804020100502512           0.5280240050887268
-17.688442211055275           0.5280240472273358
-17.57286432160804            0.5280236325601569
-17.457286432160803           0.528023520603115
-17.34170854271357            0.5280237765345498
-17.22613065326633            0.5280239437563687
-17.110552763819094           0.5280234729508367
-16.99497487437186            0.5280237357057853
-16.87939698492462            0.5280237089928145
-16.763819095477388           0.528023871744498
-16.64824120603015            0.5280236562398881
-16.532663316582916           0.5280234377260952
-16.417085427135678           0.5280235484606098
-16.301507537688444           0.5280232788915603
-16.185929648241206           0.5280235324713903
-16.07035175879397            0.5280236546986612
-15.954773869346734           0.5280228007551403
-15.839195979899497           0.5280234248838308
-15.72361809045226            0.5280234538426799
-15.608040201005025           0.5280236093690082
-15.492462311557789           0.5280233708325102
-15.376884422110553           0.528023118007091
-15.261306532663315           0.5280234692320565
-15.145728643216081           0.5280233497921739
-15.030150753768844           0.528023976737005
-14.914572864321608           0.5280231668391486
-14.798994974874372           0.5280226712322054
-14.683417085427136           0.5280233338377434
-14.5678391959799             0.528023296663997
-14.452261306532662           0.5280232596669935
-14.336683417085428           0.5280232043612072
-14.22110552763819            0.5280232687646698
-14.105527638190955           0.5280231777816241
-13.989949748743719           0.5280224784103841
-13.874371859296481           0.5280230517116405
-13.758793969849247           0.5280237825039773
-13.64321608040201            0.5280231368193637
-13.527638190954773           0.5280227670126911
-13.412060301507537           0.5280231330687077
-13.296482412060302           0.5280232538983288
-13.180904522613066           0.528023163411323
-13.065326633165828           0.528022681923757
-12.949748743718594           0.5280231615118857
-12.834170854271356           0.5280227024694685
-12.71859296482412            0.5280232741182417
-12.603015075376884           0.5280225849488157
-12.487437185929648           0.5280231160191476
-12.371859296482413           0.5280230297753763
-12.256281407035175           0.5280231393649267
-12.14070351758794            0.5280229719085576
-12.025125628140703           0.5280230596241458
-11.909547738693467           0.5280228372733204
-11.793969849246231           0.528022712752545
-11.678391959798995           0.5280229342337036
-11.56281407035176            0.5280229029226674
-11.447236180904522           0.5280231281413742
-11.331658291457286           0.528022959973332
-11.21608040201005            0.5280228932487265
-11.100502512562814           0.5280232674492885
-10.984924623115578           0.5280229410270477
-10.869346733668342           0.5280228173917088
-10.753768844221106           0.5280223467356407
-10.638190954773869           0.5280228825594163
-10.522613065326633           0.5280227717012355
-10.407035175879397           0.5280228810849201
-10.291457286432161           0.5280232427380134
-10.175879396984925           0.5280227952859645
-10.06030150753769            0.5280226818171909
-9.944723618090451            0.5280227652171328
-9.829145728643216            0.5280226641370254
-9.71356783919598             0.5280230065586369
-9.597989949748744            0.5280227312544178
-9.482412060301508            0.5280227252180781
-9.366834170854272            0.5280227615727049
-9.251256281407034            0.5280227178526036
-9.135678391959798            0.5280226987954074
-9.020100502512562            0.5280228115827411
-8.904522613065327            0.5280224833298144
-8.78894472361809             0.5280223645625306
-8.673366834170855            0.528023445604235
-8.557788944723619            0.5280226520002463
-8.442211055276381            0.5280233943879623
-8.326633165829145            0.5280223794854259
-8.21105527638191             0.5280225854045426
-8.095477386934673            0.5280226196771127
-7.9798994974874375           0.5280226092719307
-7.864321608040202            0.5280225771023296
-7.748743718592964            0.5280225381526276
-7.633165829145728            0.5280225949318911
-7.517587939698492            0.5280224341185734
-7.402010050251256            0.5280227203449672
-7.28643216080402             0.5280225825981134
-7.170854271356784            0.528022531695811
-7.055276381909547            0.5280223087621486
-6.939698492462311            0.5280225039159093
-6.824120603015075            0.5280225261234087
-6.708542713567839            0.528022463204175
-6.592964824120603            0.5280224771699216
-6.477386934673367            0.5280224040583652
-6.361809045226131            0.5280224639702121
-6.246231155778894            0.5280223863927195
-6.130653266331658            0.5280224722811255
-6.015075376884422            0.5280224767201382
-5.899497487437186            0.5280225206382954
-5.78391959798995             0.5280224363969458
-5.668341708542714            0.5280224397395227
-5.5527638190954764           0.5280223358067565
-5.4371859296482405           0.5280222319842958
-5.321608040201005            0.5280223484693184
-5.206030150753769            0.5280223624445993
-5.090452261306533            0.5280223940087075
-4.974874371859297            0.528022439705513
-4.859296482412061            0.5280225620515598
-4.743718592964823            0.5280223848607382
-4.628140703517587            0.5280224463997679
-4.5125628140703515           0.5280223260355791
-4.396984924623116            0.5280223440974239
-4.28140703517588             0.5280223575941736
-4.165829145728644            0.5280223365651865
-4.050251256281406            0.5280223088617079
-3.934673366834172            0.5280223442640547
-3.8190954773869343           0.5280223500796141
-3.7035175879396967           0.5280223093154982
-3.5879396984924625           0.5280223100501973
-3.472361809045225            0.5280222990496491
-3.3567839195979907           0.528022314220059
-3.241206030150753            0.5280222743067389
-3.125628140703519            0.5280222729059401
-3.0100502512562812           0.5280222774859819
-2.8944723618090435           0.52802226504328
-2.7788944723618094           0.5280221795618294
-2.6633165829145717           0.5280222302726305
-2.5477386934673376           0.5280222506342086
-2.4321608040201              0.5280222427801053
-2.316582914572866            0.5280222345729145
-2.201005025125628            0.5280222267673087
-2.0854271356783904           0.5280221857696074
-1.9698492462311563           0.5280220795225911
-1.8542713567839186           0.5280218714228939
-1.7386934673366845           0.5280215318095185
-1.6231155778894468           0.5280207121249921
-1.5075376884422127           0.5280190745698279
-1.391959798994975            0.5280154236804264
-1.2763819095477373           0.528007584822549
-1.1608040201005032           0.5279908275359342
-1.0452261306532655           0.5279551396282355
-0.9296482412060314           0.5278797113012442
-0.8140703517587937           0.5277215345516846
-0.698492462311556            0.5273928370642563
-0.5829145728643219           0.5267188962277785
-0.46733668341708423          0.5253578171056962
-0.3517587939698501           0.5226605747013309
-0.23618090452261245          0.5174365691567419
-0.12060301507537828          0.5075899952426004
-0.005025125628140596         0.4896027541353704
0.11055276381909708           0.4578688871083099
0.22613065326633117           0.40392062666333683
0.34170854271356893           0.31559933339142315
0.457286432160803             0.17618591708043374
0.5728643216080407            -0.03657367688110982
0.6884422110552748            -0.35169124814466013
0.8040201005025125            -0.806588659020398
0.9195979899497502            -1.4493581636331712
1.0351758793969843            -2.341811645437802
1.150753768844222             -3.563566692432208
1.266331658291456             -5.217606728963116
1.3819095477386938            -7.437867289893927
1.4974874371859315            -10.39914603593341
1.6130653266331656            -14.329575467367592
1.7286432160804033            -19.526593189148322
1.8442211055276374            -26.377915441305962
1.959798994974875             -35.38910053090218
2.075376884422109             -47.21956764177496
2.190954773869347             -62.729582536606266
2.3065326633165846            -83.04154975297243
2.4221105527638187            -109.61997873989316
2.5376884422110564            -144.37582155837612
2.6532663316582905            -189.80261526911872
2.768844221105528             -250.90312797125728
