-20.0                         0.21204218620816995
-19.884422110552762           0.21204263384349917
-19.768844221105528           0.2120421389673438
-19.65326633165829            0.21204155256709434
-19.537688442211056           0.2120421141301394
-19.42211055276382            0.2120421920813516
-19.306532663316585           0.212042157034321
-19.190954773869347           0.21204207431792538
-19.07537688442211            0.2120420876894267
-18.959798994974875           0.2120420309503488
-18.844221105527637           0.21204230359749038
-18.728643216080403           0.21204202524187893
-18.613065326633166           0.2120418964823371
-18.49748743718593            0.21204195857982452
-18.381909547738694           0.2120425387040318
-18.266331658291456           0.21204186148620172
-18.150753768844222           0.21204192740477218
-18.035175879396984           0.21204148282252583
-17.91959798994975            0.21204184200726012
-17.804020100502512           0.21204187449550874
-17.688442211055275           0.21204193255222398
-17.57286432160804            0.21204184984437
-17.457286432160803           0.21204165267622033
-17.34170854271357            0.21204179652520463
-17.22613065326633            0.21204190155271577
-17.110552763819094           0.21204163754496086
-16.99497487437186            0.21204170533555766
-16.87939698492462            0.21204181876954128
-16.763819095477388           0.21204173126691322
-16.64824120603015            0.21204173151163527
-16.532663316582916           0.2120416114753711
-16.417085427135678           0.2120416747184332
-16.301507537688444           0.21204164630443206
-16.185929648241206           0.21204159047549487
-16.07035175879397            0.21204163161327297
-15.954773869346734           0.2120412887370771
-15.839195979899497           0.2120415226633757
-15.72361809045226            0.21204151897208864
-15.608040201005025           0.21204139243923525
-15.492462311557789           0.2120414402968249
-15.376884422110553           0.21204130500225324
-15.261306532663315           0.2120414869004213
-15.145728643216081           0.21204141149997446
-15.030150753768844           0.2120415897385593
-14.914572864321608           0.21204129725141807
-14.798994974874372           0.21204114482987174
-14.683417085427136           0.21204136453002093
-14.5678391959799             0.212041387874858
-14.452261306532662           0.21204135797224474
-14.336683417085428           0.21204129076913839
-14.22110552763819            0.2120411903185051
-14.105527638190955           0.2120413005044405
-13.989949748743719           0.21204083994409387
-13.874371859296481           0.21204119339232091
-13.758793969849247           0.21204173323770067
-13.64321608040201            0.21204124705177035
-13.527638190954773           0.21204119669085672
-13.412060301507537           0.21204121885233748
-13.296482412060302           0.2120413991292024
-13.180904522613066           0.21204118284766163
-13.065326633165828           0.21204088556381334
-12.949748743718594           0.21204121240443277
-12.834170854271356           0.2120408816550253
-12.71859296482412            0.21204125236855073
-12.603015075376884           0.2120408488034487
-12.487437185929648           0.21204112885151352
-12.371859296482413           0.21204112030179173
-12.256281407035175           0.21204113115724216
-12.14070351758794            0.21204103932903276
-12.025125628140703           0.21204121120961497
-11.909547738693467           0.21204095531278933
-11.793969849246231           0.2120409389825944
-11.678391959798995           0.21204100261818498
-11.56281407035176            0.21204098497752916
-11.447236180904522           0.21204106466308342
-11.331658291457286           0.21204099945739557
-11.21608040201005            0.21204096464917863
-11.100502512562814           0.21204126894289482
-10.984924623115578           0.21204096897597752
-10.869346733668342           0.21204089592002842
-10.753768844221106           0.21204063850252122
-10.638190954773869           0.21204090813235366
-10.522613065326633           0.21204088636231963
-10.407035175879397           0.21204088074801009
-10.291457286432161           0.21204095785274799
-10.175879396984925           0.21204085500881076
-10.06030150753769            0.21204078676553015
-9.944723618090451            0.21204082448455702
-9.829145728643216            0.21204088046689992
-9.71356783919598             0.2120408298980059
-9.597989949748744            0.21204078567515455
-9.482412060301508            0.2120407932209789
-9.366834170854272            0.21204077073925748
-9.251256281407034            0.21204076489956017
-9.135678391959798            0.21204076316420592
-9.020100502512562            0.21204076610680697
-8.904522613065327            0.2120407238301902
-8.78894472361809             0.21204058903920517
-8.673366834170855            0.21204116446320478
-8.557788944723619            0.21204067860628337
-8.442211055276381            0.21204112622854712
-8.326633165829145            0.2120405852021266
-8.21105527638191             0.2120407372380678
-8.095477386934673            0.21204063857010266
-7.9798994974874375           0.21204064948858184
-7.864321608040202            0.21204063550619917
-7.748743718592964            0.21204062072497543
-7.633165829145728            0.21204062362133969
-7.517587939698492            0.21204059107569578
-7.402010050251256            0.21204061806175015
-7.28643216080402             0.21204061647864972
-7.170854271356784            0.21204059219597496
-7.055276381909547            0.21204047398697015
-6.939698492462311            0.21204056167784124
-6.824120603015075            0.21204056648590885
-6.708542713567839            0.21204058998458808
-6.592964824120603            0.21204052193421924
-6.477386934673367            0.21204044743633427
-6.361809045226131            0.21204051529575627
-6.246231155778894            0.2120404558271433
-6.130653266331658            0.21204051370554147
-6.015075376884422            0.21204050974919814
-5.899497487437186            0.21204051508840446
-5.78391959798995             0.21204049342248857
-5.668341708542714            0.2120404903844885
-5.5527638190954764           0.2120404567518347
-5.4371859296482405           0.2120403735617104
-5.321608040201005            0.21204046021134115
-5.206030150753769            0.2120404403412617
-5.090452261306533            0.21204042810984425
-4.974874371859297            0.21204048831512803
-4.859296482412061            0.21204053865901112
-4.743718592964823            0.21204042554400407
-4.628140703517587            0.2120404581838293
-4.5125628140703515           0.21204039545118414
-4.396984924623116            0.2120403899081594
-4.28140703517588             0.2120403876532788
-4.165829145728644            0.21204036960582712
-4.050251256281406            0.21204037426885194
-3.934673366834172            0.2120403349278878
-3.8190954773869343           0.2120403049486111
-3.7035175879396967           0.21204024455143378
-3.5879396984924625           0.2120401719389205
-3.472361809045225            0.2120400553076295
-3.3567839195979907           0.21203988882003805
-3.241206030150753            0.21203960567004332
-3.125628140703519            0.21203916431849065
-3.0100502512562812           0.21203848056533212
-2.8944723618090435           0.21203736251132846
-2.7788944723618094           0.21203560473226957
-2.6633165829145717           0.212032881623677
-2.5477386934673376           0.21202856021380295
-2.4321608040201              0.21202166800076136
-2.316582914572866            0.21201075097031935
-2.201005025125628            0.211993470200812
-2.0854271356783904           0.21196612987361524
-1.9698492462311563           0.21192291052629592
-1.8542713567839186           0.21185470095562273
-1.7386934673366845           0.2117472393323741
-1.6231155778894468           0.21157812663628264
-1.5075376884422127           0.21131271473382215
-1.391959798994975            0.2108970575050966
-1.2763819095477373           0.2102481126069643
-1.1608040201005032           0.2092385908880354
-1.0452261306532655           0.20767468837430536
-0.9296482412060314           0.2052638842373923
-0.8140703517587937           0.20156867752178953
-0.698492462311556            0.19594164124592595
-0.5829145728643219           0.1874365382020593
-0.46733668341708423          0.17468755178627213
-0.3517587939698501           0.1557507415535092
-0.23618090452261245          0.12789816686703653
-0.12060301507537828          0.08735518218657745
-0.005025125628140596         0.028968040990631924
0.11055276381909708           -0.054215100106863104
0.22613065326633117           -0.1714744597385172
0.34170854271356893           -0.33509338098986335
0.457286432160803             -0.5612243940741378
0.5728643216080407            -0.871006972680842
0.6884422110552748            -1.2920156481940481
0.8040201005025125            -1.8601377741653105
0.9195979899497502            -2.622005742599505
1.0351758793969843            -3.638154731505544
1.150753768844222             -4.9871733053987635
1.266331658291456             -6.771283026312616
1.3819095477386938            -9.12385873896822
1.4974874371859315            -12.219223248658702
1.6130653266331656            -16.285077553652776
1.7286432160804033            -21.618502906089702
1.8442211055276374            -28.606951165407068
1.959798994974875             -37.755791767398804
2.075376884422109             -49.72430818367396
2.190954773869347             -65.37266732033865
2.3065326633165846            -85.82320087104011
2.4221105527638187            -112.54036412485219
2.5376884422110564            -147.43506859251107
2.6532663316582905            -193.0008208076439
2.768844221105528             -254.23958525768944
