-20.0                         0.25336453698360656
-19.884422110552762           0.2533650578819501
-19.768844221105528           0.25336448504166725
-19.65326633165829            0.2533638209705925
-19.537688442211056           0.2533644564920424
-19.42211055276382            0.2533645330175311
-19.306532663316585           0.253364534378404
-19.190954773869347           0.25336431095796313
-19.07537688442211            0.2533644575945416
-18.959798994974875           0.25336437141459667
-18.844221105527637           0.25336479995591166
-18.728643216080403           0.2533643858627788
-18.613065326633166           0.2533642488516223
-18.49748743718593            0.25336430697803686
-18.381909547738694           0.2533650992587521
-18.266331658291456           0.25336419600938526
-18.150753768844222           0.25336427145042284
-18.035175879396984           0.25336381113215595
-17.91959798994975            0.25336418889996826
-17.804020100502512           0.25336425491811426
-17.688442211055275           0.25336433256668944
-17.57286432160804            0.2533641825467408
-17.457286432160803           0.2533639812936339
-17.34170854271357            0.2533641603223541
-17.22613065326633            0.2533642966809394
-17.110552763819094           0.2533639570492747
-16.99497487437186            0.25336406045399956
-16.87939698492462            0.25336418674093514
-16.763819095477388           0.25336411549128013
-16.64824120603015            0.2533640935351705
-16.532663316582916           0.2533639295793455
-16.417085427135678           0.2533640110196546
-16.301507537688444           0.2533639530538263
-16.185929648241206           0.25336394128907486
-16.07035175879397            0.25336399326524384
-15.954773869346734           0.2533635414428097
-15.839195979899497           0.25336386165934244
-15.72361809045226            0.2533638636332455
-15.608040201005025           0.25336376028257696
-15.492462311557789           0.2533637837217884
-15.376884422110553           0.25336360028599814
-15.261306532663315           0.2533638449260537
-15.145728643216081           0.253363754610957
-15.030150753768844           0.25336403355717235
-14.914572864321608           0.2533636268200271
-14.798994974874372           0.25336339346059694
-14.683417085427136           0.2533637151402358
-14.5678391959799             0.2533637316719965
-14.452261306532662           0.2533636996393341
-14.336683417085428           0.2533636315374992
-14.22110552763819            0.25336353474324363
-14.105527638190955           0.2533636362424266
-13.989949748743719           0.25336311332745814
-13.874371859296481           0.2533635216633432
-13.758793969849247           0.25336413345508246
-13.64321608040201            0.25336358717157426
-13.527638190954773           0.25336347459781206
-13.412060301507537           0.2533635618013187
-13.296482412060302           0.25336375876940676
-13.180904522613066           0.25336353301648007
-13.065326633165828           0.2533631821025632
-12.949748743718594           0.2533635685057191
-12.834170854271356           0.25336319677310926
-12.71859296482412            0.2533636236718252
-12.603015075376884           0.25336313567477126
-12.487437185929648           0.25336348727922814
-12.371859296482413           0.25336347194110853
-12.256281407035175           0.25336349139653697
-12.14070351758794            0.2533633844716247
-12.025125628140703           0.2533635646046021
-11.909547738693467           0.25336328844663764
-11.793969849246231           0.2533632444294424
-11.678391959798995           0.253363346996462
-11.56281407035176            0.2533633267406286
-11.447236180904522           0.2533634377685613
-11.331658291457286           0.25336335382080066
-11.21608040201005            0.25336331076949464
-11.100502512562814           0.25336364887151236
-10.984924623115578           0.2533633259747727
-10.869346733668342           0.25336323865531135
-10.753768844221106           0.2533629311148789
-10.638190954773869           0.25336326061845565
-10.522613065326633           0.2533632235556044
-10.407035175879397           0.25336323663042754
-10.291457286432161           0.25336337082998506
-10.175879396984925           0.25336320369708565
-10.06030150753769            0.25336312337953504
-9.944723618090451            0.2533631715722083
-9.829145728643216            0.2533632087376568
-9.71356783919598             0.25336321757330027
-9.597989949748744            0.25336313247156805
-9.482412060301508            0.2533631396290762
-9.366834170854272            0.2533631254558155
-9.251256281407034            0.25336311493755803
-9.135678391959798            0.25336311291417024
-9.020100502512562            0.25336313475201183
-8.904522613065327            0.25336303892736545
-8.78894472361809             0.2533628992427513
-8.673366834170855            0.2533635915590245
-8.557788944723619            0.253363031412018
-8.442211055276381            0.2533635502769614
-8.326633165829145            0.25336290029337566
-8.21105527638191             0.2533630776858411
-8.095477386934673            0.2533629862880811
-7.9798994974874375           0.25336299972590515
-7.864321608040202            0.25336298250528844
-7.748743718592964            0.25336296317730445
-7.633165829145728            0.2533629762701495
-7.517587939698492            0.2533629195803825
-7.402010050251256            0.2533629931439663
-7.28643216080402             0.2533629703625078
-7.170854271356784            0.25336294029886197
-7.055276381909547            0.25336279326692523
-6.939698492462311            0.2533629087922033
-6.824120603015075            0.2533629185040949
-6.708542713567839            0.2533629261325906
-6.592964824120603            0.25336287041662603
-6.477386934673367            0.2533627904797019
-6.361809045226131            0.25336286210782194
-6.246231155778894            0.2533627992603362
-6.130653266331658            0.25336286560629917
-6.015075376884422            0.25336286290739557
-5.899497487437186            0.25336287689252046
-5.78391959798995             0.2533628432143766
-5.668341708542714            0.25336284038746726
-5.5527638190954764           0.25336279291660574
-5.4371859296482405           0.25336270194000826
-5.321608040201005            0.2533628010029986
-5.206030150753769            0.2533627845072145
-5.090452261306533            0.2533627768181227
-4.974874371859297            0.25336284623229816
-4.859296482412061            0.25336291102357633
-4.743718592964823            0.25336277896269577
-4.628140703517587            0.2533628185593055
-4.5125628140703515           0.25336274453295077
-4.396984924623116            0.2533627459235122
-4.28140703517588             0.25336274998057623
-4.165829145728644            0.25336273623272837
-4.050251256281406            0.2533627460054156
-3.934673366834172            0.2533627298224829
-3.8190954773869343           0.25336272649301805
-3.7035175879396967           0.2533627004360617
-3.5879396984924625           0.25336269028833375
-3.472361809045225            0.2533626709875034
-3.3567839195979907           0.25336266095601306
-3.241206030150753            0.25336261565366686
-3.125628140703519            0.2533625586600746
-3.0100502512562812           0.25336247729434036
-2.8944723618090435           0.25336230421547135
-2.7788944723618094           0.2533620181604793
-2.6633165829145717           0.2533616209308988
-2.5477386934673376           0.2533609293133697
-2.4321608040201              0.25335969907300077
-2.316582914572866            0.2533576007565769
-2.201005025125628            0.2533540227893075
-2.0854271356783904           0.25334791173352184
-1.9698492462311563           0.2533374792811839
-1.8542713567839186           0.25331972607158176
-1.7386934673366845           0.2532896010196084
-1.6231155778894468           0.25323842503018157
-1.5075376884422127           0.2531518762744503
-1.391959798994975            0.25300569131066586
-1.2763819095477373           0.25275966315977877
-1.1608040201005032           0.2523472751686409
-1.0452261306532655           0.2516592686367515
-0.9296482412060314           0.2505180042230908
-0.8140703517587937           0.24863767172993087
-0.698492462311556            0.24556432841022893
-0.5829145728643219           0.24058847592189542
-0.46733668341708423          0.23261947577851103
-0.3517587939698501           0.22001384793929066
-0.23618090452261245          0.20034679051605664
-0.12060301507537828          0.17011919010641846
-0.005025125628140596         0.12439220051964281
0.11055276381909708           0.05633981371046531
0.22613065326633117           -0.04329789037265428
0.34170854271356893           -0.18688965044395284
0.457286432160803             -0.390763434905779
0.5728643216080407            -0.6762978025028696
0.6884422110552748            -1.0713400282733803
0.8040201005025125            -1.6120566980619624
0.9195979899497502            -2.3453448536806762
1.0351758793969843            -3.331974347498397
1.150753768844222             -4.650726393327817
1.266331658291456             -6.403968129407286
1.3819095477386938            -8.725185265108655
1.4974874371859315            -11.788798743077074
1.6130653266331656            -15.822601513841352
1.7286432160804033            -21.12375226826056
1.8442211055276374            -28.07976129117107
1.959798994974875             -37.196040387709424
2.075376884422109             -49.13190384647081
2.190954773869347             -64.74754123419436
2.3065326633165846            -85.165301063946
2.4221105527638187            -111.84965120012743
2.5376884422110564            -146.71151260927155
2.6532663316582905            -192.24439896703507
2.768844221105528             -253.45046465467436
