-20.0                         0.40190404631573445
-19.884422110552762           0.401904706325493
-19.768844221105528           0.40190398004828376
-19.65326633165829            0.401903170927931
-19.537688442211056           0.4019039401376816
-19.42211055276382            0.4019039834477869
-19.306532663316585           0.4019040946975722
-19.190954773869347           0.4019035001926212
-19.07537688442211            0.40190400681174193
-18.959798994974875           0.40190384667954554
-18.844221105527637           0.4019046143630669
-18.728643216080403           0.4019038899021643
-18.613065326633166           0.40190377463454807
-18.49748743718593            0.4019038027065244
-18.381909547738694           0.4019050472954818
-18.266331658291456           0.40190366313360126
-18.150753768844222           0.40190374789072186
-18.035175879396984           0.401903341612747
-17.91959798994975            0.40190368409415894
-17.804020100502512           0.4019038392370487
-17.688442211055275           0.40190391949257687
-17.57286432160804            0.4019036024603425
-17.457286432160803           0.40190344032626696
-17.34170854271357            0.40190367890722456
-17.22613065326633            0.40190385006918666
-17.110552763819094           0.4019033994355723
-16.99497487437186            0.40190359428720174
-16.87939698492462            0.40190366607927897
-16.763819095477388           0.4019037032010549
-16.64824120603015            0.40190358635568396
-16.532663316582916           0.4019033616427328
-16.417085427135678           0.40190347282932487
-16.301507537688444           0.40190330112199935
-16.185929648241206           0.4019034379074422
-16.07035175879397            0.4019035254830031
-15.954773869346734           0.40190283194716697
-15.839195979899497           0.40190333716277227
-15.72361809045226            0.4019033532456375
-15.608040201005025           0.4019033784371998
-15.492462311557789           0.4019032724042505
-15.376884422110553           0.40190302366109165
-15.261306532663315           0.4019033600362598
-15.145728643216081           0.4019032462160802
-15.030150753768844           0.4019037459727519
-14.914572864321608           0.401903086674532
-14.798994974874372           0.40190268665384565
-14.683417085427136           0.4019032220819289
-14.5678391959799             0.4019032085554506
-14.452261306532662           0.40190317326979563
-14.336683417085428           0.40190311239644905
-14.22110552763819            0.4019030869100726
-14.105527638190955           0.4019030988033085
-13.989949748743719           0.401902463585073
-13.874371859296481           0.4019029762285177
-13.758793969849247           0.4019036811301872
-13.64321608040201            0.4019030565753902
-13.527638190954773           0.4019027905340822
-13.412060301507537           0.40190304220456047
-13.296482412060302           0.4019032162641415
-13.180904522613066           0.40190304373672864
-13.065326633165828           0.40190260397216315
-12.949748743718594           0.40190306753098193
-12.834170854271356           0.40190263332881115
-12.71859296482412            0.40190315676849936
-12.603015075376884           0.40190252916183294
-12.487437185929648           0.40190300415858643
-12.371859296482413           0.4019029542533611
-12.256281407035175           0.4019030168478135
-12.14070351758794            0.40190287418305026
-12.025125628140703           0.4019030179970144
-11.909547738693467           0.40190275419568994
-11.793969849246231           0.40190265354448507
-11.678391959798995           0.40190283551948863
-11.56281407035176            0.40190280931782413
-11.447236180904522           0.4019029892354015
-11.331658291457286           0.40190285753770216
-11.21608040201005            0.40190279871434487
-11.100502512562814           0.40190317146374643
-10.984924623115578           0.4019028353124103
-10.869346733668342           0.4019027230567068
-10.753768844221106           0.4019023145503943
-10.638190954773869           0.40190276907127676
-10.522613065326633           0.40190269051994787
-10.407035175879397           0.40190275845348244
-10.291457286432161           0.40190302724514015
-10.175879396984925           0.40190269766343006
-10.06030150753769            0.40190259534544825
-9.944723618090451            0.40190266481981823
-9.829145728643216            0.4019026284667982
-9.71356783919598             0.40190282400041705
-9.597989949748744            0.40190262763994833
-9.482412060301508            0.4019026285501539
-9.366834170854272            0.4019026426519679
-9.251256281407034            0.40190261433967817
-9.135678391959798            0.40190260506252473
-9.020100502512562            0.40190268047014077
-8.904522613065327            0.40190244579984874
-8.78894472361809             0.40190231459279474
-8.673366834170855            0.4019032461833598
-8.557788944723619            0.401902540324553
-8.442211055276381            0.40190319876125363
-8.326633165829145            0.40190232452224867
-8.21105527638191             0.40190252845330726
-8.095477386934673            0.40190249661160116
-7.9798994974874375           0.40190250217077894
-7.864321608040202            0.401902476193962
-7.748743718592964            0.40190244574031886
-7.633165829145728            0.4019024840589887
-7.517587939698492            0.40190236521921524
-7.402010050251256            0.4019025639860511
-7.28643216080402             0.4019024762286907
-7.170854271356784            0.4019024332591256
-7.055276381909547            0.40190223534010255
-6.939698492462311            0.40190240274258393
-6.824120603015075            0.40190242131376175
-6.708542713567839            0.40190238768552133
-6.592964824120603            0.4019023705998939
-6.477386934673367            0.40190229046624043
-6.361809045226131            0.4019023587290213
-6.246231155778894            0.40190228795698485
-6.130653266331658            0.4019023682003102
-6.015075376884422            0.40190236979116073
-5.899497487437186            0.40190240294980484
-5.78391959798995             0.4019023382721613
-5.668341708542714            0.4019023380170457
-5.5527638190954764           0.40190225634039783
-5.4371859296482405           0.4019021565067385
-5.321608040201005            0.40190226957487946
-5.206030150753769            0.4019022683845356
-5.090452261306533            0.4019022807531711
-4.974874371859297            0.40190234611305614
-4.859296482412061            0.4019024444192554
-4.743718592964823            0.4019022811008963
-4.628140703517587            0.4019023334135172
-4.5125628140703515           0.4019022307794932
-4.396984924623116            0.40190224320069085
-4.28140703517588             0.40190225297151216
-4.165829145728644            0.40190223475356396
-4.050251256281406            0.4019022250611203
-3.934673366834172            0.4019022371909462
-3.8190954773869343           0.40190224002291747
-3.7035175879396967           0.4019022062995601
-3.5879396984924625           0.4019022042126298
-3.472361809045225            0.4019021937509118
-3.3567839195979907           0.4019022054028142
-3.241206030150753            0.4019021743516765
-3.125628140703519            0.40190217046484444
-3.0100502512562812           0.40190217336350575
-2.8944723618090435           0.40190214924893963
-2.7788944723618094           0.40190207885131046
-2.6633165829145717           0.4019021086037342
-2.5477386934673376           0.40190211679240334
-2.4321608040201              0.4019020790195944
-2.316582914572866            0.40190201081734633
-2.201005025125628            0.4019018840878039
-2.0854271356783904           0.4019016174658304
-1.9698492462311563           0.40190107111164564
-1.8542713567839186           0.40190000432998374
-1.7386934673366845           0.4018979829244833
-1.6231155778894468           0.4018939160100496
-1.5075376884422127           0.4018860228466988
-1.391959798994975            0.40187042631771464
-1.2763819095477373           0.4018398860857952
-1.1608040201005032           0.40178036912646753
-1.0452261306532655           0.40166492462716125
-0.9296482412060314           0.40144248754746203
-0.8140703517587937           0.40101720502144783
-0.698492462311556            0.4002116589300653
-0.5829145728643219           0.3987041995563458
-0.46733668341708423          0.39592295805528804
-0.3517587939698501           0.3908788594520993
-0.23618090452261245          0.38191371942893193
-0.12060301507537828          0.3663454611176667
-0.005025125628140596         0.3400030581451117
0.11055276381909708           0.29665989367807055
0.22613065326633117           0.22738276099495536
0.34170854271356893           0.1198037079805488
0.457286432160803             -0.04271452978394399
0.5728643216080407            -0.28209526070515234
0.6884422110552748            -0.6268632756368364
0.8040201005025125            -1.1138976764159298
0.9195979899497502            -1.7907697680819705
1.0351758793969843            -2.7188388026494406
1.150753768844222             -3.9773617405053923
1.266331658291456             -5.669058721662197
1.3819095477386938            -7.927676224728751
1.4974874371859315            -10.927857092349898
1.6130653266331656            -14.897596549266025
1.7286432160804033            -20.13422064849941
1.8442211055276374            -27.025364037660317
1.959798994974875             -36.07652748684197
2.075376884422109             -47.94708927756646
2.190954773869347             -63.497285627421114
2.3065326633165846            -83.84949944486884
2.4221105527638187            -110.46822417865232
2.5376884422110564            -145.26439995691007
2.6532663316582905            -190.73155488411157
2.768844221105528             -251.8722234486442
