-20.0                         0.39865539637667047
-19.884422110552762           0.39865605399853626
-19.768844221105528           0.3986553304307421
-19.65326633165829            0.39865452369824483
-19.537688442211056           0.398655290690107
-19.42211055276382            0.3986553349274589
-19.306532663316585           0.39865544401279557
-19.190954773869347           0.3986548566473192
-19.07537688442211            0.3986553561510742
-18.959798994974875           0.39865519742653394
-18.844221105527637           0.3986559592689422
-18.728643216080403           0.39865524047061496
-18.613065326633166           0.39865512422377053
-18.49748743718593            0.3986551531231009
-18.381909547738694           0.39865638964797334
-18.266331658291456           0.3986550140128097
-18.150753768844222           0.39865509870310434
-18.035175879396984           0.3986546905062398
-17.91959798994975            0.39865503448578077
-17.804020100502512           0.3986551878333771
-17.688442211055275           0.3986552686662376
-17.57286432160804            0.39865495463122574
-17.457286432160803           0.3986547913051297
-17.34170854271357            0.3986550291140288
-17.22613065326633            0.3986552000870997
-17.110552763819094           0.39865475065544376
-16.99497487437186            0.39865494367831716
-16.87939698492462            0.39865501753508764
-16.763819095477388           0.3986550517488501
-16.64824120603015            0.39865493724988066
-16.532663316582916           0.3986547129687951
-16.417085427135678           0.39865482387837786
-16.301507537688444           0.3986546547170242
-16.185929648241206           0.39865478835987067
-16.07035175879397            0.3986548750981133
-15.954773869346734           0.3986541860337487
-15.839195979899497           0.398654687899258
-15.72361809045226            0.3986547036775125
-15.608040201005025           0.39865472567955573
-15.492462311557789           0.3986546228635991
-15.376884422110553           0.39865437470447324
-15.261306532663315           0.3986547101083749
-15.145728643216081           0.3986545965696138
-15.030150753768844           0.39865509249306624
-14.914572864321608           0.39865443765012626
-14.798994974874372           0.3986540404757982
-14.683417085427136           0.3986545721806726
-14.5678391959799             0.3986545593102964
-14.452261306532662           0.3986545240750067
-14.336683417085428           0.3986544630220085
-14.22110552763819            0.39865443548307594
-14.105527638190955           0.39865444980038006
-13.989949748743719           0.39865381644967535
-13.874371859296481           0.3986543273232975
-13.758793969849247           0.3986550311548538
-13.64321608040201            0.3986544074968702
-13.527638190954773           0.3986541443561324
-13.412060301507537           0.3986543928661641
-13.296482412060302           0.3986545680127428
-13.180904522613066           0.39865439368175504
-13.065326633165828           0.3986539552546679
-12.949748743718594           0.3986544179960031
-12.834170854271356           0.3986539846541366
-12.71859296482412            0.3986545065921008
-12.603015075376884           0.39865388102996735
-12.487437185929648           0.3986543541767445
-12.371859296482413           0.3986543051448014
-12.256281407035175           0.39865436662750386
-12.14070351758794            0.3986542246495434
-12.025125628140703           0.39865436970621604
-11.909547738693467           0.3986541050806416
-11.793969849246231           0.3986540052902399
-11.678391959798995           0.39865418598451585
-11.56281407035176            0.398654159905605
-11.447236180904522           0.39865433855830296
-11.331658291457286           0.3986542078225028
-11.21608040201005            0.3986541492496928
-11.100502512562814           0.3986545217501276
-10.984924623115578           0.39865418549987675
-10.869346733668342           0.3986540736193565
-10.753768844221106           0.3986536668874443
-10.638190954773869           0.398654119142322
-10.522613065326633           0.398654041438716
-10.407035175879397           0.3986541082485293
-10.291457286432161           0.39865437449143687
-10.175879396984925           0.3986540480978668
-10.06030150753769            0.3986539461289882
-9.944723618090451            0.3986540152204168
-9.829145728643216            0.3986539805213455
-9.71356783919598             0.398654172143858
-9.597989949748744            0.39865397797175955
-9.482412060301508            0.398653979048942
-9.366834170854272            0.39865399255218675
-9.251256281407034            0.3986539646382695
-9.135678391959798            0.398653955579583
-9.020100502512562            0.3986540299311972
-8.904522613065327            0.3986537979093528
-8.78894472361809             0.398653666402881
-8.673366834170855            0.3986545937473444
-8.557788944723619            0.39865389041397764
-8.442211055276381            0.3986545464333969
-8.326633165829145            0.39865367618504693
-8.21105527638191             0.3986538799142177
-8.095477386934673            0.3986538465009065
-7.9798994974874375           0.3986538523833065
-7.864321608040202            0.39865382657950155
-7.748743718592964            0.3986537963483642
-7.633165829145728            0.3986538341719036
-7.517587939698492            0.39865371651798454
-7.402010050251256            0.39865391284428947
-7.28643216080402             0.3986538264312798
-7.170854271356784            0.3986537836931234
-7.055276381909547            0.3986535865637451
-6.939698492462311            0.39865375312285556
-6.824120603015075            0.39865377156435444
-6.708542713567839            0.3986537387382748
-6.592964824120603            0.398653720839176
-6.477386934673367            0.3986536405843699
-6.361809045226131            0.3986537090200028
-6.246231155778894            0.3986536384160573
-6.130653266331658            0.39865371846144587
-6.015075376884422            0.39865371996590954
-5.899497487437186            0.39865375279514903
-5.78391959798995             0.3986536886941494
-5.668341708542714            0.3986536883605246
-5.5527638190954764           0.39865360732263644
-5.4371859296482405           0.3986535076015975
-5.321608040201005            0.3986536205277741
-5.206030150753769            0.39865361896730944
-5.090452261306533            0.39865363085582156
-4.974874371859297            0.3986536965799614
-4.859296482412061            0.398653794235694
-4.743718592964823            0.3986536313710921
-4.628140703517587            0.39865368344145186
-4.5125628140703515           0.398653581323947
-4.396984924623116            0.39865359355824265
-4.28140703517588             0.3986536032252129
-4.165829145728644            0.39865358509414955
-4.050251256281406            0.3986535758600936
-3.934673366834172            0.39865358738805173
-3.8190954773869343           0.39865359013825796
-3.7035175879396967           0.3986535566128186
-3.5879396984924625           0.39865355445850614
-3.472361809045225            0.39865354400509484
-3.3567839195979907           0.3986535555471001
-3.241206030150753            0.39865352473897075
-3.125628140703519            0.39865352072909904
-3.0100502512562812           0.39865352351507743
-2.8944723618090435           0.3986534990097856
-2.7788944723618094           0.3986534287946341
-2.6633165829145717           0.3986534575920111
-2.5477386934673376           0.3986534646665465
-2.4321608040201              0.39865342466383596
-2.316582914572866            0.3986533521869737
-2.201005025125628            0.3986532172983445
-2.0854271356783904           0.3986529354124685
-1.9698492462311563           0.39865236027660533
-1.8542713567839186           0.3986512393246649
-1.7386934673366845           0.3986491160081188
-1.6231155778894468           0.39864485924875553
-1.5075376884422127           0.398636613918685
-1.391959798994975            0.39862036935309714
-1.2763819095477373           0.39858864463516586
-1.1608040201005032           0.3985269827432044
-1.0452261306532655           0.3984076953733213
-0.9296482412060314           0.39817846049948175
-0.8140703517587937           0.3977413347439136
-0.698492462311556            0.3969155295153552
-0.5829145728643219           0.39537415994334596
-0.46733668341708423          0.39253761050858227
-0.3517587939698501           0.3874060077154084
-0.23618090452261245          0.3783072081204514
-0.12060301507537828          0.36254272942906235
-0.005025125628140596         0.3359244904831418
0.11055276381909708           0.2922108824467572
0.22613065326633117           0.22245864266987309
0.34170854271356893           0.11429666355331344
0.457286432160803             -0.04890829669793473
0.5728643216080407            -0.2890697412922307
0.6884422110552748            -0.6346992125653058
0.8040201005025125            -1.1226614807107582
0.9195979899497502            -1.8005142156081553
1.0351758793969843            -2.7296048117506317
1.150753768844222             -3.9891807394273466
1.266331658291456             -5.681955167556724
1.3819095477386938            -7.941669513870286
1.4974874371859315            -10.942962414069495
1.6130653266331656            -14.913825321927249
1.7286432160804033            -20.151581204375603
1.8442211055276374            -27.04386243769948
1.959798994974875             -36.096168181227874
2.075376884422109             -47.967875566091
2.190954773869347             -63.519219975903425
2.3065326633165846            -83.87258370689418
2.4221105527638187            -110.49245975392526
2.5376884422110564            -145.28978790607215
2.6532663316582905            -190.75809601299434
2.768844221105528             -251.89991189085526
