-20.0                         0.2025329422128949
-19.884422110552762           0.20253328686558256
-19.768844221105528           0.20253289971670368
-19.65326633165829            0.20253242306275723
-19.537688442211056           0.2025328756549897
-19.42211055276382            0.20253294038473452
-19.306532663316585           0.20253288223632573
-19.190954773869347           0.2025329215523921
-19.07537688442211            0.20253281997792022
-18.959798994974875           0.20253279191714804
-18.844221105527637           0.20253289558281656
-18.728643216080403           0.2025327640117943
-18.613065326633166           0.20253265687538152
-18.49748743718593            0.20253271436745926
-18.381909547738694           0.2025330391312664
-18.266331658291456           0.20253263386220427
-18.150753768844222           0.20253268156684115
-18.035175879396984           0.20253230145108303
-17.91959798994975            0.20253260085639163
-17.804020100502512           0.20253260105512852
-17.688442211055275           0.2025326276588716
-17.57286432160804            0.20253260513902518
-17.457286432160803           0.20253243521009995
-17.34170854271357            0.2025325341068505
-17.22613065326633            0.20253259231110077
-17.110552763819094           0.20253242998630935
-16.99497487437186            0.20253245938159872
-16.87939698492462            0.2025325325996393
-16.763819095477388           0.20253244957951147
-16.64824120603015            0.20253246171907846
-16.532663316582916           0.20253239532374506
-16.417085427135678           0.20253243806799973
-16.301507537688444           0.2025324223815552
-16.185929648241206           0.20253234267521492
-16.07035175879397            0.2025323721325986
-15.954773869346734           0.20253216078445602
-15.839195979899497           0.20253228848879548
-15.72361809045226            0.20253227780783878
-15.608040201005025           0.20253215720041612
-15.492462311557789           0.20253220296015687
-15.376884422110553           0.20253213260580252
-15.261306532663315           0.20253223072852175
-15.145728643216081           0.20253217525619208
-15.030150753768844           0.20253224432264685
-14.914572864321608           0.2025320778170794
-14.798994974874372           0.20253202029836415
-14.683417085427136           0.20253211950016797
-14.5678391959799             0.20253214207946352
-14.452261306532662           0.2025321157672888
-14.336683417085428           0.2025320556410935
-14.22110552763819            0.20253197459130934
-14.105527638190955           0.2025320656558567
-13.989949748743719           0.2025316976042577
-13.874371859296481           0.20253197384635985
-13.758793969849247           0.2025323914055437
-13.64321608040201            0.20253200703109336
-13.527638190954773           0.20253201612656202
-13.412060301507537           0.20253197715124752
-13.296482412060302           0.2025321119843918
-13.180904522613066           0.20253193828262334
-13.065326633165828           0.20253172092289765
-12.949748743718594           0.20253195205589494
-12.834170854271356           0.20253168514413297
-12.71859296482412            0.20253197304294226
-12.603015075376884           0.2025316911369964
-12.487437185929648           0.2025318720749868
-12.371859296482413           0.20253186515426008
-12.256281407035175           0.20253187193207703
-12.14070351758794            0.20253179831509427
-12.025125628140703           0.20253193511145728
-11.909547738693467           0.20253173028343302
-11.793969849246231           0.20253174118973302
-11.678391959798995           0.20253176169818995
-11.56281407035176            0.20253174734223575
-11.447236180904522           0.20253178943880015
-11.331658291457286           0.20253174486498773
-11.21608040201005            0.20253172006495399
-11.100502512562814           0.202531961605641
-10.984924623115578           0.20253171139327175
-10.869346733668342           0.202531657675926
-10.753768844221106           0.20253146685323906
-10.638190954773869           0.20253165820329244
-10.522613065326633           0.20253165064981676
-10.407035175879397           0.20253163005307806
-10.291457286432161           0.20253164544891325
-10.175879396984925           0.20253160828567485
-10.06030150753769            0.202531556559173
-9.944723618090451            0.20253158031364438
-9.829145728643216            0.20253164127014417
-9.71356783919598             0.20253155165583822
-9.597989949748744            0.20253154264555578
-9.482412060301508            0.20253154780921623
-9.366834170854272            0.20253152117558282
-9.251256281407034            0.20253151724467167
-9.135678391959798            0.20253151381692727
-9.020100502512562            0.20253150164343547
-8.904522613065327            0.20253150688774826
-8.78894472361809             0.2025313914256724
-8.673366834170855            0.2025318133954235
-8.557788944723619            0.2025314295380852
-8.442211055276381            0.20253177924388732
-8.326633165829145            0.20253138032462645
-8.21105527638191             0.20253148691125175
-8.095477386934673            0.202531398428695
-7.9798994974874375           0.2025314024193322
-7.864321608040202            0.20253139145230134
-7.748743718592964            0.20253138184886085
-7.633165829145728            0.20253137389485107
-7.517587939698492            0.20253136340589029
-7.402010050251256            0.20253135010614184
-7.28643216080402             0.2025313631637059
-7.170854271356784            0.20253134540516357
-7.055276381909547            0.20253126664251145
-6.939698492462311            0.20253131741622962
-6.824120603015075            0.20253131605734545
-6.708542713567839            0.20253135319006896
-6.592964824120603            0.20253127772039714
-6.477386934673367            0.20253121551397527
-6.361809045226131            0.20253127166105261
-6.246231155778894            0.2025312170793754
-6.130653266331658            0.20253126194610518
-6.015075376884422            0.2025312563404259
-5.899497487437186            0.20253125156213486
-5.78391959798995             0.20253123866290906
-5.668341708542714            0.20253123311607135
-5.5527638190954764           0.20253120937154673
-5.4371859296482405           0.20253113638196968
-5.321608040201005            0.20253119310738038
-5.206030150753769            0.20253116194177734
-5.090452261306533            0.2025311328089818
-4.974874371859297            0.20253115120221266
-4.859296482412061            0.2025311525097845
-4.743718592964823            0.20253102230262027
-4.628140703517587            0.20253098019793656
-4.5125628140703515           0.20253083725088328
-4.396984924623116            0.20253069142940372
-4.28140703517588             0.20253049090529174
-4.165829145728644            0.20253019475599696
-4.050251256281406            0.2025297991630139
-3.934673366834172            0.20252918306551335
-3.8190954773869343           0.20252833065448217
-3.7035175879396967           0.20252710279968472
-3.5879396984924625           0.20252535348452277
-3.472361809045225            0.20252284308786575
-3.3567839195979907           0.20251925564061718
-3.241206030150753            0.20251410071032622
-3.125628140703519            0.2025067079107599
-3.0100502512562812           0.20249612475453063
-2.8944723618090435           0.20248092791288783
-2.7788944723618094           0.20245917009181355
-2.6633165829145717           0.20242804440901022
-2.5477386934673376           0.20238347926971562
-2.4321608040201              0.2023196663116851
-2.316582914572866            0.20222838906897633
-2.201005025125628            0.2020979122031695
-2.0854271356783904           0.2019115402892518
-1.9698492462311563           0.20164556290788155
-1.8542713567839186           0.2012664002869372
-1.7386934673366845           0.20072657177464165
-1.6231155778894468           0.19995904104283352
-1.5075376884422127           0.19886969174932145
-1.391959798994975            0.1973264432449682
-1.2763819095477373           0.19514498110473114
-1.1608040201005032           0.19206902578391621
-1.0452261306532655           0.18774379874634273
-0.9296482412060314           0.1816806456917945
-0.8140703517587937           0.1732098652087609
-0.698492462311556            0.16141836934265535
-0.5829145728643219           0.1450681533210224
-0.46733668341708423          0.12248872748570554
-0.3517587939698501           0.09143730975583367
-0.23618090452261245          0.04891608773413503
-0.12060301507537828          -0.009065882525451801
-0.005025125628140596         -0.08780297804699509
0.11055276381909708           -0.1942966408014279
0.22613065326633117           -0.337780223374317
0.34170854271356893           -0.5303993991275076
0.457286432160803             -0.7880936791630827
0.5728643216080407            -1.131736052128512
0.6884422110552748            -1.5886051917140234
0.8040201005025125            -2.1942856867937066
0.9195979899497502            -2.995119253198234
1.0351758793969843            -4.051378737007065
1.150753768844222             -5.441433802236923
1.266331658291456             -7.267337905213075
1.3819095477386938            -9.662334459775971
1.4974874371859315            -12.80062603113114
1.6130653266331656            -16.909798406679005
1.7286432160804033            -22.28683442071189
1.8442211055276374            -29.31911077539906
1.959798994974875             -38.51194181535221
2.075376884422109             -50.52457059108299
2.190954773869347             -66.21713408353804
2.3065326633165846            -86.71194165834875
2.4221105527638187            -113.47343184312106
2.5376884422110564            -148.41250350584644
2.6532663316582905            -194.02265360811873
2.768844221105528             -255.30559028281507
