-20.0                         0.5066771079122387
-19.884422110552762           0.5066778385590005
-19.768844221105528           0.5066770309170359
-19.65326633165829            0.5066761549047519
-19.537688442211056           0.5066769883561015
-19.42211055276382            0.5066769988439994
-19.306532663316585           0.5066771737841615
-19.190954773869347           0.5066763655943322
-19.07537688442211            0.5066770904710399
-18.959798994974875           0.506676888208643
-18.844221105527637           0.50667782000418
-18.728643216080403           0.5066769284746495
-18.613065326633166           0.5066768540410161
-18.49748743718593            0.5066768518726119
-18.381909547738694           0.5066783339889338
-18.266331658291456           0.5066767003661465
-18.150753768844222           0.5066767858795217
-18.035175879396984           0.5066764512967754
-17.91959798994975            0.5066767346284871
-17.804020100502512           0.5066769461596046
-17.688442211055275           0.506676996714655
-17.57286432160804            0.5066765960668353
-17.457286432160803           0.5066764753126056
-17.34170854271357            0.5066767298951744
-17.22613065326633            0.50667689910006
-17.110552763819094           0.5066764284915387
-16.99497487437186            0.5066766801570493
-16.87939698492462            0.5066766722534676
-16.763819095477388           0.5066768122071517
-16.64824120603015            0.5066766143373501
-16.532663316582916           0.5066763918582251
-16.417085427135678           0.5066765041651535
-16.301507537688444           0.5066762509115468
-16.185929648241206           0.506676485503641
-16.07035175879397            0.5066766016033075
-15.954773869346734           0.5066757733051375
-15.839195979899497           0.5066763785578957
-15.72361809045226            0.5066764051597741
-15.608040201005025           0.5066765379487077
-15.492462311557789           0.5066763226942191
-15.376884422110553           0.5066760682877016
-15.261306532663315           0.5066764197994168
-15.145728643216081           0.5066763006543563
-15.030150753768844           0.5066769087439938
-14.914572864321608           0.5066761215945956
-14.798994974874372           0.506675640415286
-14.683417085427136           0.5066762835246599
-14.5678391959799             0.5066762500464989
-14.452261306532662           0.5066762133140005
-14.336683417085428           0.5066761573206168
-14.22110552763819            0.5066762053158259
-14.105527638190955           0.5066761327324489
-13.989949748743719           0.5066754433333973
-13.874371859296481           0.5066760072654869
-13.758793969849247           0.5066767354201692
-13.64321608040201            0.5066760917594522
-13.527638190954773           0.5066757384656169
-13.412060301507537           0.5066760861463955
-13.296482412060302           0.5066762172589131
-13.180904522613066           0.5066761115126669
-13.065326633165828           0.5066756359192078
-12.949748743718594           0.5066761146132183
-12.834170854271356           0.5066756588048423
-12.71859296482412            0.5066762234343591
-12.603015075376884           0.5066755426315517
-12.487437185929648           0.5066760660602821
-12.371859296482413           0.5066759862331595
-12.256281407035175           0.5066760874370112
-12.14070351758794            0.5066759239321205
-12.025125628140703           0.5066760220227174
-11.909547738693467           0.5066757916034151
-11.793969849246231           0.5066756699050147
-11.678391959798995           0.5066758859648597
-11.56281407035176            0.5066758555808589
-11.447236180904522           0.5066760735550173
-11.331658291457286           0.5066759114753284
-11.21608040201005            0.5066758458734755
-11.100502512562814           0.5066762207417359
-10.984924623115578           0.5066758920333012
-10.869346733668342           0.5066757699505029
-10.753768844221106           0.5066753090683446
-10.638190954773869           0.5066758318461764
-10.522613065326633           0.5066757264015316
-10.407035175879397           0.5066758290768628
-10.291457286432161           0.5066761756741684
-10.175879396984925           0.5066757474948341
-10.06030150753769            0.5066756356333092
-9.944723618090451            0.5066757167593711
-9.829145728643216            0.5066756266755137
-9.71356783919598             0.5066759449198286
-9.597989949748744            0.5066756821918961
-9.482412060301508            0.506675677380336
-9.366834170854272            0.5066757101160243
-9.251256281407034            0.5066756689805026
-9.135678391959798            0.506675651728712
-9.020100502512562            0.5066757586938971
-8.904522613065327            0.5066754451009292
-8.78894472361809             0.5066753241825401
-8.673366834170855            0.5066763816394809
-8.557788944723619            0.5066756017430175
-8.442211055276381            0.5066763310205044
-8.326633165829145            0.5066753383406407
-8.21105527638191             0.506675544556093
-8.095477386934673            0.5066755670659651
-7.9798994974874375           0.5066755597762708
-7.864321608040202            0.5066755285806354
-7.748743718592964            0.5066754910601532
-7.633165829145728            0.5066755447953784
-7.517587939698492            0.5066753905673662
-7.402010050251256            0.506675662936819
-7.28643216080402             0.5066755333483268
-7.170854271356784            0.5066754836593368
-7.055276381909547            0.5066752643124885
-6.939698492462311            0.5066754553376848
-6.824120603015075            0.5066754771018884
-6.708542713567839            0.5066754189243862
-6.592964824120603            0.5066754276950746
-6.477386934673367            0.5066753531239792
-6.361809045226131            0.5066754146349302
-6.246231155778894            0.506675338253726
-6.130653266331658            0.5066754234293493
-6.015075376884422            0.5066754274656966
-5.899497487437186            0.5066754698137645
-5.78391959798995             0.5066753885079598
-5.668341708542714            0.5066753911747817
-5.5527638190954764           0.506675290685257
-5.4371859296482405           0.5066751875394367
-5.321608040201005            0.5066753036483763
-5.206030150753769            0.5066753149612468
-5.090452261306533            0.5066753432347544
-4.974874371859297            0.5066753929062267
-4.859296482412061            0.5066755113202616
-4.743718592964823            0.5066753360611516
-4.628140703517587            0.5066753960419169
-4.5125628140703515           0.5066752783890457
-4.396984924623116            0.5066752957148769
-4.28140703517588             0.5066753086184499
-4.165829145728644            0.5066752879883109
-4.050251256281406            0.5066752633506709
-3.934673366834172            0.5066752948378233
-3.8190954773869343           0.5066753001663203
-3.7035175879396967           0.5066752605165274
-3.5879396984924625           0.5066752607402478
-3.472361809045225            0.5066752498468053
-3.3567839195979907           0.5066752644951473
-3.241206030150753            0.5066752259446429
-3.125628140703519            0.5066752243350978
-3.0100502512562812           0.506675228803742
-2.8944723618090435           0.5066752145234862
-2.7788944723618094           0.5066751320473881
-2.6633165829145717           0.5066751801843815
-2.5477386934673376           0.5066752004630322
-2.4321608040201              0.5066751911518765
-2.316582914572866            0.5066751797074092
-2.201005025125628            0.5066751650576926
-2.0854271356783904           0.5066751111460076
-1.9698492462311563           0.506674978291445
-1.8542713567839186           0.506674715235449
-1.7386934673366845           0.5066742608194521
-1.6231155778894468           0.5066732078812105
-1.5075376884422127           0.506671096432698
-1.391959798994975            0.5066664948716991
-1.2763819095477373           0.5066567544642474
-1.1608040201005032           0.5066362325288086
-1.0452261306532655           0.5065931669153327
-0.9296482412060314           0.5065034582680008
-0.8140703517587937           0.50631804880377
-0.698492462311556            0.5059383617865386
-0.5829145728643219           0.5051710133658458
-0.46733668341708423          0.5036433201425192
-0.3517587939698501           0.5006582443724924
-0.23618090452261245          0.49495553689438
-0.12060301507537828          0.4843472418263455
-0.005025125628140596         0.4652068908069132
0.11055276381909708           0.43181938445283624
0.22613065326633117           0.37562892476612025
0.34170854271356893           0.2844301797976541
0.457286432160803             0.1415080634779089
0.5728643216080407            -0.07534203924404777
0.6884422110552748            -0.395052834760241
0.8040201005025125            -0.8549556574906396
0.9195979899497502            -1.5030551531683203
1.0351758793969843            -2.401087082937025
1.150753768844222             -3.6286085755274926
1.266331658291456             -5.288559116501168
1.3819095477386938            -7.514842951493415
1.4974874371859315            -10.482232414347292
1.6130653266331656            -14.418837739202123
1.7286432160804033            -19.622078538414435
1.8442211055276374            -26.479657956847262
1.959798994974875             -35.4971251090736
2.075376884422109             -47.33389266853343
2.190954773869347             -62.8502217089799
2.3065326633165846            -83.16851334313458
2.4221105527638187            -109.7532744908973
2.5376884422110564            -144.51545532963218
2.6532663316582905            -189.9485915077416
2.768844221105528             -251.0554144034181
