-20.0                         0.19934016234545118
-19.884422110552762           0.1993405542972474
-19.768844221105528           0.19934011787416428
-19.65326633165829            0.19933959059137296
-19.537688442211056           0.19934009406341335
-19.42211055276382            0.19934016680013178
-19.306532663316585           0.19934011544608476
-19.190954773869347           0.19934010966274787
-19.07537688442211            0.19934005045885322
-18.959798994974875           0.19934001104763632
-18.844221105527637           0.19934018428390635
-18.728643216080403           0.19933999206894762
-18.613065326633166           0.1993398740605852
-18.49748743718593            0.19933993502652197
-18.381909547738694           0.1993403703235787
-18.266331658291456           0.19933984730468043
-18.150753768844222           0.19933990400463344
-18.035175879396984           0.19933948875915866
-17.91959798994975            0.19933981998281933
-17.804020100502512           0.19933983296411203
-17.688442211055275           0.1993398738178134
-17.57286432160804            0.19933982865749458
-17.457286432160803           0.1993396437012825
-17.34170854271357            0.1993397623390459
-17.22613065326633            0.19933984177718037
-17.110552763819094           0.19933963455542172
-16.99497487437186            0.19933968009731573
-16.87939698492462            0.199339773527279
-16.763819095477388           0.1993396856258211
-16.64824120603015            0.19933969443338137
-16.532663316582916           0.19933960537451922
-16.417085427135678           0.199339656670798
-16.301507537688444           0.19933963859006737
-16.185929648241206           0.19933956486974522
-16.07035175879397            0.19933959946173274
-15.954773869346734           0.19933933078127825
-15.839195979899497           0.19933950499582595
-15.72361809045226            0.19933949740080437
-15.608040201005025           0.19933936950743214
-15.492462311557789           0.1993394204550172
-15.376884422110553           0.19933932159062487
-15.261306532663315           0.19933945657677374
-15.145728643216081           0.19933939224304056
-15.030150753768844           0.19933950631576522
-14.914572864321608           0.19933928730818995
-14.798994974874372           0.1993391895181159
-14.683417085427136           0.19933934022772326
-14.5678391959799             0.1993393645032104
-14.452261306532662           0.19933933646106405
-14.336683417085428           0.19933927233673754
-14.22110552763819            0.1993391797897467
-14.105527638190955           0.19933928321284677
-13.989949748743719           0.19933887190826388
-13.874371859296481           0.1993391836879168
-13.758793969849247           0.1993396600943442
-13.64321608040201            0.19933922673249366
-13.527638190954773           0.19933921279880315
-13.412060301507537           0.19933919736440803
-13.296482412060302           0.1993393554848757
-13.180904522613066           0.1993391589622797
-13.065326633165828           0.19933890446943295
-12.949748743718594           0.1993391806785377
-12.834170854271356           0.19933888370131472
-12.71859296482412            0.19933921010132857
-12.603015075376884           0.1993388724559514
-12.487437185929648           0.1993390982207322
-12.371859296482413           0.19933909137230346
-12.256281407035175           0.19933909933722468
-12.14070351758794            0.19933901767814802
-12.025125628140703           0.19933917336230667
-11.909547738693467           0.1993389424375544
-11.793969849246231           0.1993389428672318
-11.678391959798995           0.19933898120614302
-11.56281407035176            0.1993389654130805
-11.447236180904522           0.19933902381173169
-11.331658291457286           0.19933897047499463
-11.21608040201005            0.19933894137623986
-11.100502512562814           0.19933921373678254
-10.984924623115578           0.19933893826122714
-10.869346733668342           0.1993388758626624
-10.753768844221106           0.19933865499361184
-10.638190954773869           0.19933888151961662
-10.522613065326633           0.19933886846956367
-10.407035175879397           0.19933885324413086
-10.291457286432161           0.19933889417872996
-10.175879396984925           0.1993388303463934
-10.06030150753769            0.19933877114055218
-9.944723618090451            0.19933880119989825
-9.829145728643216            0.1993388627498552
-9.71356783919598             0.1993387850219539
-9.597989949748744            0.1993387629401947
-9.482412060301508            0.19933876957531668
-9.366834170854272            0.19933874384717482
-9.251256281407034            0.1993387396301338
-9.135678391959798            0.1993387371745862
-9.020100502512562            0.19933873040210412
-8.904522613065327            0.19933871785659152
-8.78894472361809             0.19933859171961574
-8.673366834170855            0.1993390826802152
-8.557788944723619            0.19933865221984048
-8.442211055276381            0.19933904667851177
-8.326633165829145            0.19933858402895896
-8.21105527638191             0.19933871261152225
-8.095477386934673            0.19933861702973066
-7.9798994974874375           0.19933862445972145
-7.864321608040202            0.19933861231302252
-7.748743718592964            0.19933860050209154
-7.633165829145728            0.19933859703296677
-7.517587939698492            0.19933857812527492
-7.402010050251256            0.19933857978404163
-7.28643216080402             0.19933858818952396
-7.170854271356784            0.19933856767819086
-7.055276381909547            0.19933847117223114
-6.939698492462311            0.19933853842572397
-6.824120603015075            0.1993385397724811
-6.708542713567839            0.1993385720276833
-6.592964824120603            0.1993384985387448
-6.477386934673367            0.1993384301668568
-6.361809045226131            0.19933849268465897
-6.246231155778894            0.19933843588614017
-6.130653266331658            0.19933848706450727
-6.015075376884422            0.19933848251447278
-5.899497487437186            0.19933848243220756
-5.78391959798995             0.1993384672138223
-5.668341708542714            0.19933846398020164
-5.5527638190954764           0.1993384381755644
-5.4371859296482405           0.19933836219578435
-5.321608040201005            0.1993384365814809
-5.206030150753769            0.1993384147747084
-5.090452261306533            0.19933839950552204
-4.974874371859297            0.1993384471333547
-4.859296482412061            0.19933848396310916
-4.743718592964823            0.19933838035549223
-4.628140703517587            0.1993383992811242
-4.5125628140703515           0.19933833126258238
-4.396984924623116            0.1993383026486353
-4.28140703517588             0.1993382679683615
-4.165829145728644            0.19933820499923802
-4.050251256281406            0.19933814209766346
-3.934673366834172            0.19933799769371796
-3.8190954773869343           0.19933781409777573
-3.7035175879396967           0.19933753006195887
-3.5879396984924625           0.1993371199371123
-3.472361809045225            0.1993365025436683
-3.3567839195979907           0.19933559063268882
-3.241206030150753            0.1993342071660028
-3.125628140703519            0.19933213124658522
-3.0100502512562812           0.1993290300435755
-2.8944723618090435           0.19932434308139957
-2.7788944723618094           0.19931732576507155
-2.6633165829145717           0.19930684646880062
-2.5477386934673376           0.19929112891692438
-2.4321608040201              0.1992675278769281
-2.316582914572866            0.19923216596068305
-2.201005025125628            0.19917921872003663
-2.0854271356783904           0.19910000006938017
-1.9698492462311563           0.1989815836927521
-1.8542713567839186           0.19880480401619288
-1.7386934673366845           0.19854128264853652
-1.6231155778894468           0.1981490178752176
-1.5075376884422127           0.19756637186573117
-1.391959798994975            0.19670277624765978
-1.2763819095477373           0.1954261849109192
-1.1608040201005032           0.19354491379138208
-1.0452261306532655           0.1907823063865645
-0.9296482412060314           0.18674185204875768
-0.8140703517587937           0.1808593525764643
-0.698492462311556            0.17233837232266247
-0.5829145728643219           0.16006464318717928
-0.46733668341708423          0.14249238656691768
-0.3517587939698501           0.11749673970411205
-0.23618090452261245          0.08218219321307146
-0.12060301507537828          0.03263574332130544
-0.005025125628140596         -0.036390761033024674
0.11055276381909708           -0.13188893472182608
0.22613065326633117           -0.26311985302784224
0.34170854271356893           -0.44229183334191524
0.457286432160803             -0.6854360198816194
0.5728643216080407            -1.0135378723001573
0.6884422110552748            -1.4540003594312332
0.8040201005025125            -2.04253559324833
0.9195979899497502            -2.8256084613869366
1.0351758793969843            -3.8636037389777598
1.150753768844222             -5.234985045442462
1.266331658291456             -7.041878401981437
1.3819095477386938            -9.417584475041174
1.4974874371859315            -12.536358793537143
1.6130653266331656            -16.62583826934463
1.7286432160804033            -21.98304961258405
1.8442211055276374            -28.995403162348985
1.959798994974875             -38.168238004257724
2.075376884422109             -50.16081539202941
2.190954773869347             -65.8332858120997
2.3065326633165846            -86.30796872363453
2.4221105527638187            -113.04931024103958
2.5376884422110564            -147.96821496044478
2.6532663316582905            -193.55818418358106
2.768844221105528             -254.8210425441216
