-20.0                         0.9970772192310969
-19.884422110552762           0.9970782426211655
-19.768844221105528           0.9970770895816662
-19.65326633165829            0.9970760614544015
-19.537688442211056           0.9970771358112996
-19.42211055276382            0.9970769376641465
-19.306532663316585           0.997077242765945
-19.190954773869347           0.997075772426886
-19.07537688442211            0.9970773130494134
-18.959798994974875           0.9970769775325133
-18.844221105527637           0.9970782519849168
-18.728643216080403           0.9970768415733758
-18.613065326633166           0.9970771249762724
-18.49748743718593            0.9970768995048442
-18.381909547738694           0.9970791820082429
-18.266331658291456           0.9970767596854346
-18.150753768844222           0.9970768363009479
-18.035175879396984           0.9970769770532305
-17.91959798994975            0.9970767963240805
-17.804020100502512           0.9970772553750964
-17.688442211055275           0.9970769780074747
-17.57286432160804            0.9970764936964577
-17.457286432160803           0.9970765371761693
-17.34170854271357            0.9970767074809188
-17.22613065326633            0.9970767603663309
-17.110552763819094           0.997076492066935
-16.99497487437186            0.9970769460618378
-16.87939698492462            0.997076416531289
-16.763819095477388           0.997077160072172
-16.64824120603015            0.9970765104994607
-16.532663316582916           0.997076591032627
-16.417085427135678           0.9970765334578058
-16.301507537688444           0.9970759662816934
-16.185929648241206           0.997076543255948
-16.07035175879397            0.997076803592873
-15.954773869346734           0.9970754786980908
-15.839195979899497           0.9970764516029859
-15.72361809045226            0.9970765603425182
-15.608040201005025           0.997077214415793
-15.492462311557789           0.9970764385417287
-15.376884422110553           0.9970763733446053
-15.261306532663315           0.9970765296744554
-15.145728643216081           0.997076446326114
-15.030150753768844           0.9970772917369993
-14.914572864321608           0.9970761809463001
-14.798994974874372           0.9970754759914119
-14.683417085427136           0.9970764431587628
-14.5678391959799             0.9970763696372069
-14.452261306532662           0.9970763289895351
-14.336683417085428           0.9970762481452905
-14.22110552763819            0.9970767310459252
-14.105527638190955           0.9970761992847273
-13.989949748743719           0.9970753149082152
-13.874371859296481           0.9970760479732742
-13.758793969849247           0.9970767516607587
-13.64321608040201            0.9970761457005282
-13.527638190954773           0.997075478972693
-13.412060301507537           0.9970761857587311
-13.296482412060302           0.9970760146072172
-13.180904522613066           0.9970763221068842
-13.065326633165828           0.9970757817052635
-12.949748743718594           0.9970761760190509
-12.834170854271356           0.9970756967691041
-12.71859296482412            0.9970763620633233
-12.603015075376884           0.9970756070599571
-12.487437185929648           0.9970761919113004
-12.371859296482413           0.9970759645138901
-12.256281407035175           0.9970762614477088
-12.14070351758794            0.997076036094741
-12.025125628140703           0.9970758567977293
-11.909547738693467           0.9970758572131103
-11.793969849246231           0.9970757671526368
-11.678391959798995           0.997076014799433
-11.56281407035176            0.9970759541737527
-11.447236180904522           0.9970763173787949
-11.331658291457286           0.9970760183533782
-11.21608040201005            0.9970759400161243
-11.100502512562814           0.9970762549797416
-10.984924623115578           0.9970760066896318
-10.869346733668342           0.9970758713359077
-10.753768844221106           0.9970752222972724
-10.638190954773869           0.9970760119304009
-10.522613065326633           0.9970757845028413
-10.407035175879397           0.9970760027423416
-10.291457286432161           0.9970766689943619
-10.175879396984925           0.9970758429107535
-10.06030150753769            0.9970757099456782
-9.944723618090451            0.9970758467703966
-9.829145728643216            0.9970755062600692
-9.71356783919598             0.9970763047092502
-9.597989949748744            0.9970758253838192
-9.482412060301508            0.9970757914917887
-9.366834170854272            0.9970758892733836
-9.251256281407034            0.9970757966101962
-9.135678391959798            0.9970757334653099
-9.020100502512562            0.9970759173248257
-8.904522613065327            0.9970753645444718
-8.78894472361809             0.9970752845764568
-8.673366834170855            0.9970767969886007
-8.557788944723619            0.9970757600714607
-8.442211055276381            0.997076734904721
-8.326633165829145            0.9970753122426581
-8.21105527638191             0.9970754869771546
-8.095477386934673            0.9970757988654521
-7.9798994974874375           0.997075695941252
-7.864321608040202            0.9970756521365347
-7.748743718592964            0.9970755813289739
-7.633165829145728            0.9970757008700888
-7.517587939698492            0.9970754397553943
-7.402010050251256            0.9970759452017303
-7.28643216080402             0.9970756611203765
-7.170854271356784            0.9970755932079733
-7.055276381909547            0.9970753280531564
-6.939698492462311            0.9970755825297986
-6.824120603015075            0.9970756023599608
-6.708542713567839            0.997075448026255
-6.592964824120603            0.997075572726214
-6.477386934673367            0.9970755480830167
-6.361809045226131            0.9970755624659479
-6.246231155778894            0.997075454003372
-6.130653266331658            0.9970755400259529
-6.015075376884422            0.9970755424636457
-5.899497487437186            0.9970756030826183
-5.78391959798995             0.9970754891330185
-5.668341708542714            0.9970755108498025
-5.5527638190954764           0.9970753585020423
-5.4371859296482405           0.9970752281854964
-5.321608040201005            0.9970753524770789
-5.206030150753769            0.9970754301927414
-5.090452261306533            0.997075525946757
-4.974874371859297            0.9970754509958403
-4.859296482412061            0.9970756508169825
-4.743718592964823            0.9970754512980053
-4.628140703517587            0.9970755502390837
-4.5125628140703515           0.9970753936171047
-4.396984924623116            0.9970754076027103
-4.28140703517588             0.9970754306920045
-4.165829145728644            0.9970754085802488
-4.050251256281406            0.9970753142212962
-3.934673366834172            0.997075429587755
-3.8190954773869343           0.9970754458171004
-3.7035175879396967           0.9970753851362226
-3.5879396984924625           0.9970753995978934
-3.472361809045225            0.9970753856842631
-3.3567839195979907           0.9970754052919024
-3.241206030150753            0.9970753547211189
-3.125628140703519            0.9970753437175848
-3.0100502512562812           0.9970753472029785
-2.8944723618090435           0.9970753814046601
-2.7788944723618094           0.9970752278650943
-2.6633165829145717           0.9970753292010143
-2.5477386934673376           0.9970753305883724
-2.4321608040201              0.997075324679251
-2.316582914572866            0.9970753282108867
-2.201005025125628            0.9970753419644648
-2.0854271356783904           0.9970753300073635
-1.9698492462311563           0.9970752905593702
-1.8542713567839186           0.997075231840316
-1.7386934673366845           0.9970752547273699
-1.6231155778894468           0.9970752056993719
-1.5075376884422127           0.9970752647083754
-1.391959798994975            0.9970751949336389
-1.2763819095477373           0.997075081465845
-1.1608040201005032           0.9970747374921899
-1.0452261306532655           0.9970737400175714
-0.9296482412060314           0.9970710187133456
-0.8140703517587937           0.997063697587476
-0.698492462311556            0.9970434968139426
-0.5829145728643219           0.9969899061191062
-0.46733668341708423          0.996849194822289
-0.3517587939698501           0.9964874827442994
-0.23618090452261245          0.9955821088286182
-0.12060301507537828          0.9933904831968543
-0.005025125628140596         0.9883006211215855
0.11055276381909708           0.9770547125606931
0.22613065326633117           0.9535979443365732
0.34170854271356893           0.9076636268983483
0.457286432160803             0.8233670320225467
0.5728643216080407            0.6780439284022226
0.6884422110552748            0.44127414574878504
0.8040201005025125            0.07371524024293033
0.9195979899497502            -0.47470014720486076
1.0351758793969843            -1.2675244952651523
1.150753768844222             -2.3857502048040327
1.266331658291456             -3.9333457866400776
1.3819095477386938            -6.044928468817744
1.4974874371859315            -8.895825390723141
1.6130653266331656            -12.714620457303198
1.7286432160804033            -17.799108782870693
1.8442211055276374            -24.537262191954223
1.959798994974875             -33.43481547407991
2.075376884422109             -45.15131112213325
2.190954773869347             -60.54710277733952
2.3065326633165846            -80.74465864463892
2.4221105527638187            -107.20853489461915
2.5376884422110564            -141.84971821765478
2.6532663316582905            -187.16177154177655
2.768844221105528             -248.14812797125728
