-20.0                         1.0880785746297779
-19.884422110552762           1.0880796559052242
-19.768844221105528           1.08807843647711
-19.65326633165829            1.0880774003982132
-19.537688442211056           1.0880785196580764
-19.42211055276382            1.0880782739785169
-19.306532663316585           1.0880785748749993
-19.190954773869347           1.0880770311408992
-19.07537688442211            1.088078694051059
-18.959798994974875           1.0880783429461125
-18.844221105527637           1.0880796259093826
-18.728643216080403           1.088078156100719
-18.613065326633166           1.0880785245845572
-18.49748743718593            1.0880782453786413
-18.381909547738694           1.0880806421615905
-18.266331658291456           1.0880781181000723
-18.150753768844222           1.0880781924061895
-18.035175879396984           1.0880784363936018
-17.91959798994975            1.0880781451515393
-17.804020100502512           1.088078647961765
-17.688442211055275           1.088078289111782
-17.57286432160804            1.0880778395444641
-17.457286432160803           1.0880778971612366
-17.34170854271357            1.0880780330904187
-17.22613065326633            1.0880780550648281
-17.110552763819094           1.0880778559302715
-16.99497487437186            1.0880783323685912
-16.87939698492462            1.0880777031960946
-16.763819095477388           1.0880785658808163
-16.64824120603015            1.088077830551053
-16.532663316582916           1.0880780012407925
-16.417085427135678           1.088077886122222
-16.301507537688444           1.0880772782963188
-16.185929648241206           1.0880778978853949
-16.07035175879397            1.0880781808676872
-15.954773869346734           1.0880767802251994
-15.839195979899497           1.088077811850043
-15.72361809045226            1.0880779431225764
-15.608040201005025           1.088078684718185
-15.492462311557789           1.0880778069301846
-15.376884422110553           1.0880778019518997
-15.261306532663315           1.0880778916967497
-15.145728643216081           1.0880778206462618
-15.030150753768844           1.088078674875964
-14.914572864321608           1.0880775402471279
-14.798994974874372           1.0880768113297923
-14.683417085427136           1.088077818565696
-14.5678391959799             1.0880777480982753
-14.452261306532662           1.0880777074677017
-14.336683417085428           1.0880776122148486
-14.22110552763819            1.0880781808133089
-14.105527638190955           1.0880775632791588
-13.989949748743719           1.0880766458837199
-13.874371859296481           1.088077403769945
-13.758793969849247           1.088078091944754
-13.64321608040201            1.0880775054684444
-13.527638190954773           1.0880767911815954
-13.412060301507537           1.0880775540033318
-13.296482412060302           1.088077318638735
-13.180904522613066           1.0880777082568744
-13.065326633165828           1.0880771682631736
-12.949748743718594           1.0880775308674624
-12.834170854271356           1.0880770542486782
-12.71859296482412            1.0880777295253157
-12.603015075376884           1.0880769789934743
-12.487437185929648           1.088077556751729
-12.371859296482413           1.0880773059698652
-12.256281407035175           1.088077633457078
-12.14070351758794            1.0880774043081263
-12.025125628140703           1.0880771697474731
-11.909547738693467           1.0880772171688238
-11.793969849246231           1.088077151127989
-11.678391959798995           1.0880773875573635
-11.56281407035176            1.0880773194989306
-11.447236180904522           1.0880777067129956
-11.331658291457286           1.0880773826838297
-11.21608040201005            1.0880773042430785
-11.100502512562814           1.0880776020648624
-10.984924623115578           1.088077371906793
-10.869346733668342           1.0880772375641898
-10.753768844221106           1.0880765584669116
-10.638190954773869           1.088077392692967
-10.522613065326633           1.0880771436799725
-10.407035175879397           1.0880773735606526
-10.291457286432161           1.088078096930162
-10.175879396984925           1.088077205905292
-10.06030150753769            1.0880770710740555
-9.944723618090451            1.0880772202302644
-9.829145728643216            1.0880768340824323
-9.71356783919598             1.0880777040898957
-9.597989949748744            1.0880771998563976
-9.482412060301508            1.0880771609206465
-9.366834170854272            1.0880772665814606
-9.251256281407034            1.088077166836343
-9.135678391959798            1.0880770958518131
-9.020100502512562            1.0880772805267787
-8.904522613065327            1.0880767024550457
-8.78894472361809             1.0880766273583993
-8.673366834170855            1.0880782119647738
-8.557788944723619            1.0880771354726244
-8.442211055276381            1.0880781480680148
-8.326633165829145            1.0880766569603555
-8.21105527638191             1.0880768238381726
-8.095477386934673            1.0880771889059961
-7.9798994974874375           1.0880770652887886
-7.864321608040202            1.0880770217242979
-7.748743718592964            1.0880769447243255
-7.633165829145728            1.0880770756216642
-7.517587939698492            1.0880768038940694
-7.402010050251256            1.0880773345758683
-7.28643216080402             1.08807702954805
-7.170854271356784            1.0880769600212354
-7.055276381909547            1.0880766920103995
-6.939698492462311            1.088076953406492
-6.824120603015075            1.0880769708552702
-6.708542713567839            1.088076800685406
-6.592964824120603            1.0880769463850093
-6.477386934673367            1.0880769336472884
-6.361809045226131            1.0880769376053643
-6.246231155778894            1.0880768223403652
-6.130653266331658            1.0880769059976445
-6.015075376884422            1.0880769055665604
-5.899497487437186            1.0880769664911962
-5.78391959798995             1.0880768536231178
-5.668341708542714            1.0880768791630153
-5.5527638190954764           1.088076722745502
-5.4371859296482405           1.088076583966937
-5.321608040201005            1.0880767114641496
-5.206030150753769            1.0880768020378921
-5.090452261306533            1.0880769068573832
-4.974874371859297            1.0880768052108223
-4.859296482412061            1.0880770183914426
-4.743718592964823            1.0880768170550026
-4.628140703517587            1.088076923931058
-4.5125628140703515           1.088076764682824
-4.396984924623116            1.0880767741151463
-4.28140703517588             1.0880767982462054
-4.165829145728644            1.0880767774559774
-4.050251256281406            1.088076670467135
-3.934673366834172            1.0880767996721188
-3.8190954773869343           1.0880768179712523
-3.7035175879396967           1.0880767540862732
-3.5879396984924625           1.0880767715125994
-3.472361809045225            1.0880767570456455
-3.3567839195979907           1.0880767757400733
-3.241206030150753            1.088076727473257
-3.125628140703519            1.088076711940089
-3.0100502512562812           1.0880767147920396
-2.8944723618090435           1.088076759180032
-2.7788944723618094           1.0880765924098714
-2.6633165829145717           1.0880767036945955
-2.5477386934673376           1.08807669999993
-2.4321608040201              1.0880766935371702
-2.316582914572866            1.0880766981894119
-2.201005025125628            1.0880767118861736
-2.0854271356783904           1.088076699203086
-1.9698492462311563           1.0880766591279116
-1.8542713567839186           1.0880765987662122
-1.7386934673366845           1.088076623795545
-1.6231155778894468           1.0880765759625728
-1.5075376884422127           1.088076647491854
-1.391959798994975            1.088076597873938
-1.2763819095477373           1.0880765527383325
-1.1608040201005032           1.088076383329579
-1.0452261306532655           1.088075844751722
-0.9296482412060314           1.088074317350434
-0.8140703517587937           1.0880700903908744
-0.698492462311556            1.0880577041111767
-0.5829145728643219           1.0880235157825136
-0.46733668341708423          1.0879297239941899
-0.3517587939698501           1.0876778690304951
-0.23618090452261245          1.0870195205245994
-0.12060301507537828          1.0853560280181314
-0.005025125628140596         1.081327402732409
0.11055276381909708           1.072061361418421
0.22613065326633117           1.0519969935617333
0.34170854271356893           1.0113651462543103
0.457286432160803             0.9346267042973095
0.5728643216080407            0.7991964126716132
0.6884422110552748            0.5744673074870744
0.8040201005025125            0.2207437966317492
0.9195979899497502            -0.3124406263211443
1.0351758793969843            -1.0890001214098264
1.150753768844222             -2.190213052016492
1.266331658291456             -3.720250655555713
1.3819095477386938            -5.813866918655675
1.4974874371859315            -8.646491106006458
1.6130653266331656            -12.446791568148987
1.7286432160804033            -17.51262895382097
1.8442211055276374            -24.23202107980411
1.959798994974875             -33.11073394651027
2.075376884422109             -44.80833154108293
2.190954773869347             -60.18518265041059
2.3065326633165846            -80.36376635623562
2.4221105527638187            -106.80864675672431
2.5376884422110564            -141.43081638714128
2.6532663316582905            -186.72384252375136
2.768844221105528             -247.69126867477488
