-20.0                         0.2098248788231729
-19.884422110552762           0.20982519891065718
-19.768844221105528           0.20982483724352938
-19.65326633165829            0.20982438717732457
-19.537688442211056           0.20982481269885278
-19.42211055276382            0.20982487218816365
-19.306532663316585           0.2098248127630249
-19.190954773869347           0.2098248684413828
-19.07537688442211            0.20982475163785996
-18.959798994974875           0.20982472829497306
-18.844221105527637           0.20982480148506044
-18.728643216080403           0.20982469670881165
-18.613065326633166           0.2098245956271736
-18.49748743718593            0.20982465045191231
-18.381909547738694           0.20982492269551536
-18.266331658291456           0.2098245734667534
-18.150753768844222           0.20982461614460984
-18.035175879396984           0.20982425752147177
-17.91959798994975            0.20982453782345536
-17.804020100502512           0.20982453266977766
-17.688442211055275           0.2098245523672648
-17.57286432160804            0.20982453844297547
-17.457286432160803           0.20982437759917996
-17.34170854271357            0.20982446690618667
-17.22613065326633            0.20982451464727614
-17.110552763819094           0.2098243738435666
-16.99497487437186            0.2098243957544558
-16.87939698492462            0.20982445814105935
-16.763819095477388           0.20982437890445252
-16.64824120603015            0.2098243916887987
-16.532663316582916           0.20982433543847187
-16.417085427135678           0.20982437426793685
-16.301507537688444           0.20982435808300212
-16.185929648241206           0.20982427812232315
-16.07035175879397            0.20982430492440862
-15.954773869346734           0.20982412127249975
-15.839195979899497           0.20982422645074453
-15.72361809045226            0.20982421425811237
-15.608040201005025           0.20982409978359007
-15.492462311557789           0.20982414074524483
-15.376884422110553           0.20982408381202047
-15.261306532663315           0.20982416437237403
-15.145728643216081           0.2098241132482512
-15.030150753768844           0.20982416252455402
-14.914572864321608           0.20982401961763542
-14.798994974874372           0.20982398041313388
-14.683417085427136           0.20982405576849342
-14.5678391959799             0.2098240767047928
-14.452261306532662           0.20982405133448412
-14.336683417085428           0.2098239936959793
-14.22110552763819            0.2098239197154562
-14.105527638190955           0.20982400262771914
-13.989949748743719           0.20982365757043733
-13.874371859296481           0.20982391524437807
-13.758793969849247           0.20982430074820216
-13.64321608040201            0.20982394308662025
-13.527638190954773           0.20982396119522137
-13.412060301507537           0.2098239130697064
-13.296482412060302           0.20982403472236744
-13.180904522613066           0.20982387439382683
-13.065326633165828           0.209823676397891
-12.949748743718594           0.20982388381227823
-12.834170854271356           0.20982363292250175
-12.71859296482412            0.2098239005651479
-12.603015075376884           0.2098236471071674
-12.487437185929648           0.20982380555256555
-12.371859296482413           0.20982379823396705
-12.256281407035175           0.2098238045926633
-12.14070351758794            0.20982373500874454
-12.025125628140703           0.2098238605942903
-11.909547738693467           0.20982367062998517
-11.793969849246231           0.20982368548439434
-11.678391959798995           0.20982369816749538
-11.56281407035176            0.20982368449136687
-11.447236180904522           0.2098237187892397
-11.331658291457286           0.20982367835407473
-11.21608040201005            0.20982365555204116
-11.100502512562814           0.20982387991294113
-10.984924623115578           0.20982364431062023
-10.869346733668342           0.20982359491118954
-10.753768844221106           0.20982341933982485
-10.638190954773869           0.20982359291286434
-10.522613065326633           0.2098235875344649
-10.407035175879397           0.20982356506079167
-10.291457286432161           0.2098235691507194
-10.175879396984925           0.20982354354096894
-10.06030150753769            0.20982349560415275
-9.944723618090451            0.20982351615969722
-9.829145728643216            0.20982357508778232
-9.71356783919598             0.20982348297298753
-9.597989949748744            0.20982347882400654
-9.482412060301508            0.20982348301042303
-9.366834170854272            0.2098234564915719
-9.251256281407034            0.2098234523809973
-9.135678391959798            0.20982344837710626
-9.020100502512562            0.20982343431178846
-8.904522613065327            0.20982344618023158
-8.78894472361809             0.2098233374007158
-8.673366834170855            0.20982372448850986
-8.557788944723619            0.2098233647548658
-8.442211055276381            0.20982369128112244
-8.326633165829145            0.2098233244596538
-8.21105527638191             0.2098234191213703
-8.095477386934673            0.2098233355803611
-7.9798994974874375           0.20982333773700046
-7.864321608040202            0.20982332724983582
-7.748743718592964            0.20982331866036205
-7.633165829145728            0.20982330869938828
-7.517587939698492            0.20982330146417005
-7.402010050251256            0.20982328258309055
-7.28643216080402             0.20982329675253297
-7.170854271356784            0.209823280201709
-7.055276381909547            0.20982321016924796
-6.939698492462311            0.20982325271088265
-6.824120603015075            0.20982324989419318
-6.708542713567839            0.20982328834707548
-6.592964824120603            0.2098232125292562
-6.477386934673367            0.20982315339322616
-6.361809045226131            0.20982320502835647
-6.246231155778894            0.2098231508477208
-6.130653266331658            0.20982319112914738
-6.015075376884422            0.2098231832603792
-5.899497487437186            0.20982317398776265
-5.78391959798995             0.20982315841723323
-5.668341708542714            0.20982314705789823
-5.5527638190954764           0.20982311756536412
-5.4371859296482405           0.20982303786613274
-5.321608040201005            0.2098230732409389
-5.206030150753769            0.20982302121997973
-5.090452261306533            0.20982296283474777
-4.974874371859297            0.20982293530762422
-4.859296482412061            0.20982287652806858
-4.743718592964823            0.20982267535665203
-4.628140703517587            0.20982252350422162
-4.5125628140703515           0.20982223499354752
-4.396984924623116            0.20982188358925685
-4.28140703517588             0.20982139983487258
-4.165829145728644            0.20982071471703811
-4.050251256281406            0.20981978261703527
-3.934673366834172            0.20981843020843688
-3.8190954773869343           0.20981656547503466
-3.7035175879396967           0.20981394984831936
-3.5879396984924625           0.2098102962736878
-3.472361809045225            0.20980517813330912
-3.3567839195979907           0.20979802258328928
-3.241206030150753            0.2097879944874571
-3.125628140703519            0.20977395268958982
-3.0100502512562812           0.20975431225964034
-2.8944723618090435           0.20972680027067173
-2.7788944723618094           0.20968832645703325
-2.6633165829145717           0.20963455319092503
-2.5477386934673376           0.2095593768281095
-2.4321608040201              0.20945429248826933
-2.316582914572866            0.20930752013246953
-2.201005025125628            0.20910264767475414
-2.0854271356783904           0.2088168784106057
-1.9698492462311563           0.20841859782237432
-1.8542713567839186           0.2078640674431743
-1.7386934673366845           0.207092869857303
-1.6231155778894468           0.20602168160404807
-1.5075376884422127           0.20453610596391644
-1.391959798994975            0.20247919037310488
-1.2763819095477373           0.19963658734905507
-1.1608040201005032           0.19571642996983535
-1.0452261306532655           0.1903226763859163
-0.9296482412060314           0.18292000434113004
-0.8140703517587937           0.1727874554231707
-0.698492462311556            0.1589575432322943
-0.5829145728643219           0.14013683780191497
-0.46733668341708423          0.11460117107475676
-0.3517587939698501           0.08005902671306911
-0.23618090452261245          0.03347217794498762
-0.12060301507537828          -0.029179265200084518
-0.005025125628140596         -0.11320464945924995
0.11055276381909708           -0.22560492321382378
0.22613065326633117           -0.3755972604492583
0.34170854271356893           -0.5752965886089277
0.457286432160803             -0.8405994241507158
0.5728643216080407            -1.1923266981635412
0.6884422110552748            -1.6576995754220771
0.8040201005025125            -2.2722432700821447
0.9195979899497502            -3.0822416140715427
1.0351758793969843            -4.147914350790014
1.150753768844222             -5.547586218782483
1.266331658291456             -7.383275721697475
1.3819095477386938            -9.788198371362638
1.4974874371859315            -12.936530552470238
1.6130653266331656            -17.05583254383068
1.7286432160804033            -22.443065159161545
1.8442211055276374            -29.485588135747452
1.959798994974875             -38.688703286122546
2.075376884422109             -50.71164440813432
2.190954773869347             -66.41454159931676
2.3065326633165846            -86.91969907014095
2.4221105527638187            -113.69155146711492
2.5376884422110564            -148.640994724327
2.6532663316582905            -194.2615235782785
2.768844221105528             -255.55478626271457
