-20.0                         0.25979836714031584
-19.884422110552762           0.25979861297199724
-19.768844221105528           0.25979832792638835
-19.65326633165829            0.25979796026012236
-19.537688442211056           0.2597983007623155
-19.42211055276382            0.2597983411320179
-19.306532663316585           0.25979828530653576
-19.190954773869347           0.25979836351450736
-19.07537688442211            0.25979822702342104
-18.959798994974875           0.25979821334525066
-18.844221105527637           0.2597982181439791
-18.728643216080403           0.2597981745463829
-18.613065326633166           0.2597980928015107
-18.49748743718593            0.25979813616803316
-18.381909547738694           0.25979827193831645
-18.266331658291456           0.2597980691263865
-18.150753768844222           0.25979809557924344
-18.035175879396984           0.259797812827032
-17.91959798994975            0.2597980266075802
-17.804020100502512           0.25979801012357423
-17.688442211055275           0.2597980121162019
-17.57286432160804            0.2597980126053158
-17.457286432160803           0.2597978827195234
-17.34170854271357            0.25979794565262765
-17.22613065326633            0.25979796555862483
-17.110552763819094           0.25979788028128126
-16.99497487437186            0.25979788311827867
-16.87939698492462            0.25979791453689277
-16.763819095477388           0.2597978494937271
-16.64824120603015            0.25979786086500806
-16.532663316582916           0.25979782797563455
-16.417085427135678           0.2597978564464761
-16.301507537688444           0.2597978344755811
-16.185929648241206           0.2597977629130795
-16.07035175879397            0.25979778128676334
-15.954773869346734           0.2597976721244404
-15.839195979899497           0.25979771686548264
-15.72361809045226            0.25979770060119195
-15.608040201005025           0.25979761099062076
-15.492462311557789           0.2597976322132783
-15.376884422110553           0.2597976082138461
-15.261306532663315           0.2597976439946308
-15.145728643216081           0.2597976047779581
-15.030150753768844           0.2597976091796179
-14.914572864321608           0.25979752263601064
-14.798994974874372           0.25979752622669455
-14.683417085427136           0.2597975430931635
-14.5678391959799             0.25979755665688165
-14.452261306532662           0.25979753422599144
-14.336683417085428           0.2597974853406136
-14.22110552763819            0.2597974343797459
-14.105527638190955           0.2597974886182667
-13.989949748743719           0.2597972152004866
-13.874371859296481           0.259797415976598
-13.758793969849247           0.25979770026178367
-13.64321608040201            0.2597974272428532
-13.527638190954773           0.25979746037090573
-13.412060301507537           0.25979739715151384
-13.296482412060302           0.2597974770940491
-13.180904522613066           0.25979736027792144
-13.065326633165828           0.25979721977462006
-12.949748743718594           0.25979735659321657
-12.834170854271356           0.25979715543083126
-12.71859296482412            0.2597973610214802
-12.603015075376884           0.25979718924227196
-12.487437185929648           0.25979728466766905
-12.371859296482413           0.2597972753861722
-12.256281407035175           0.2597972803421286
-12.14070351758794            0.25979722264741834
-12.025125628140703           0.2597973108793564
-11.909547738693467           0.2597971689027054
-11.793969849246231           0.2597971892982258
-11.678391959798995           0.25979718442069455
-11.56281407035176            0.259797172411206
-11.447236180904522           0.25979718608365177
-11.331658291457286           0.2597971566681447
-11.21608040201005            0.2597971388178165
-11.100502512562814           0.25979730739104134
-10.984924623115578           0.25979712123381327
-10.869346733668342           0.25979708385698014
-10.753768844221106           0.2597969528582367
-10.638190954773869           0.25979707476954605
-10.522613065326633           0.25979707321610396
-10.407035175879397           0.25979704835046
-10.291457286432161           0.25979702678569516
-10.175879396984925           0.25979702668241617
-10.06030150753769            0.25979698967798404
-9.944723618090451            0.2597970009018688
-9.829145728643216            0.25979704779717744
-9.71356783919598             0.2597969610406346
-9.597989949748744            0.2597969645290984
-9.482412060301508            0.2597969650698455
-9.366834170854272            0.2597969407697941
-9.251256281407034            0.2597969350461601
-9.135678391959798            0.2597969291353502
-9.020100502512562            0.2597969123404126
-8.904522613065327            0.25979693406372417
-8.78894472361809             0.25979684931404723
-8.673366834170855            0.25979713460392245
-8.557788944723619            0.25979684754720367
-8.442211055276381            0.25979710343275564
-8.326633165829145            0.2597968288888428
-8.21105527638191             0.25979688623207337
-8.095477386934673            0.2597968201389258
-7.9798994974874375           0.2597968158231037
-7.864321608040202            0.25979680469478156
-7.748743718592964            0.2597967964502716
-7.633165829145728            0.2597967791276418
-7.517587939698492            0.25979677398220824
-7.402010050251256            0.2597967416690927
-7.28643216080402             0.2597967486522586
-7.170854271356784            0.2597967271658925
-7.055276381909547            0.2597966707530247
-6.939698492462311            0.2597966774981008
-6.824120603015075            0.2597966533840778
-6.708542713567839            0.25979666877174346
-6.592964824120603            0.25979656674894747
-6.477386934673367            0.2597964795922485
-6.361809045226131            0.25979646577812965
-6.246231155778894            0.259796349055105
-6.130653266331658            0.2597962912848343
-6.015075376884422            0.2597961676511726
-5.899497487437186            0.2597960049983584
-5.78391959798995             0.2597957963608624
-5.668341708542714            0.25979553003992323
-5.5527638190954764           0.25979517422317167
-5.4371859296482405           0.2597946781142094
-5.321608040201005            0.2597941343388843
-5.206030150753769            0.2597933558686557
-5.090452261306533            0.25979235158386366
-4.974874371859297            0.2597910777871847
-4.859296482412061            0.2597894089815325
-4.743718592964823            0.25978715109866013
-4.628140703517587            0.25978429562683486
-4.5125628140703515           0.25978051487772447
-4.396984924623116            0.2597756208912859
-4.28140703517588             0.2597692459208402
-4.165829145728644            0.25976092784895893
-4.050251256281406            0.2597501028437547
-3.934673366834172            0.2597359504624829
-3.8190954773869343           0.25971752007562937
-3.7035175879396967           0.2596934900580011
-3.5879396984924625           0.2596621669324335
-3.472361809045225            0.2596213326313795
-3.3567839195979907           0.25956811373825117
-3.241206030150753            0.25949874540434725
-3.125628140703519            0.25940834153616277
-3.0100502512562812           0.25929055755796143
-2.8944723618090435           0.2591370911856957
-2.7788944723618094           0.25893721297434397
-2.6633165829145717           0.258676955760511
-2.5477386934673376           0.25833813709259096
-2.4321608040201              0.2578971506649494
-2.316582914572866            0.2573234108266794
-2.201005025125628            0.25657723768097834
-2.0854271356783904           0.25560721850121515
-1.9698492462311563           0.25434679152336
-1.8542713567839186           0.2527098736062209
-1.7386934673366845           0.25058520279384755
-1.6231155778894468           0.2478290669780644
-1.5075376884422127           0.2442561198592058
-1.391959798994975            0.23962724260393872
-1.2763819095477373           0.23363432332318282
-1.1608040201005032           0.22588037327470256
-1.0452261306532655           0.21585386032017265
-0.9296482412060314           0.2028954808929087
-0.8140703517587937           0.18615475651347624
-0.698492462311556            0.16453316363898327
-0.5829145728643219           0.13660971794562654
-0.46733668341708423          0.1005420654063593
-0.3517587939698501           0.05393610798425271
-0.23618090452261245          -0.006327124445882142
-0.12060301507537828          -0.08432082018104434
-0.005025125628140596         -0.18537576654566254
0.11055276381909708           -0.31647984211171953
0.22613065326633117           -0.4868021411154862
0.34170854271356893           -0.7083764055413454
0.457286432160803             -0.9969891261913222
0.5728643216080407            -1.3733286184230924
0.6884422110552748            -1.864468434107304
0.8040201005025125            -2.5057793161783315
0.9195979899497502            -3.343392138394389
1.0351758793969843            -4.4373842681391125
1.150753768844222             -5.86595861413103
1.266331658291456             -7.731037900510777
1.3819095477386938            -10.16575989984526
1.4974874371859315            -13.34422659359511
1.6130653266331656            -17.49392482608985
1.7286432160804033            -22.911751505873482
1.8442211055276374            -29.985016806261346
1.959798994974875             -39.21898571151783
2.075376884422109             -51.272864699549544
2.190954773869347             -67.0067634687443
2.3065326633165846            -87.54297090881616
2.4221105527638187            -114.34591010675747
2.5376884422110564            -149.32646824360702
2.6532663316582905            -194.978133408924
2.768844221105528             -256.30237420241303
