-20.0                         0.8811117811255176
-19.884422110552762           0.881112733573737
-19.768844221105528           0.8811116632956387
-19.65326633165829            0.8811106530533062
-19.537688442211056           0.8811116717153198
-19.42211055276382            0.8811115302609873
-19.306532663316585           0.881111828901124
-19.190954773869347           0.8811104719700712
-19.07537688442211            0.8811118449734329
-18.959798994974875           0.8811115329283877
-18.844221105527637           0.881112775468065
-18.728643216080403           0.8811114561621501
-18.613065326633166           0.8811116370946428
-18.49748743718593            0.8811114752688416
-18.381909547738694           0.8811135994229012
-18.266331658291456           0.8811113236173813
-18.150753768844222           0.8811114030009682
-18.035175879396984           0.88111141753916
-17.91959798994975            0.8811113682581431
-17.804020100502512           0.8811117704157931
-17.688442211055275           0.8811115902291792
-17.57286432160804            0.8811110829079013
-17.457286432160803           0.8811110993730009
-17.34170854271357            0.881111307142338
-17.22613065326633            0.8811113966553108
-17.110552763819094           0.8811110506683714
-16.99497487437186            0.881111468380746
-16.87939698492462            0.8811110688303035
-16.763819095477388           0.8811116609841063
-16.64824120603015            0.8811111221831305
-16.532663316582916           0.8811110991308019
-16.417085427135678           0.8811111045858829
-16.301507537688444           0.8811105978761538
-16.185929648241206           0.881111111611402
-16.07035175879397            0.8811113398318764
-15.954773869346734           0.8811101179651579
-15.839195979899497           0.8811110128969375
-15.72361809045226            0.881111096342632
-15.608040201005025           0.8811116326267785
-15.492462311557789           0.881110989499423
-15.376884422110553           0.8811108565272535
-15.261306532663315           0.8811110871723901
-15.145728643216081           0.8811109895688859
-15.030150753768844           0.8811118102105178
-14.914572864321608           0.8811107439397142
-14.798994974874372           0.8811100759509238
-14.683417085427136           0.8811109847758528
-14.5678391959799             0.8811109118757574
-14.452261306532662           0.8811108716357807
-14.336683417085428           0.8811108048476466
-14.22110552763819            0.8811111788014937
-14.105527638190955           0.8811107578938874
-13.989949748743719           0.8811099161575581
-13.874371859296481           0.881110615416606
-13.758793969849247           0.8811113356188227
-13.64321608040201            0.88111070910205
-13.527638190954773           0.8811101067729344
-13.412060301507537           0.8811107381795311
-13.296482412060302           0.8811106467314487
-13.180904522613066           0.8811108500236366
-13.065326633165828           0.8811103140730505
-12.949748743718594           0.8811107432255151
-12.834170854271356           0.8811102628019045
-12.71859296482412            0.881110912502482
-12.603015075376884           0.8811101582187306
-12.487437185929648           0.8811107454268834
-12.371859296482413           0.8811105506409684
-12.256281407035175           0.8811108043980486
-12.14070351758794            0.8811105876125723
-12.025125628140703           0.8811104781081163
-11.909547738693467           0.8811104192023628
-11.793969849246231           0.8811103057262618
-11.678391959798995           0.8811105609099484
-11.56281407035176            0.8811105090849497
-11.447236180904522           0.8811108407346904
-11.331658291457286           0.8811105737286494
-11.21608040201005            0.8811104964355622
-11.100502512562814           0.8811108312979297
-10.984924623115578           0.8811105607431589
-10.869346733668342           0.8811104253049639
-10.753768844221106           0.8811098160896386
-10.638190954773869           0.8811105470179424
-10.522613065326633           0.8811103478195649
-10.407035175879397           0.8811105466034944
-10.291457286432161           0.8811111398084804
-10.175879396984925           0.8811104003477932
-10.06030150753769            0.8811102702939149
-9.944723618090451            0.8811103925469678
-9.829145728643216            0.8811101106018336
-9.71356783919598             0.8811108099470294
-9.597989949748744            0.8811103688687644
-9.482412060301508            0.881110341720534
-9.366834170854272            0.8811104276111243
-9.251256281407034            0.8811103452435358
-9.135678391959798            0.8811102928271496
-9.020100502512562            0.8811104695443309
-8.904522613065327            0.8811099567473935
-8.78894472361809             0.8811098692386027
-8.673366834170855            0.8811112856371895
-8.557788944723619            0.8811103018072438
-8.442211055276381            0.8811112259658656
-8.326633165829145            0.8811098942507734
-8.21105527638191             0.8811100788033569
-8.095477386934673            0.8811103215409445
-7.9798994974874375           0.8811102443032922
-7.864321608040202            0.8811102014321401
-7.748743718592964            0.8811101385599279
-7.633165829145728            0.8811102432123408
-7.517587939698492            0.8811099995682622
-7.402010050251256            0.8811104651293196
-7.28643216080402             0.8811102112458014
-7.170854271356784            0.881110146074229
-7.055276381909547            0.8811098865565355
-6.939698492462311            0.8811101304613734
-6.824120603015075            0.8811101526102549
-6.708542713567839            0.8811100191744037
-6.592964824120603            0.8811101169388724
-6.477386934673367            0.8811100780803157
-6.361809045226131            0.8811101051172163
-6.246231155778894            0.8811100050104076
-6.130653266331658            0.8811100931469029
-6.015075376884422            0.8811100981080339
-5.899497487437186            0.8811101571785933
-5.78391959798995             0.8811100448092516
-5.668341708542714            0.8811100616474538
-5.5527638190954764           0.8811099168292572
-5.4371859296482405           0.8811097956479949
-5.321608040201005            0.8811099169581252
-5.206030150753769            0.8811099783541628
-5.090452261306533            0.8811100606297009
-4.974874371859297            0.8811100190418398
-4.859296482412061            0.8811102010946702
-4.743718592964823            0.881110004751374
-4.628140703517587            0.8811100938339187
-4.5125628140703515           0.8811099424479631
-4.396984924623116            0.8811099606995552
-4.28140703517588             0.8811099820521547
-4.165829145728644            0.8811099589099549
-4.050251256281406            0.8811098808032584
-3.934673366834172            0.8811099776983234
-3.8190954773869343           0.881109991327268
-3.7035175879396967           0.8811099349716339
-3.5879396984924625           0.8811099457298331
-3.472361809045225            0.8811099325680485
-3.3567839195979907           0.8811099524559541
-3.241206030150753            0.8811099009790061
-3.125628140703519            0.8811098946288624
-3.0100502512562812           0.8811098987828929
-2.8944723618090435           0.8811099204192988
-2.7788944723618094           0.8811097837232605
-2.6633165829145717           0.881109872510062
-2.5477386934673376           0.8811098799184718
-2.4321608040201              0.881109874554554
-2.316582914572866            0.881109876767594
-2.201005025125628            0.8811098899593507
-2.0854271356783904           0.8811098789654268
-1.9698492462311563           0.8811098403294081
-1.8542713567839186           0.8811097829145785
-1.7386934673366845           0.8811098002464185
-1.6231155778894468           0.8811097416100053
-1.5075376884422127           0.8811097654726846
-1.391959798994975            0.8811096229526802
-1.2763819095477373           0.8811093066235791
-1.1608040201005032           0.8811084596138234
-1.0452261306532655           0.8811062059558196
-0.9296482412060314           0.881100380711087
-0.8140703517587937           0.8810854604908317
-0.698492462311556            0.8810470506068692
-0.5829145728643219           0.8809506427838135
-0.46733668341708423          0.8807118612888959
-0.3517587939698501           0.8801326772361686
-0.23618090452261245          0.8787641252633713
-0.12060301507537828          0.875634079291006
-0.005025125628140596         0.8687549727859475
0.11055276381909708           0.8543335153086231
0.22613065326633117           0.825678034078782
0.34170854271356893           0.7719317986430321
0.457286432160803             0.6768491259561716
0.5728643216080407            0.517742034453636
0.6884422110552748            0.2644738395738858
0.8040201005025125            -0.12183611910411028
0.9195979899497502            -0.6907541215739401
1.0351758793969843            -1.5053844309638271
1.150753768844222             -2.6463657008423
1.266331658291456             -4.217414901708444
1.3819095477386938            -6.352978162063139
1.4974874371859315            -9.228253164776039
1.6130653266331656            -13.071715665712945
1.7286432160804033            -18.181076277604916
1.8442211055276374            -24.944247153171993
1.959798994974875             -33.866922351110894
2.075376884422109             -45.608616177648486
2.190954773869347             -61.02966233723535
2.3065326633165846            -81.25251467520533
2.4221105527638187            -107.7417188723207
2.5376884422110564            -142.4082538713679
2.6532663316582905            -187.74567682883563
2.768844221105528             -248.7572736999005
