-20.0                         0.2581553956128581
-19.884422110552762           0.25815592280385646
-19.768844221105528           0.2581553431939335
-19.65326633165829            0.25815467245023344
-19.537688442211056           0.2581553142070566
-19.42211055276382            0.25815539012408445
-19.306532663316585           0.2581553954067175
-19.190954773869347           0.2581551578843554
-19.07537688442211            0.2581553179342696
-18.959798994974875           0.25815522888115006
-18.844221105527637           0.2581556719128897
-18.728643216080403           0.258155245083067
-18.613065326633166           0.25815510781518947
-18.49748743718593            0.2581551652746685
-18.381909547738694           0.258155976802695
-18.266331658291456           0.2581550530403611
-18.150753768844222           0.2581551291519444
-18.035175879396984           0.25815466881210347
-17.91959798994975            0.2581550470988894
-17.804020100502512           0.2581551164294876
-17.688442211055275           0.25815519540667964
-17.57286432160804            0.2581550387274513
-17.457286432160803           0.25815483786694693
-17.34170854271357            0.2581550199372545
-17.22613065326633            0.25815515871462724
-17.110552763819094           0.25815481281362
-16.99497487437186            0.2581549196584479
-16.87939698492462            0.25815504601297945
-16.763819095477388           0.25815497724331143
-16.64824120603015            0.2581549526431387
-16.532663316582916           0.25815478497639677
-16.417085427135678           0.2581548680413073
-16.301507537688444           0.25815480658096285
-16.185929648241206           0.25815479974983735
-16.07035175879397            0.25815485284279666
-15.954773869346734           0.2581543910487183
-15.839195979899497           0.2581547190713257
-15.72361809045226            0.2581547215691249
-15.608040201005025           0.25815462152985447
-15.492462311557789           0.25815464159569496
-15.376884422110553           0.25815445422675265
-15.261306532663315           0.25815470407432606
-15.145728643216081           0.2581546124999022
-15.030150753768844           0.25815490082363785
-14.914572864321608           0.258154483458339
-14.798994974874372           0.2581542427876863
-14.683417085427136           0.25815457370844763
-14.5678391959799             0.258154589342641
-14.452261306532662           0.2581545571431584
-14.336683417085428           0.25815448913839734
-14.22110552763819            0.25815439359501186
-14.105527638190955           0.2581544932347356
-13.989949748743719           0.25815396507904653
-13.874371859296481           0.2581543781403364
-13.758793969849247           0.2581549954316601
-13.64321608040201            0.25815444453994213
-13.527638190954773           0.2581543259267765
-13.412060301507537           0.2581544194960041
-13.296482412060302           0.2581546170896363
-13.180904522613066           0.25815439158682485
-13.065326633165828           0.2581540362470786
-12.949748743718594           0.2581544272718304
-12.834170854271356           0.25815405223807497
-12.71859296482412            0.2581544838266525
-12.603015075376884           0.2581539888113549
-12.487437185929648           0.25815434646818575
-12.371859296482413           0.2581543302363474
-12.256281407035175           0.25815435079021204
-12.14070351758794            0.25815424245642205
-12.025125628140703           0.25815442249240084
-11.909547738693467           0.2581541453766228
-11.793969849246231           0.2581540987775289
-11.678391959798995           0.258154204903588
-11.56281407035176            0.2581541844130446
-11.447236180904522           0.25815429830481995
-11.331658291457286           0.2581542125575505
-11.21608040201005            0.2581541687761737
-11.100502512562814           0.25815450930930073
-10.984924623115578           0.25815418495334713
-10.869346733668342           0.25815409641839193
-10.753768844221106           0.2581537844631969
-10.638190954773869           0.2581541192943182
-10.522613065326633           0.25815408070988405
-10.407035175879397           0.25815409572792397
-10.291457286432161           0.25815423531159587
-10.175879396984925           0.2581540619562069
-10.06030150753769            0.2581539806020862
-9.944723618090451            0.25815402971622436
-9.829145728643216            0.25815406462396434
-9.71356783919598             0.2581540798597081
-9.597989949748744            0.25815399062279076
-9.482412060301508            0.2581539976557832
-9.366834170854272            0.25815398441915266
-9.251256281407034            0.25815397335076623
-9.135678391959798            0.2581539712124652
-9.020100502512562            0.2581539950047586
-8.904522613065327            0.2581538938501574
-8.78894472361809             0.25815375407739044
-8.673366834170855            0.258154456750255
-8.557788944723619            0.2581538901339885
-8.442211055276381            0.25815441520006893
-8.326633165829145            0.25815375554055847
-8.21105527638191             0.2581539347718457
-8.095477386934673            0.2581538447017201
-7.9798994974874375           0.2581538581937318
-7.864321608040202            0.2581538406487381
-7.748743718592964            0.2581538208927234
-7.633165829145728            0.25815383496021893
-7.517587939698492            0.25815377587931576
-7.402010050251256            0.25815385413792696
-7.28643216080402             0.25815382909629886
-7.170854271356784            0.25815379849553566
-7.055276381909547            0.258153649013456
-6.939698492462311            0.25815376694680275
-6.824120603015075            0.2581537770874119
-6.708542713567839            0.25815378314121085
-6.592964824120603            0.2581537287534216
-6.477386934673367            0.2581536485060035
-6.361809045226131            0.25815372028133854
-6.246231155778894            0.2581536571347253
-6.130653266331658            0.25815372418471244
-6.015075376884422            0.2581537216287374
-5.899497487437186            0.2581537364279751
-5.78391959798995             0.2581537015480507
-5.668341708542714            0.258153698763986
-5.5527638190954764           0.2581536499451642
-5.4371859296482405           0.2581535584177382
-5.321608040201005            0.258153658384028
-5.206030150753769            0.2581536423124221
-5.090452261306533            0.25815363518209133
-4.974874371859297            0.258153705081787
-4.859296482412061            0.2581537711917572
-4.743718592964823            0.2581536375361412
-4.628140703517587            0.2581536776690001
-4.5125628140703515           0.25815360246974456
-4.396984924623116            0.2581536043331956
-4.28140703517588             0.25815360866070824
-4.165829145728644            0.2581535948043997
-4.050251256281406            0.2581536041193931
-3.934673366834172            0.2581535890360053
-3.8190954773869343           0.25815358627647506
-3.7035175879396967           0.2581535604344943
-3.5879396984924625           0.25815355146523367
-3.472361809045225            0.25815353399082974
-3.3567839195979907           0.2581535272722037
-3.241206030150753            0.258153486614658
-3.125628140703519            0.25815343841035654
-3.0100502512562812           0.25815337139019223
-2.8944723618090435           0.25815322209431046
-2.7788944723618094           0.25815297419688715
-2.6633165829145717           0.2581526421173212
-2.5477386934673376           0.25815205703906574
-2.4321608040201              0.2581510018491554
-2.316582914572866            0.25814919079689197
-2.201005025125628            0.2581460829701663
-2.0854271356783904           0.2581407385442674
-1.9698492462311563           0.25813155202437055
-1.8542713567839186           0.25811581596779937
-1.7386934673366845           0.2580889430180569
-1.6231155778894468           0.25804298051451985
-1.5075376884422127           0.2579647412662368
-1.391959798994975            0.2578317065668579
-1.2763819095477373           0.2576063236755758
-1.1608040201005032           0.25722604485569084
-1.0452261306532655           0.2565874333247597
-0.9296482412060314           0.25552119291423964
-0.8140703517587937           0.2537531332742352
-0.698492462311556            0.2508449435256687
-0.5829145728643219           0.24610729349127433
-0.46733668341708423          0.23847425213051252
-0.3517587939698501           0.22633075914974532
-0.23618090452261245          0.20728222471904184
-0.12060301507537828          0.17785854967193884
-0.005025125628140596         0.13314507383672017
0.11055276381909708           0.06633169676975721
0.22613065326633117           -0.03183618394298655
0.34170854271356893           -0.17373307713950661
0.457286432160803             -0.3757024141962249
0.5728643216080407            -0.6591451625173366
0.6884422110552748            -1.0519347095254934
0.8040201005025125            -1.5902645100159967
0.9195979899497502            -2.3210569971254817
1.0351758793969843            -3.3051043971562684
1.150753768844222             -4.62120617119462
1.266331658291456             -6.371743152893376
1.3819095477386938            -8.690211365221366
1.4974874371859315            -11.751040749966437
1.6130653266331656            -15.782032605993288
1.7286432160804033            -21.080352609927427
1.8442211055276374            -28.033516288289796
1.959798994974875             -37.146939228791005
2.075376884422109             -49.079938460251476
2.190954773869347             -64.69270555809943
2.3065326633165846            -85.10759052271976
2.4221105527638187            -111.78906232846599
2.5376884422110564            -146.64804277528333
2.6532663316582905            -192.17804616761566
2.768844221105528             -253.38124354914672
