-20.0                         0.6425954938614721
-19.884422110552762           0.6425963064384699
-19.768844221105528           0.6425954021370182
-19.65326633165829            0.6425944615726398
-19.537688442211056           0.6425953661014383
-19.42211055276382            0.6425953271445852
-19.306532663316585           0.6425955659641378
-19.190954773869347           0.642594522881711
-19.07537688442211            0.6425955041389239
-18.959798994974875           0.6425952553263762
-18.844221105527637           0.6425963428159892
-18.728643216080403           0.6425952697196305
-18.613065326633166           0.6425952711059149
-18.49748743718593            0.6425952198831696
-18.381909547738694           0.6425969638266876
-18.266331658291456           0.6425950609764242
-18.150753768844222           0.6425951451326566
-18.035175879396984           0.6425949242326185
-17.91959798994975            0.6425951056581372
-17.804020100502512           0.642595387715917
-17.688442211055275           0.6425953732619593
-17.57286432160804            0.6425949002264681
-17.457286432160803           0.6425948350174179
-17.34170854271357            0.6425950887405417
-17.22613065326633            0.6425952386208803
-17.110552763819094           0.6425947846430978
-16.99497487437186            0.6425951039632269
-16.87939698492462            0.6425949659482106
-16.763819095477388           0.6425952591025966
-16.64824120603015            0.6425949439271171
-16.532663316582916           0.6425947641680388
-16.417085427135678           0.642594856582554
-16.301507537688444           0.6425945025142508
-16.185929648241206           0.6425948518705767
-16.07035175879397            0.6425950081969681
-15.954773869346734           0.6425940243868903
-15.839195979899497           0.6425947437163253
-15.72361809045226            0.642594786936115
-15.608040201005025           0.6425950666837855
-15.492462311557789           0.6425946994554421
-15.376884422110553           0.6425944679529401
-15.261306532663315           0.6425948017536081
-15.145728643216081           0.6425946844818015
-15.030150753768844           0.6425953969886463
-14.914572864321608           0.6425944808739602
-14.798994974874372           0.6425939171245283
-14.683417085427136           0.6425946736576682
-14.5678391959799             0.6425946193882628
-14.452261306532662           0.6425945810943832
-14.336683417085428           0.6425945270647391
-14.22110552763819            0.6425946855086652
-14.105527638190955           0.6425944913003974
-13.989949748743719           0.6425937421648507
-13.874371859296481           0.6425943614330332
-13.758793969849247           0.642595098112053
-13.64321608040201            0.6425944492664282
-13.527638190954773           0.6425939965093123
-13.412060301507537           0.6425944558478128
-13.296482412060302           0.642594515124609
-13.180904522613066           0.6425945131337804
-13.065326633165828           0.6425940060136718
-12.949748743718594           0.6425944810360786
-12.834170854271356           0.642594009411772
-12.71859296482412            0.6425946131209521
-12.603015075376884           0.6425938895623496
-12.487437185929648           0.6425944518075716
-12.371859296482413           0.6425943301676704
-12.256281407035175           0.6425944864573554
-12.14070351758794            0.6425942995303068
-12.025125628140703           0.6425943274649253
-11.909547738693467           0.6425941532638647
-11.793969849246231           0.6425940210596586
-11.678391959798995           0.6425942642349919
-11.56281407035176            0.6425942273745535
-11.447236180904522           0.642594489460077
-11.331658291457286           0.6425942889236127
-11.21608040201005            0.6425942173020489
-11.100502512562814           0.6425945836102309
-10.984924623115578           0.6425942723208815
-10.869346733668342           0.6425941423215337
-10.753768844221106           0.6425936227189261
-10.638190954773869           0.6425942253834959
-10.522613065326633           0.6425940856343846
-10.407035175879397           0.6425942286724561
-10.291457286432161           0.6425946682209881
-10.175879396984925           0.642594120914229
-10.06030150753769            0.642594000275474
-9.944723618090451            0.642594095770886
-9.829145728643216            0.6425939356802696
-9.71356783919598             0.6425944029222205
-9.597989949748744            0.6425940652678189
-9.482412060301508            0.642594052467713
-9.366834170854272            0.6425941070834679
-9.251256281407034            0.6425940498459155
-9.135678391959798            0.6425940204142246
-9.020100502512562            0.6425941607624448
-8.904522613065327            0.64259376117833
-8.78894472361809             0.6425936536800533
-8.673366834170855            0.6425948531218936
-8.557788944723619            0.6425939914102551
-8.442211055276381            0.6425947989135083
-8.326633165829145            0.6425936723245385
-8.21105527638191             0.6425938739019403
-8.095477386934673            0.6425939738475487
-7.9798994974874375           0.6425939444857068
-7.864321608040202            0.6425939076651213
-7.748743718592964            0.6425938610246121
-7.633165829145728            0.642593933783955
-7.517587939698492            0.6425937408840258
-7.402010050251256            0.6425940953611122
-7.28643216080402             0.6425939159938931
-7.170854271356784            0.6425938593391924
-7.055276381909547            0.6425936204350612
-6.939698492462311            0.6425938349067882
-6.824120603015075            0.6425938584983786
-6.708542713567839            0.642593771257556
-6.592964824120603            0.642593812797673
-6.477386934673367            0.642593748944872
-6.361809045226131            0.6425937993499449
-6.246231155778894            0.6425937150137313
-6.130653266331658            0.6425938034052241
-6.015075376884422            0.6425938093369465
-5.899497487437186            0.6425938602269621
-5.78391959798995             0.6425937627327564
-5.668341708542714            0.6425937700575871
-5.5527638190954764           0.6425936496639337
-5.4371859296482405           0.6425935416962203
-5.321608040201005            0.6425936596266445
-5.206030150753769            0.6425936883968276
-5.090452261306533            0.642593737478967
-4.974874371859297            0.6425937585598435
-4.859296482412061            0.6425939012966487
-4.743718592964823            0.6425937156968671
-4.628140703517587            0.6425937857557509
-4.5125628140703515           0.6425936525972019
-4.396984924623116            0.6425936731300664
-4.28140703517588             0.6425936895790726
-4.165829145728644            0.6425936669455959
-4.050251256281406            0.6425936227792978
-3.934673366834172            0.6425936788900565
-3.8190954773869343           0.6425936872615037
-3.7035175879396967           0.6425936409239862
-3.5879396984924625           0.642593644620433
-3.472361809045225            0.642593632984209
-3.3567839195979907           0.6425936505250573
-3.241206030150753            0.6425936045306204
-3.125628140703519            0.6425936031893327
-3.0100502512562812           0.6425936079925927
-2.8944723618090435           0.6425936057911726
-2.7788944723618094           0.6425935037532664
-2.6633165829145717           0.6425935670861452
-2.5477386934673376           0.6425935848231156
-2.4321608040201              0.6425935796356774
-2.316582914572866            0.6425935784291563
-2.201005025125628            0.6425935859234858
-2.0854271356783904           0.6425935714078347
-1.9698492462311563           0.642593522117155
-1.8542713567839186           0.6425934369871257
-1.7386934673366845           0.6425933698971646
-1.6231155778894468           0.6425931233775338
-1.5075376884422127           0.6425926985327762
-1.391959798994975            0.6425915658448437
-1.2763819095477373           0.6425889681461128
-1.1608040201005032           0.642582994944722
-1.0452261306532655           0.6425692899323917
-0.9296482412060314           0.6425381482084964
-0.8140703517587937           0.6424679339255732
-0.698492462311556            0.6423108473935932
-0.5829145728643219           0.6419646664966108
-0.46733668341708423          0.641213323085504
-0.3517587939698501           0.6396147083189613
-0.23618090452261245          0.6362955273947084
-0.12060301507537828          0.6296048950727369
-0.005025125628140596         0.6165808284865852
0.11055276381909708           0.5922155148001927
0.22613065326633117           0.5485636052113502
0.34170854271356893           0.47378713542466083
0.457286432160803             0.3512110788996237
0.5728643216080407            0.15836031465539735
0.6884422110552748            -0.13418056929644004
0.8040201005025125            -0.5643140296049403
0.9195979899497502            -1.1806036225519843
1.0351758793969843            -2.0452715005331763
1.150753768844222             -3.2382601916285902
1.266331658291456             -4.862788127898939
1.3819095477386938            -7.05295666411915
1.4974874371859315            -9.983695950722705
1.6130653266331656            -13.883253853689181
1.7286432160804033            -19.049160616660185
1.8442211055276374            -25.869199527371194
1.959798994974875             -34.84897571794881
2.075376884422109             -46.64794139550207
2.190954773869347             -62.12638602860575
2.3065326633165846            -82.40673142589384
2.4221105527638187            -108.95349976531813
2.5376884422110564            -143.67765257379114
2.6532663316582905            -189.0727340009398
2.768844221105528             -250.14169581045326
