-20.0                         0.23680131580471944
-19.884422110552762           0.23680181259419533
-19.768844221105528           0.23680126557295633
-19.65326633165829            0.23680062706897845
-19.537688442211056           0.23680123853492868
-19.42211055276382            0.2368013166575402
-19.306532663316585           0.23680130413924388
-19.190954773869347           0.23680113186575846
-19.07537688442211            0.23680122995451494
-18.959798994974875           0.23680115428708645
-18.844221105527637           0.23680152877345526
-18.728643216080403           0.23680116197024048
-18.613065326633166           0.23680102669058917
-18.49748743718593            0.23680108687117643
-18.381909547738694           0.23680180683810764
-18.266331658291456           0.23680098065240607
-18.150753768844222           0.23680105330523002
-18.035175879396984           0.23680059507798018
-17.91959798994975            0.23680096921709168
-17.804020100502512           0.23680102318381024
-17.688442211055275           0.23680109510876957
-17.57286432160804            0.2368009693809854
-17.457286432160803           0.2368007677633082
-17.34170854271357            0.23680093510977207
-17.22613065326633            0.2368010617207557
-17.110552763819094           0.23680074660051068
-16.99497487437186            0.23680083740649494
-16.87939698492462            0.2368009617401679
-16.763819095477388           0.23680088271317598
-16.64824120603015            0.2368008697184548
-16.532663316582916           0.23680072021449203
-16.417085427135678           0.23680079546828128
-16.301507537688444           0.23680074944569252
-16.185929648241206           0.23680072047550915
-16.07035175879397            0.23680076848377724
-15.954773869346734           0.2368003539618019
-15.839195979899497           0.2368006448392584
-15.72361809045226            0.23680064486754396
-15.608040201005025           0.23680053085378674
-15.492462311557789           0.23680056525095802
-15.376884422110553           0.23680039730163127
-15.261306532663315           0.23680062158630316
-15.145728643216081           0.23680053615370075
-15.030150753768844           0.23680078014805905
-14.914572864321608           0.23680041301631743
-14.798994974874372           0.2368002072091808
-14.683417085427136           0.2368004941253369
-14.5678391959799             0.23680051363599197
-14.452261306532662           0.23680048226518283
-14.336683417085428           0.23680041404554697
-14.22110552763819            0.23680031392999937
-14.105527638190955           0.23680042083264918
-13.989949748743719           0.23679991815647414
-13.874371859296481           0.23680030840561161
-13.758793969849247           0.23680089809609983
-13.64321608040201            0.23680037030809709
-13.527638190954773           0.23680027989290858
-13.412060301507537           0.23680034381742598
-13.296482412060302           0.2368005371300188
-13.180904522613066           0.23680031207190555
-13.065326633165828           0.23679997839868516
-12.949748743718594           0.23680034630756808
-12.834170854271356           0.23679998756383114
-12.71859296482412            0.2368003962804567
-12.603015075376884           0.23679993557488255
-12.487437185929648           0.23680026379706184
-12.371859296482413           0.23680025139110794
-12.256281407035175           0.23680026722269987
-12.14070351758794            0.23680016552135782
-12.025125628140703           0.2368003447904887
-11.909547738693467           0.23680007350440357
-11.793969849246231           0.23680003914015138
-11.678391959798995           0.2368001283334528
-11.56281407035176            0.23680010896072584
-11.447236180904522           0.23680020926469741
-11.331658291457286           0.2368001319211093
-11.21608040201005            0.23680009164437815
-11.100502512562814           0.2368004197210755
-10.984924623115578           0.23680010316907954
-10.869346733668342           0.2368000205335479
-10.753768844221106           0.23679972974743038
-10.638190954773869           0.2368000391193097
-10.522613065326633           0.23680000757829245
-10.407035175879397           0.2368000137087356
-10.291457286432161           0.23680012796951097
-10.175879396984925           0.23679998364645036
-10.06030150753769            0.23679990730738346
-9.944723618090451            0.23679995200236145
-9.829145728643216            0.2367999968664502
-9.71356783919598             0.23679998309076714
-9.597989949748744            0.23679991292667163
-9.482412060301508            0.23679992042478806
-9.366834170854272            0.23679990299100648
-9.251256281407034            0.23679989435769813
-9.135678391959798            0.23679989262881493
-9.020100502512562            0.23679990746165583
-8.904522613065327            0.23679983101762497
-8.78894472361809             0.2367996921467968
-8.673366834170855            0.2368003452494754
-8.557788944723619            0.23679980975452078
-8.442211055276381            0.2368003049851496
-8.326633165829145            0.23679969160715508
-8.21105527638191             0.23679986143650703
-8.095477386934673            0.23679976603361325
-7.9798994974874375           0.23679977899708315
-7.864321608040202            0.23679976295071695
-7.748743718592964            0.23679974520523495
-7.633165829145728            0.23679975471005266
-7.517587939698492            0.23679970672788966
-7.402010050251256            0.23679976330521627
-7.28643216080402             0.236799748538305
-7.170854271356784            0.23679972047540715
-7.055276381909547            0.23679958288889635
-6.939698492462311            0.23679968919610894
-6.824120603015075            0.2367996972696574
-6.708542713567839            0.23679971063170366
-6.592964824120603            0.23679965021714547
-6.477386934673367            0.23679957170818502
-6.361809045226131            0.23679964251171834
-6.246231155778894            0.2367995807877248
-6.130653266331658            0.23679964439701456
-6.015075376884422            0.2367996412034723
-5.899497487437186            0.23679965216443918
-5.78391959798995             0.23679962285048112
-5.668341708542714            0.23679961990349024
-5.5527638190954764           0.23679957737199114
-5.4371859296482405           0.23679948867586773
-5.321608040201005            0.23679958403872645
-5.206030150753769            0.23679956613075526
-5.090452261306533            0.2367995565748033
-4.974874371859297            0.23679962365825485
-4.859296482412061            0.23679968354732278
-4.743718592964823            0.2367995576992791
-4.628140703517587            0.2367995952239802
-4.5125628140703515           0.23679952550082992
-4.396984924623116            0.23679952505467464
-4.28140703517588             0.23679952792481912
-4.165829145728644            0.23679951427197643
-4.050251256281406            0.23679952505976679
-3.934673366834172            0.23679950424870377
-3.8190954773869343           0.23679949756044966
-3.7035175879396967           0.23679946871550447
-3.5879396984924625           0.2367994510118933
-3.472361809045225            0.23679941980666022
-3.3567839195979907           0.236799389273301
-3.241206030150753            0.23679931358949696
-3.125628140703519            0.23679920317932246
-3.0100502512562812           0.23679903551889117
-2.8944723618090435           0.236798722025978
-2.7788944723618094           0.2367982117781811
-2.6633165829145717           0.23679744300071262
-2.5477386934673376           0.2367961523840099
-2.4321608040201              0.23679395473553033
-2.316582914572866            0.23679029626519452
-2.201005025125628            0.23678420896869637
-2.0854271356783904           0.2367740758737313
-1.9698492462311563           0.2367572186167193
-1.8542713567839186           0.23672924192096279
-1.7386934673366845           0.2366829178597295
-1.6231155778894468           0.23660621682891225
-1.5075376884422127           0.23647968126830324
-1.391959798994975            0.2362712946581565
-1.2763819095477373           0.2359292779542242
-1.1608040201005032           0.2353701382342283
-1.0452261306532655           0.23446019502175755
-0.9296482412060314           0.23298749607404126
-0.8140703517587937           0.23061939101521206
-0.698492462311556            0.22684018878199996
-0.5829145728643219           0.22086233723400736
-0.46733668341708423          0.21150152020346932
-0.3517587939698501           0.19700870263350362
-0.23618090452261245          0.1748491879616895
-0.12060301507537828          0.14142061908424675
-0.005025125628140596         0.09170030280319906
0.11055276381909708           0.018809402557578462
0.22613065326633117           -0.08652646023226877
0.34170854271356893           -0.23665109037626952
0.457286432160803             -0.4478334906947669
0.5728643216080407            -0.7413690369447624
0.6884422110552748            -1.145008978341356
0.8040201005025125            -1.6948213413383317
0.9195979899497502            -2.437609949737145
1.0351758793969843            -3.434062325928277
1.150753768844222             -4.76289237154749
1.266331658291456             -6.526416572124208
1.3819095477386938            -8.858082327003604
1.4974874371859315            -11.932276965000792
1.6130653266331656            -15.976762133156086
1.7286432160804033            -21.288670262977302
1.8442211055276374            -28.255491893894987
1.959798994974875             -37.3826245549223
2.075376884422109             -49.329372176465185
2.190954773869347             -64.95591672312467
2.3065326633165846            -85.38460107375603
2.4221105527638187            -112.07988888504671
2.5376884422110564            -146.95269796239245
2.6532663316582905            -192.4965395954365
2.768844221105528             -253.7135048556794
