-20.0                         0.8430468958163769
-19.884422110552762           0.8430478255658155
-19.768844221105528           0.8430467820462378
-19.65326633165829            0.8430457797683583
-19.537688442211056           0.8430467803748186
-19.42211055276382            0.8430466565633825
-19.306532663316585           0.8430469499869043
-19.190954773869347           0.8430456355348752
-19.07537688442211            0.8430469504450722
-18.959798994974875           0.843046647072816
-18.844221105527637           0.8430478734583688
-18.728643216080403           0.8430465879606952
-18.613065326633166           0.8430467370863423
-18.49748743718593            0.8430465948391342
-18.381909547738694           0.8430486636151814
-18.266331658291456           0.843046440418632
-18.150753768844222           0.8430465206641917
-18.035175879396984           0.8430464952507155
-17.91959798994975            0.8430464865875018
-17.804020100502512           0.8430468698402542
-17.688442211055275           0.8430467195479915
-17.57286432160804            0.8430462101367596
-17.457286432160803           0.8430462157028233
-17.34170854271357            0.8430464338987121
-17.22613065326633            0.8430465345980385
-17.110552763819094           0.8430461661787567
-16.99497487437186            0.8430465702164288
-16.87939698492462            0.8430462135139026
-16.763819095477388           0.8430467564544057
-16.64824120603015            0.8430462540419551
-16.532663316582916           0.8430462003507032
-16.417085427135678           0.8430462237315552
-16.301507537688444           0.843045738925854
-16.185929648241206           0.843046229592943
-16.07035175879397            0.8430464466783762
-15.954773869346734           0.8430452603208777
-15.839195979899497           0.8430461287577993
-15.72361809045226            0.8430462047379874
-15.608040201005025           0.843046701084452
-15.492462311557789           0.8430461019886852
-15.376884422110553           0.8430459492785398
-15.261306532663315           0.8430462013044409
-15.145728643216081           0.8430460995380158
-15.030150753768844           0.8430469084083789
-14.914572864321608           0.8430458605099747
-14.798994974874372           0.8430452064047481
-14.683417085427136           0.8430460940825888
-14.5678391959799             0.8430460225638019
-14.452261306532662           0.8430459825470002
-14.336683417085428           0.8430459192659552
-14.22110552763819            0.8430462577824693
-14.105527638190955           0.8430458734161211
-13.989949748743719           0.8430450458988985
-13.874371859296481           0.8430457334432532
-13.758793969849247           0.8430464580851323
-13.64321608040201            0.8430458260177833
-13.527638190954773           0.8430452458770354
-13.412060301507537           0.8430458514728916
-13.296482412060302           0.8430457854818483
-13.180904522613066           0.8430459549216328
-13.065326633165828           0.8430454217071659
-12.949748743718594           0.8430458607369872
-12.834170854271356           0.8430453805730613
-12.71859296482412            0.8430460243337281
-12.603015075376884           0.8430452720650959
-12.487437185929648           0.8430458582078092
-12.371859296482413           0.8430456746840408
-12.256281407035175           0.8430459134443057
-12.14070351758794            0.8430457003568106
-12.025125628140703           0.843045613484653
-11.909547738693467           0.8430455353950416
-11.793969849246231           0.8430454161351509
-11.678391959798995           0.8430456720187575
-11.56281407035176            0.8430456228836442
-11.447236180904522           0.8430459439027732
-11.331658291457286           0.8430456874461422
-11.21608040201005            0.8430456107235541
-11.100502512562814           0.8430459515670353
-10.984924623115578           0.843045673972733
-10.869346733668342           0.8430455388463024
-10.753768844221106           0.84304494314481
-10.638190954773869           0.8430456543306536
-10.522613065326633           0.8430454645263226
-10.407035175879397           0.8430456558065462
-10.291457286432161           0.843046224898993
-10.175879396984925           0.8430455148193744
-10.06030150753769            0.8430453859062771
-9.944723618090451            0.8430455036324398
-9.829145728643216            0.8430452410111646
-9.71356783919598             0.8430459058690597
-9.597989949748744            0.843045479008106
-9.482412060301508            0.8430454541268104
-9.366834170854272            0.8430455356473884
-9.251256281407034            0.8430454569540506
-9.135678391959798            0.8430454081816582
-9.020100502512562            0.843045581047548
-8.904522613065327            0.8430450834035155
-8.78894472361809             0.8430449930960912
-8.673366834170855            0.8430463768330726
-8.557788944723619            0.8430454111879512
-8.442211055276381            0.8430463179829916
-8.326633165829145            0.8430450171836437
-8.21105527638191             0.8430452048364241
-8.095477386934673            0.843045424680804
-7.9798994974874375           0.8430453556185753
-7.864321608040202            0.8430453133508241
-7.748743718592964            0.8430452530839484
-7.633165829145728            0.8430453527575149
-7.517587939698492            0.8430451158437834
-7.402010050251256            0.8430455663558286
-7.28643216080402             0.8430453232462556
-7.170854271356784            0.8430452591586651
-7.055276381909547            0.8430450020412047
-6.939698492462311            0.8430452420036015
-6.824120603015075            0.84304526470943
-6.708542713567839            0.8430451383297509
-6.592964824120603            0.8430452272034202
-6.477386934673367            0.8430451839406964
-6.361809045226131            0.8430452149644719
-6.246231155778894            0.8430451175119064
-6.130653266331658            0.8430452060910414
-6.015075376884422            0.8430452115911994
-5.899497487437186            0.8430452698396749
-5.78391959798995             0.8430451587589537
-5.668341708542714            0.8430451740135019
-5.5527638190954764           0.8430450322633005
-5.4371859296482405           0.8430449136805849
-5.321608040201005            0.8430450342489627
-5.206030150753769            0.8430450903299945
-5.090452261306533            0.8430451677522142
-4.974874371859297            0.8430451368331546
-4.859296482412061            0.8430453128675726
-4.743718592964823            0.8430451178099396
-4.628140703517587            0.8430452037350286
-4.5125628140703515           0.8430450545592086
-4.396984924623116            0.8430450737929432
-4.28140703517588             0.8430450944798114
-4.165829145728644            0.8430450711729186
-4.050251256281406            0.8430449984386374
-3.934673366834172            0.8430450890691482
-3.8190954773869343           0.8430451018532327
-3.7035175879396967           0.8430450469850648
-3.5879396984924625           0.8430450565565445
-3.472361809045225            0.8430450436459037
-3.3567839195979907           0.8430450634152831
-3.241206030150753            0.8430450121479678
-3.125628140703519            0.8430450070273743
-3.0100502512562812           0.8430450113584942
-2.8944723618090435           0.8430450289915058
-2.7788944723618094           0.8430448978225545
-2.6633165829145717           0.8430449825210325
-2.5477386934673376           0.843044991784991
-2.4321608040201              0.8430449865583409
-2.316582914572866            0.8430449883519162
-2.201005025125628            0.8430450011767822
-2.0854271356783904           0.843044990431674
-1.9698492462311563           0.8430449518952019
-1.8542713567839186           0.8430448943175348
-1.7386934673366845           0.8430449081543804
-1.6231155778894468           0.8430448420987549
-1.5075376884422127           0.8430448443835808
-1.391959798994975            0.8430446541577518
-1.2763819095477373           0.8430442149478958
-1.1608040201005032           0.8430430714960031
-1.0452261306532655           0.8430401033003323
-0.9296482412060314           0.8430325748045882
-0.8140703517587937           0.8430136413645042
-0.698492462311556            0.8429659636190904
-0.5829145728643219           0.8428485776257463
-0.46733668341708423          0.8425635576594506
-0.3517587939698501           0.8418857407495974
-0.23618090452261245          0.8403151559783787
-0.12060301507537828          0.8367913894623683
-0.005025125628140596         0.8291896345151907
0.11055276381909708           0.813531233265122
0.22613065326633117           0.7829164818051422
0.34170854271356893           0.7263086354420759
0.457286432160803             0.6273643290855355
0.5728643216080407            0.4634062992824789
0.6884422110552748            0.2044011617364477
0.8040201005025125            -0.18837785616367017
0.9195979899497502            -0.764334520319371
1.0351758793969843            -1.5864289366441038
1.150753768844222             -2.7351860593132353
1.266331658291456             -4.31424179160303
1.3819095477386938            -6.457986748552761
1.4974874371859315            -9.341576173052857
1.6130653266331656            -13.193450080883537
1.7286432160804033            -18.311291011216014
1.8442211055276374            -25.08299119682836
1.959798994974875             -34.01423103810606
2.075376884422109             -45.76451535408559
2.190954773869347             -61.19417111921938
2.3065326633165846            -81.42564732055968
2.4221105527638187            -107.92348608364964
2.5376884422110564            -142.5986637219146
2.6532663316582905            -187.94473543106943
2.768844221105528             -248.96493701648342
