-20.0                         0.2625936014650442
-19.884422110552762           0.26259384453913576
-19.768844221105528           0.2625935623270003
-19.65326633165829            0.2625931977970018
-19.537688442211056           0.2625935350384064
-19.42211055276382            0.2625935746310269
-19.306532663316585           0.2625935191118016
-19.190954773869347           0.26259359744291766
-19.07537688442211            0.26259346093153735
-18.959798994974875           0.2625934474863732
-18.844221105527637           0.26259345042006804
-18.728643216080403           0.2625934085248892
-18.613065326633166           0.26259332751829306
-18.49748743718593            0.26259337036594366
-18.381909547738694           0.2625935017574079
-18.266331658291456           0.2625933036784017
-18.150753768844222           0.2625933295101786
-18.035175879396984           0.26259304982839
-17.91959798994975            0.26259326093207735
-17.804020100502512           0.2625932441560674
-17.688442211055275           0.26259324559716896
-17.57286432160804            0.26259324632642167
-17.457286432160803           0.2625931176572353
-17.34170854271357            0.26259317967876494
-17.22613065326633            0.2625931986836197
-17.110552763819094           0.26259311516185546
-16.99497487437186            0.2625931173931846
-16.87939698492462            0.26259314776395803
-16.763819095477388           0.26259308328845005
-16.64824120603015            0.2625930945266805
-16.532663316582916           0.26259306229376944
-16.417085427135678           0.26259309040324613
-16.301507537688444           0.2625930681549085
-16.185929648241206           0.2625929971111245
-16.07035175879397            0.262593015154512
-15.954773869346734           0.2625929084698849
-15.839195979899497           0.262592951213327
-15.72361809045226            0.26259293481587465
-15.608040201005025           0.26259284624254864
-15.492462311557789           0.2625928666512856
-15.376884422110553           0.26259284362455926
-15.261306532663315           0.26259287800755055
-15.145728643216081           0.2625928391944743
-15.030150753768844           0.262592842353585
-14.914572864321608           0.2625927574853857
-14.798994974874372           0.26259276226872635
-14.683417085427136           0.2625927773844506
-14.5678391959799             0.2625927906211233
-14.452261306532662           0.262592768299731
-14.336683417085428           0.2625927197654665
-14.22110552763819            0.2625926696510907
-14.105527638190955           0.2625927227714017
-13.989949748743719           0.262592452071259
-13.874371859296481           0.2625926507059163
-13.758793969849247           0.26259293115423454
-13.64321608040201            0.26259266135578163
-13.527638190954773           0.2625926946963844
-13.412060301507537           0.2625926312680162
-13.296482412060302           0.2625927096623578
-13.180904522613066           0.2625925944857171
-13.065326633165828           0.262592456052931
-12.949748743718594           0.26259259033489973
-12.834170854271356           0.2625923910493538
-12.71859296482412            0.2625925943178485
-12.603015075376884           0.26259242539690175
-12.487437185929648           0.2625925186628544
-12.371859296482413           0.26259250929872313
-12.256281407035175           0.26259251418377955
-12.14070351758794            0.2625924569269007
-12.025125628140703           0.2625925437213993
-11.909547738693467           0.2625924035641555
-11.793969849246231           0.26259242398329363
-11.678391959798995           0.2625924186266072
-11.56281407035176            0.26259240666534295
-11.447236180904522           0.26259241966160923
-11.331658291457286           0.26259239061492157
-11.21608040201005            0.2625923729154502
-11.100502512562814           0.2625925393307941
-10.984924623115578           0.262592355137749
-10.869346733668342           0.262592318172958
-10.753768844221106           0.26259218878125123
-10.638190954773869           0.262592308837499
-10.522613065326633           0.2625923073481694
-10.407035175879397           0.26259228247697214
-10.291457286432161           0.26259226021214876
-10.175879396984925           0.2625922607839479
-10.06030150753769            0.2625922241655448
-9.944723618090451            0.2625922350513934
-9.829145728643216            0.26259228135581786
-9.71356783919598             0.2625921951127741
-9.597989949748744            0.26259219869873895
-9.482412060301508            0.2625921990824228
-9.366834170854272            0.2625921748984523
-9.251256281407034            0.2625921690802739
-9.135678391959798            0.2625921630825841
-9.020100502512562            0.26259214623879007
-8.904522613065327            0.26259216803333896
-8.78894472361809             0.26259208423428754
-8.673366834170855            0.26259236581296125
-8.557788944723619            0.2625920814063216
-8.442211055276381            0.26259233457981734
-8.326633165829145            0.26259206323944445
-8.21105527638191             0.2625921190926711
-8.095477386934673            0.26259205355156795
-7.9798994974874375           0.26259204880775633
-7.864321608040202            0.2625920373810628
-7.748743718592964            0.2625920287940444
-7.633165829145728            0.26259201081420286
-7.517587939698492            0.26259200509002795
-7.402010050251256            0.26259197178779825
-7.28643216080402             0.26259197750278435
-7.170854271356784            0.26259195467774016
-7.055276381909547            0.2625918972335203
-6.939698492462311            0.2625919008885206
-6.824120603015075            0.2625918736480411
-6.708542713567839            0.2625918850512036
-6.592964824120603            0.26259177837009823
-6.477386934673367            0.26259168534412564
-6.361809045226131            0.26259166288398555
-6.246231155778894            0.262591536036623
-6.130653266331658            0.26259146467000627
-6.015075376884422            0.262591324113826
-5.899497487437186            0.26259113980132953
-5.78391959798995             0.2625909036684369
-5.668341708542714            0.26259060219470887
-5.5527638190954764           0.262590201726075
-5.4371859296482405           0.26258964911066507
-5.321608040201005            0.26258903194813454
-5.206030150753769            0.26258816105433447
-5.090452261306533            0.2625870391117993
-4.974874371859297            0.2625856150918376
-4.859296482412061            0.2625837556859575
-4.743718592964823            0.26258125696982293
-4.628140703517587            0.26257809466155707
-4.5125628140703515           0.26257392536922386
-4.396984924623116            0.26256853859071966
-4.28140703517588             0.2625615395564185
-4.165829145728644            0.2625524319856951
-4.050251256281406            0.26254060874986185
-3.934673366834172            0.2625251960761423
-3.8190954773869343           0.2625051754375984
-3.7035175879396967           0.2624791413703051
-3.5879396984924625           0.2624452953850747
-3.472361809045225            0.26240128919558586
-3.3567839195979907           0.2623440875851919
-3.241206030150753            0.26226972580261326
-3.125628140703519            0.262173070783033
-3.0100502512562812           0.2620474741138215
-2.8944723618090435           0.2618842613485236
-2.7788944723618094           0.26167224778391973
-2.6633165829145717           0.26139691252798836
-2.5477386934673376           0.2610394028284042
-2.4321608040201              0.26057530484970365
-2.316582914572866            0.259973064783195
-2.201005025125628            0.25919185010700657
-2.0854271356783904           0.2581788851926773
-1.9698492462311563           0.2568660092178668
-1.8542713567839186           0.25516527890779545
-1.7386934673366845           0.25296328933184165
-1.6231155778894468           0.25011388716783545
-1.5075376884422127           0.24642897638822583
-1.391959798994975            0.2416663852719451
-1.2763819095477373           0.23551466154129483
-1.1608040201005032           0.22757322393271495
-1.0452261306532655           0.21732675104711935
-0.9296482412060314           0.20411202916741733
-0.8140703517587937           0.18707464727777068
-0.698492462311556            0.1651122445707891
-0.5829145728643219           0.1368002272919382
-0.46733668341708423          0.10029300607031934
-0.3517587939698501           0.053193768511959116
-0.23618090452261245          -0.0076185047106421865
-0.12060301507537828          -0.08621825546249177
-0.005025125628140596         -0.18793662102331823
0.11055276381909708           -0.3197608526253287
0.22613065326633117           -0.4908584105786314
0.34170854271356893           -0.7132604230764088
0.457286432160803             -1.002749876833783
0.5728643216080407            -1.3800108443646173
0.6884422110552748            -1.8721120999668581
0.8040201005025125            -2.5144193133802304
0.9195979899497502            -3.3530582588773648
1.0351758793969843            -4.448101494442212
1.150753768844222             -5.877747772546262
1.266331658291456             -7.743916520636197
1.3819095477386938            -10.179742797817832
1.4974874371859315            -13.35932594573608
1.6130653266331656            -17.510150175955303
1.7286432160804033            -22.92911009109336
1.8442211055276374            -30.00351406649014
1.959798994974875             -39.23862574424777
2.075376884422109             -51.29365060292151
2.190954773869347             -67.02869759255546
2.3065326633165846            -87.56605503957391
2.4221105527638187            -114.37014560524199
2.5376884422110564            -149.3518561478086
2.6532663316582905            -195.0046745114641
2.768844221105528             -256.3300626446241
