-20.0                         0.2895804942069316
-19.884422110552762           0.28958071384555134
-19.768844221105528           0.28958045567531737
-19.65326633165829            0.2895801180710983
-19.537688442211056           0.28958042726764566
-19.42211055276382            0.2895804601502979
-19.306532663316585           0.2895804075998658
-19.190954773869347           0.28958048514887397
-19.07537688442211            0.2895803503278985
-18.959798994974875           0.28958033852241805
-18.844221105527637           0.2895803274789537
-18.728643216080403           0.28958029844649535
-18.613065326633166           0.289580223748095
-18.49748743718593            0.2895802619362887
-18.381909547738694           0.28958035824300743
-18.266331658291456           0.2895801982269707
-18.150753768844222           0.2895802187655895
-18.035175879396984           0.28957996569562666
-17.91959798994975            0.289580153617935
-17.804020100502512           0.2895801346952864
-17.688442211055275           0.2895801317778161
-17.57286432160804            0.2895801338241393
-17.457286432160803           0.2895800155976603
-17.34170854271357            0.28958007003611735
-17.22613065326633            0.2895800818142491
-17.110552763819094           0.2895800122652046
-16.99497487437186            0.2895800096541066
-16.87939698492462            0.28958003152829265
-16.763819095477388           0.2895799719056811
-16.64824120603015            0.2895799818148952
-16.532663316582916           0.289579954575806
-16.417085427135678           0.28957997961867876
-16.301507537688444           0.2895799550059352
-16.185929648241206           0.28957988879469954
-16.07035175879397            0.2895799039728532
-15.954773869346734           0.2895798174227194
-15.839195979899497           0.289579843996422
-15.72361809045226            0.28957982653286035
-15.608040201005025           0.2895797469085248
-15.492462311557789           0.28957976036613364
-15.376884422110553           0.28957974482086707
-15.261306532663315           0.28957976813592323
-15.145728643216081           0.28957973263394887
-15.030150753768844           0.2895797264087115
-14.914572864321608           0.2895796546420371
-14.798994974874372           0.28957966833245014
-14.683417085427136           0.28957966985384886
-14.5678391959799             0.28957968020611524
-14.452261306532662           0.2895796588082235
-14.336683417085428           0.28957961330656473
-14.22110552763819            0.2895795702100745
-14.105527638190955           0.28957961384965797
-13.989949748743719           0.28957936638903115
-13.874371859296481           0.2895795467250705
-13.758793969849247           0.2895797945038328
-13.64321608040201            0.28957955217131665
-13.527638190954773           0.28957958637004055
-13.412060301507537           0.2895795221234803
-13.296482412060302           0.2895795875218918
-13.180904522613066           0.2895794861585131
-13.065326633165828           0.2895793650187524
-12.949748743718594           0.2895794781543924
-12.834170854271356           0.28957929488704826
-12.71859296482412            0.2895794783890277
-12.603015075376884           0.2895793330969013
-12.487437185929648           0.28957940864600856
-12.371859296482413           0.28957939857983656
-12.256281407035175           0.28957940277526323
-12.14070351758794            0.2895793492401547
-12.025125628140703           0.289579423820527
-11.909547738693467           0.28957929907913627
-11.793969849246231           0.2895793191962342
-11.678391959798995           0.2895793102413789
-11.56281407035176            0.2895792986415038
-11.447236180904522           0.2895793061632291
-11.331658291457286           0.28957928013354356
-11.21608040201005            0.2895792636140863
-11.100502512562814           0.28957941152551836
-10.984924623115578           0.28957924429698945
-10.869346733668342           0.2895792107134526
-10.753768844221106           0.2895790948093472
-10.638190954773869           0.28957919928978665
-10.522613065326633           0.2895791981106719
-10.407035175879397           0.28957917337595923
-10.291457286432161           0.2895791458778587
-10.175879396984925           0.289579151367478
-10.06030150753769            0.28957911791380625
-9.944723618090451            0.2895791258961258
-9.829145728643216            0.2895791667840427
-9.71356783919598             0.28957908553980016
-9.597989949748744            0.28957908937250676
-9.482412060301508            0.2895790882247671
-9.366834170854272            0.2895790649002765
-9.251256281407034            0.28957905796553574
-9.135678391959798            0.2895790508946043
-9.020100502512562            0.28957903337185553
-8.904522613065327            0.28957905454121274
-8.78894472361809             0.2895789783260052
-8.673366834170855            0.289579227862751
-8.557788944723619            0.28957896495752294
-8.442211055276381            0.2895791936767841
-8.326633165829145            0.28957894748844654
-8.21105527638191             0.2895789887463565
-8.095477386934673            0.28957892533252
-7.9798994974874375           0.2895789137094483
-7.864321608040202            0.28957889557240035
-7.748743718592964            0.2895788788274646
-7.633165829145728            0.28957884892579033
-7.517587939698492            0.2895788299189872
-7.402010050251256            0.2895787786294603
-7.28643216080402             0.28957876071296057
-7.170854271356784            0.28957871074755726
-7.055276381909547            0.28957862465154177
-6.939698492462311            0.2895785779354388
-6.824120603015075            0.2895784937949504
-6.708542713567839            0.28957843313195997
-6.592964824120603            0.28957824020946865
-6.477386934673367            0.28957803889026046
-6.361809045226131            0.2895778702469991
-6.246231155778894            0.28957756736394513
-6.130653266331658            0.28957726866914535
-6.015075376884422            0.2895768457929828
-5.899497487437186            0.2895763060152113
-5.78391959798995             0.28957562391227326
-5.668341708542714            0.2895747613540866
-5.5527638190954764           0.28957365731791485
-5.4371859296482405           0.28957222476193845
-5.321608040201005            0.28957049117778494
-5.206030150753769            0.2895682280740344
-5.090452261306533            0.28956535986566184
-4.974874371859297            0.28956174232358467
-4.859296482412061            0.28955713791388943
-4.743718592964823            0.28955121339791257
-4.628140703517587            0.28954375578286473
-4.5125628140703515           0.28953422198174167
-4.396984924623116            0.2895221306552601
-4.28140703517588             0.28950676223001354
-4.165829145728644            0.2894872166812865
-4.050251256281406            0.2894623839818562
-3.934673366834172            0.28943077753919216
-3.8190954773869343           0.28939061291132356
-3.7035175879396967           0.2893395505304794
-3.5879396984924625           0.289274640557672
-3.472361809045225            0.2891921268888759
-3.3567839195979907           0.28908725142633984
-3.241206030150753            0.2889539514800663
-3.125628140703519            0.28878454112382573
-3.0100502512562812           0.28856927754863737
-2.8944723618090435           0.28829575196739504
-2.7788944723618094           0.2879482802119048
-2.6633165829145717           0.287506950568417
-2.5477386934673376           0.2869464813957642
-2.4321608040201              0.2862348297233173
-2.316582914572866            0.2853314323327091
-2.201005025125628            0.28418489077348225
-2.0854271356783904           0.282730121881807
-1.9698492462311563           0.2808847385134353
-1.8542713567839186           0.2785444914155848
-1.7386934673366845           0.2755774630361555
-1.6231155778894468           0.2718167116318485
-1.5075376884422127           0.2670510527552721
-1.391959798994975            0.2610130287960019
-1.2763819095477373           0.25336388232180174
-1.1608040201005032           0.24367403290253653
-1.0452261306532655           0.23139793262953068
-0.9296482412060314           0.21584151901539383
-0.8140703517587937           0.19611966728608146
-0.698492462311556            0.17110031771784476
-0.5829145728643219           0.13933116393658787
-0.46733668341708423          0.09894195351259183
-0.3517587939698501           0.047515322472365715
-0.23618090452261245          -0.018085137178093718
-0.12060301507537828          -0.1019431233710894
-0.005025125628140596         -0.2093920642753419
0.11055276381909708           -0.3474139285754298
0.22613065326633117           -0.5251630174556283
0.34170854271356893           -0.7546495308850102
0.457286432160803             -1.0516283516233786
0.5728643216080407            -1.436749370596406
0.6884422110552748            -1.9370426547455275
0.8040201005025125            -2.587832524897178
0.9195979899497502            -3.435202956135955
1.0351758793969843            -4.539186898032376
1.150753768844222             -5.977948754875452
1.266331658291456             -7.853380625424148
1.3819095477386938            -10.298594965579289
1.4974874371859315            -13.487669003388561
1.6130653266331656            -17.648064817274626
1.7286432160804033            -23.07665758187957
1.8442211055276374            -30.160740496858303
1.959798994974875             -39.405565858169076
2.075376884422109             -51.47033068558563
2.190954773869347             -67.2151375887884
2.3065326633165846            -87.76227011812824
2.4221105527638187            -114.57614732308994
2.5376884422110564            -149.5676533222244
2.6532663316582905            -195.23027387642884
2.768844221105528             -256.56541440341806
