-20.0                         0.9383063780114618
-19.884422110552762           0.9383073650827405
-19.768844221105528           0.9383062542348165
-19.65326633165829            0.9383052340169478
-19.537688442211056           0.9383062799800446
-19.42211055276382            0.9383061111150502
-19.306532663316585           0.9383064146731884
-19.190954773869347           0.938304998886302
-19.07537688442211            0.9383064562770146
-18.959798994974875           0.9383061321195346
-18.844221105527637           0.9383073935295807
-18.728643216080403           0.9383060270868728
-18.613065326633166           0.9383062575960778
-18.49748743718593            0.9383060651039777
-18.381909547738694           0.93830826923141
-18.266331658291456           0.9383059186705417
-18.150753768844222           0.9383059967138657
-18.035175879396984           0.9383060726966775
-17.91959798994975            0.9383059599804294
-17.804020100502512           0.9383063903387177
-17.688442211055275           0.9383061632825218
-17.57286432160804            0.9383056642361035
-17.457286432160803           0.9383056952332847
-17.34170854271357            0.9383058855239367
-17.22613065326633            0.9383059574104957
-17.110552763819094           0.9383056481029184
-16.99497487437186            0.938306084749369
-16.87939698492462            0.938305620853951
-16.763819095477388           0.9383062874867792
-16.64824120603015            0.9383056939576767
-16.532663316582916           0.9383057202050066
-16.417085427135678           0.9383056961029007
-16.301507537688444           0.9383051583751656
-16.185929648241206           0.9383057045984733
-16.07035175879397            0.9383059490463223
-15.954773869346734           0.9383046754214325
-15.839195979899497           0.9383056092936349
-15.72361809045226            0.9383057047331146
-15.608040201005025           0.9383062999044697
-15.492462311557789           0.9383055909842265
-15.376884422110553           0.9383054900764891
-15.261306532663315           0.9383056856928681
-15.145728643216081           0.9383055948633041
-15.030150753768844           0.938306429730184
-14.914572864321608           0.9383053394185318
-14.798994974874372           0.9383046522387958
-14.683417085427136           0.9383055909302503
-14.5678391959799             0.9383055170627075
-14.452261306532662           0.9383054765668908
-14.336683417085428           0.9383054034707942
-14.22110552763819            0.9383058310343406
-14.105527638190955           0.9383053553103258
-13.989949748743719           0.9383044924380634
-13.874371859296481           0.9383052087030366
-13.758793969849247           0.938305921275797
-13.64321608040201            0.9383053042495842
-13.527638190954773           0.9383046695869256
-13.412060301507537           0.9383053387591263
-13.296482412060302           0.9383052083596011
-13.180904522613066           0.9383054629050928
-13.065326633165828           0.9383049240442349
-12.949748743718594           0.9383053368587557
-12.834170854271356           0.9383048566721082
-12.71859296482412            0.938305514504707
-12.603015075376884           0.9383047588983923
-12.487437185929648           0.9383053459483772
-12.371859296482413           0.9383051347272982
-12.256281407035175           0.9383054103034387
-12.14070351758794            0.938305188777366
-12.025125628140703           0.938305044979059
-11.909547738693467           0.9383050152023094
-11.793969849246231           0.9383049122181696
-11.678391959798995           0.9383051646718235
-11.56281407035176            0.9383051086132747
-11.447236180904522           0.9383054559727738
-11.331658291457286           0.9383051731524573
-11.21608040201005            0.9383050952158316
-11.100502512562814           0.9383054205598325
-10.984924623115578           0.9383051608480698
-10.869346733668342           0.9383050252678645
-10.753768844221106           0.9383043961762154
-10.638190954773869           0.9383051563236764
-10.522613065326633           0.9383049431188257
-10.407035175879397           0.9383051521430097
-10.291457286432161           0.9383057814336158
-10.175879396984925           0.9383049987087315
-10.06030150753769            0.9383048671256434
-9.944723618090451            0.938304996412381
-9.829145728643216            0.9383046855252484
-9.71356783919598             0.9383054348669013
-9.597989949748744            0.9383049739874652
-9.482412060301508            0.9383049434772394
-9.366834170854272            0.9383050354972879
-9.251256281407034            0.938304947878739
-9.135678391959798            0.938304890086962
-9.020100502512562            0.938305071188472
-8.904522613065327            0.9383045375392018
-8.78894472361809             0.9383044539361226
-8.673366834170855            0.9383059183044844
-8.557788944723619            0.9383049078841244
-8.442211055276381            0.9383058574275459
-8.326633165829145            0.9383044802859829
-8.21105527638191             0.9383046600473341
-8.095477386934673            0.9383049370368541
-7.9798994974874375           0.9383048472562946
-7.864321608040202            0.9383048037526263
-7.748743718592964            0.9383047369641117
-7.633165829145728            0.9383048490142697
-7.517587939698492            0.9383045961901827
-7.402010050251256            0.9383050825292959
-7.28643216080402             0.9383048132588266
-7.170854271356784            0.9383047466337223
-7.055276381909547            0.938304484035982
-6.939698492462311            0.9383047334141885
-6.824120603015075            0.9383047545298165
-6.708542713567839            0.9383046106797235
-6.592964824120603            0.9383047217555684
-6.477386934673367            0.9383046897648525
-6.361809045226131            0.9383047106530445
-6.246231155778894            0.9383046064731667
-6.130653266331658            0.9383046937036376
-6.015075376884422            0.9383046975837457
-5.899497487437186            0.9383047575904842
-5.78391959798995             0.9383046440107267
-5.668341708542714            0.9383046632494263
-5.5527638190954764           0.9383045143812804
-5.4371859296482405           0.9383043889251119
-5.321608040201005            0.9383045115612985
-5.206030150753769            0.9383045809881653
-5.090452261306533            0.9383046701678278
-4.974874371859297            0.9383046122575754
-4.859296482412061            0.9383048031794042
-4.743718592964823            0.9383046051392628
-4.628140703517587            0.9383046990424321
-4.5125628140703515           0.9383045447990129
-4.396984924623116            0.9383045611769538
-4.28140703517588             0.9383045834419125
-4.165829145728644            0.9383045607113254
-4.050251256281406            0.9383044745671032
-3.934673366834172            0.9383045806888687
-3.8190954773869343           0.9383045955951068
-3.7035175879396967           0.9383045370695381
-3.5879396984924625           0.9383045496401882
-3.472361809045225            0.9383045361034947
-3.3567839195979907           0.9383045559753631
-3.241206030150753            0.9383045046565874
-3.125628140703519            0.9383044961767852
-3.0100502512562812           0.9383045000233888
-2.8944723618090435           0.9383045277921839
-2.7788944723618094           0.9383043827904766
-2.6633165829145717           0.9383044777485603
-2.5477386934673376           0.938304482253996
-2.4321608040201              0.9383044766440224
-2.316582914572866            0.938304479495317
-2.201005025125628            0.9383044930596581
-2.0854271356783904           0.9383044816045244
-1.9698492462311563           0.9383044426083064
-1.8542713567839186           0.9383043847603291
-1.7386934673366845           0.9383044054797169
-1.6231155778894468           0.9383043533113196
-1.5075376884422127           0.9383043986135579
-1.391959798994975            0.9383043018792073
-1.2763819095477373           0.9383041094668739
-1.1608040201005032           0.9383035672673893
-1.0452261306532655           0.9383020661236257
-0.9296482412060314           0.9382980785852648
-0.8140703517587937           0.9382876000735386
-0.698492462311556            0.9382597026749839
-0.5829145728643219           0.9381876961515524
-0.46733668341708423          0.9380040723028508
-0.3517587939698501           0.9375455660159813
-0.23618090452261245          0.9364305440221877
-0.12060301507537828          0.9338071266371664
-0.005025125628140596         0.92788087410814
0.11055276381909708           0.9151284286680617
0.22613065326633117           0.8891723215554588
0.34170854271356893           0.8394396599260379
0.457286432160803             0.7498511503298525
0.5728643216080407            0.5977198347643035
0.6884422110552748            0.3527631464324139
0.8040201005025125            -0.024128770324653277
0.9195979899497502            -0.5827682219129716
1.0351758793969843            -1.386478796167662
1.150753768844222             -2.5160721839003264
1.266331658291456             -4.0753885167442085
1.3819095477386938            -6.198957906687699
1.4974874371859315            -9.062041826017673
1.6130653266331656            -12.893169480747655
1.7286432160804033            -17.990093329198423
1.8442211055276374            -24.740755126938463
1.959798994974875             -33.65086917303273
2.075376884422109             -45.37996380004703
2.190954773869347             -60.7883826442446
2.3065326633165846            -80.99858671044882
2.4221105527638187            -107.47512691290304
2.5376884422110564            -142.1289860616897
2.6532663316582905            -187.45372419534647
2.768844221105528             -248.4527008355789
