-20.0                         0.2931567730894501
-19.884422110552762           0.29315698997229056
-19.768844221105528           0.2931567346243973
-19.65326633165829            0.2931564002201699
-19.537688442211056           0.29315670607858446
-19.42211055276382            0.2931567381629599
-19.306532663316585           0.29315668599998984
-19.190954773869347           0.29315676325129786
-19.07537688442211            0.2931566288402309
-18.959798994974875           0.29315661718841185
-18.844221105527637           0.29315660471765936
-18.728643216080403           0.2931565770113405
-18.613065326633166           0.29315650305786817
-18.49748743718593            0.2931565406697092
-18.381909547738694           0.2931566331059195
-18.266331658291456           0.29315647730728517
-18.150753768844222           0.2931564972232441
-18.035175879396984           0.29315624733508766
-17.91959798994975            0.29315643248729034
-17.804020100502512           0.29315641335022535
-17.688442211055275           0.2931564099591441
-17.57286432160804            0.2931564120799956
-17.457286432160803           0.2931562950908161
-17.34170854271357            0.29315634865553464
-17.22613065326633            0.2931563596357838
-17.110552763819094           0.2931562916171245
-16.99497487437186            0.2931562884729195
-16.87939698492462            0.29315630939892
-16.763819095477388           0.2931562503479731
-16.64824120603015            0.29315626007845713
-16.532663316582916           0.2931562333592383
-16.417085427135678           0.2931562580397972
-16.301507537688444           0.2931562331540071
-16.185929648241206           0.29315616755492585
-16.07035175879397            0.2931561823892558
-15.954773869346734           0.2931560980944886
-15.839195979899497           0.2931561228654903
-15.72361809045226            0.29315610528481384
-15.608040201005025           0.29315602672206675
-15.492462311557789           0.2931560393649372
-15.376884422110553           0.2931560246056987
-15.261306532663315           0.2931560467154158
-15.145728643216081           0.29315601158856935
-15.030150753768844           0.2931560043955983
-14.914572864321608           0.29315593403900514
-14.798994974874372           0.2931559486300383
-14.683417085427136           0.293155948705609
-14.5678391959799             0.29315595870806216
-14.452261306532662           0.29315593741762114
-14.336683417085428           0.2931558922774274
-14.22110552763819            0.2931558499806445
-14.105527638190955           0.29315589251380814
-13.989949748743719           0.2931556478017682
-13.874371859296481           0.2931558259738384
-13.758793969849247           0.2931560699102251
-13.64321608040201            0.29315583081365926
-13.527638190954773           0.29315586500429425
-13.412060301507537           0.29315580077137016
-13.296482412060302           0.2931558646659682
-13.180904522613066           0.2931557649064514
-13.065326633165828           0.29315564576002606
-12.949748743718594           0.29315575646337205
-12.834170854271356           0.2931555750869669
-12.71859296482412            0.29315575626160456
-12.603015075376884           0.2931556136644505
-12.487437185929648           0.2931556872088247
-12.371859296482413           0.293155677060834
-12.256281407035175           0.2931556811640022
-12.14070351758794            0.29315562806683876
-12.025125628140703           0.29315570121611895
-11.909547738693467           0.29315557827643335
-11.793969849246231           0.2931555982999635
-11.678391959798995           0.2931555889761324
-11.56281407035176            0.2931555774124042
-11.447236180904522           0.29315558432239913
-11.331658291457286           0.29315555863292786
-11.21608040201005            0.2931555422393738
-11.100502512562814           0.2931556879580567
-10.984924623115578           0.29315552275128276
-10.869346733668342           0.29315548954916737
-10.753768844221106           0.29315537520812945
-10.638190954773869           0.29315547787779805
-10.522613065326633           0.29315547670485514
-10.407035175879397           0.29315545200267973
-10.291457286432161           0.293155423968887
-10.175879396984925           0.29315542993467814
-10.06030150753769            0.2931553968316235
-9.944723618090451            0.29315540445988364
-9.829145728643216            0.29315544465661986
-9.71356783919598             0.29315536405398307
-9.597989949748744            0.29315536783255697
-9.482412060301508            0.2931553664605205
-9.366834170854272            0.29315534319408554
-9.251256281407034            0.2931553360589646
-9.135678391959798            0.2931553287818038
-9.020100502512562            0.2931553110962767
-8.904522613065327            0.2931553319886911
-8.78894472361809             0.29315525652698443
-8.673366834170855            0.2931555021437844
-8.557788944723619            0.2931552415318297
-8.442211055276381            0.2931554670669314
-8.326633165829145            0.29315522341614847
-8.21105527638191             0.29315526251987956
-8.095477386934673            0.29315519878691026
-7.9798994974874375           0.29315518565009274
-7.864321608040202            0.2931551658358076
-7.748743718592964            0.2931551470273136
-7.633165829145728            0.2931551143828312
-7.517587939698492            0.2931550921027175
-7.402010050251256            0.29315503667656495
-7.28643216080402             0.293155013383014
-7.170854271356784            0.2931549570434111
-7.055276381909547            0.2931548636172453
-6.939698492462311            0.2931548061693732
-6.824120603015075            0.29315470936757687
-6.708542713567839            0.2931546328140517
-6.592964824120603            0.2931544207123941
-6.477386934673367            0.2931541954779388
-6.361809045226131            0.2931539958702041
-6.246231155778894            0.29315365537530524
-6.130653266331658            0.2931533091476644
-6.015075376884422            0.293152827535795
-5.899497487437186            0.29315221464210717
-5.78391959798995             0.29315144168264545
-5.668341708542714            0.29315046611088497
-5.5527638190954764           0.29314922178164393
-5.4371859296482405           0.29314761541113943
-5.321608040201005            0.29314566465134717
-5.206030150753769            0.29314313305756895
-5.090452261306533            0.2931399318319853
-4.974874371859297            0.29313590098904435
-4.859296482412061            0.29313078493303807
-4.743718592964823            0.29312422830065965
-4.628140703517587            0.29311598768436864
-4.5125628140703515           0.29310548667026454
-4.396984924623116            0.2930922004113983
-4.28140703517588             0.2930753573089896
-4.165829145728644            0.29305399355595985
-4.050251256281406            0.2930269208116177
-3.934673366834172            0.2929925579934557
-3.8190954773869343           0.2929490043852802
-3.7035175879396967           0.2928937801909354
-3.5879396984924625           0.2928237651235701
-3.472361809045225            0.29273499727836655
-3.3567839195979907           0.2926224700849595
-3.241206030150753            0.2924798222423923
-3.125628140703519            0.29229900941858294
-3.0100502512562812           0.29206986024034126
-2.8944723618090435           0.29177945576403724
-2.7788944723618094           0.2914115057077575
-2.6633165829145717           0.2909453823132526
-2.5477386934673376           0.290354961948271
-2.4321608040201              0.28960721660787303
-2.316582914572866            0.2886604364459785
-2.201005025125628            0.28746189751769335
-2.0854271356783904           0.2859449948239394
-1.9698492462311563           0.2840256073509908
-1.8542713567839186           0.2815975269162282
-1.7386934673366845           0.27852664350012246
-1.6231155778894468           0.27464358779896964
-1.5075376884422127           0.2697345162815143
-1.391959798994975            0.2635290981610642
-1.2763819095477373           0.25568551343090246
-1.1608040201005032           0.24577096915430535
-1.0452261306532655           0.23323660776724764
-0.9296482412060314           0.21738502516991742
-0.8140703517587937           0.19732780188611185
-0.698492462311556            0.17192971966395076
-0.5829145728643219           0.13973554650069508
-0.46733668341708423          0.09887244265416754
-0.3517587939698501           0.04692090021245198
-0.23618090452261245          -0.019257083758763647
-0.12060301507537828          -0.1037461531294262
-0.005025125628140596         -0.21187994320338369
0.11055276381909708           -0.35063982040438746
0.22613065326633117           -0.5291786319121138
0.34170854271356893           -0.7595042709814107
0.457286432160803             -1.0573685120155158
0.5728643216080407            -1.4434174440417737
0.6884422110552748            -1.9446768008788158
0.8040201005025125            -2.5964662441654225
0.9195979899497502            -3.444865010556111
1.0351758793969843            -4.549901537219294
1.150753768844222             -5.9897363012309865
1.266331658291456             -7.866258266784825
1.3819095477386938            -10.312577284285512
1.4974874371859315            -13.502768018089089
1.6130653266331656            -17.664289971398084
1.7286432160804033            -23.09401605338134
1.8442211055276374            -30.17923769086314
1.959798994974875             -39.425205852257236
2.075376884422109             -51.491116566375766
2.190954773869347             -67.23707169938758
2.3065326633165846            -87.78535424114916
2.4221105527638187            -114.60038281704075
2.5376884422110564            -149.59304122376793
2.6532663316582905            -195.25681497741
2.768844221105528             -256.5931028456291
