-20.0                         0.2083196019359233
-19.884422110552762           0.20831992612675274
-19.768844221105528           0.20831956020794437
-19.65326633165829            0.20831910568249043
-19.537688442211056           0.20831953575912893
-19.42211055276382            0.20831959616923318
-19.306532663316585           0.20831953685956425
-19.190954773869347           0.20831959013005225
-19.07537688442211            0.20831947555584762
-18.959798994974875           0.20831945147946218
-18.844221105527637           0.20831952948777768
-18.728643216080403           0.20831942046197635
-18.613065326633166           0.20831931835368192
-18.49748743718593            0.20831937366405515
-18.381909547738694           0.20831965443834585
-18.266331658291456           0.20831929610045324
-18.150753768844222           0.20831933963279103
-18.035175879396984           0.2083189772776475
-17.91959798994975            0.20831926088388605
-17.804020100502512           0.20831925656553163
-17.688442211055275           0.20831927738599906
-17.57286432160804            0.20831926216917546
-17.457286432160803           0.208319099756909
-17.34170854271357            0.20831919063425447
-17.22613065326633            0.20831924008773187
-17.110552763819094           0.20831909578702015
-16.99497487437186            0.20831911890682067
-16.87939698492462            0.20831918310008474
-16.763819095477388           0.20831910318635533
-16.64824120603015            0.20831911590758664
-16.532663316582916           0.20831905804454712
-16.417085427135678           0.20831909750586705
-16.301507537688444           0.20831908147168182
-16.185929648241206           0.2083190014313721
-16.07035175879397            0.20831902867930996
-15.954773869346734           0.20831884050184854
-15.839195979899497           0.20831894936160714
-15.72361809045226            0.20831893741669008
-15.608040201005025           0.20831882182421116
-15.492462311557789           0.20831886366881455
-15.376884422110553           0.2083188045707129
-15.261306532663315           0.2083188879788448
-15.145728643216081           0.2083188361415879
-15.030150753768844           0.208318888551593
-14.914572864321608           0.20831874187712204
-14.798994974874372           0.2083186997466386
-14.683417085427136           0.20831877893883022
-14.5678391959799             0.2083188001819403
-14.452261306532662           0.20831877465262955
-14.336683417085428           0.20831871658151105
-14.22110552763819            0.20831864138366799
-14.105527638190955           0.20831872572326282
-13.989949748743719           0.20831837679980908
-13.874371859296481           0.20831863758226304
-13.758793969849247           0.2083190285026848
-13.64321608040201            0.2083186663250352
-13.527638190954773           0.20831868306911683
-13.412060301507537           0.20831863632598305
-13.296482412060302           0.208318760218145
-13.180904522613066           0.20831859760045887
-13.065326633165828           0.20831839637262908
-12.949748743718594           0.20831860775164482
-12.834170854271356           0.2083183541683905
-12.71859296482412            0.20831862520568128
-12.603015075376884           0.20831836703075307
-12.487437185929648           0.2083185291871968
-12.371859296482413           0.20831852194792858
-12.256281407035175           0.2083185283729299
-12.14070351758794            0.20831845812048225
-12.025125628140703           0.2083185856331709
-11.909547738693467           0.20831839313597908
-11.793969849246231           0.20831840740380778
-11.678391959798995           0.20831842132429915
-11.56281407035176            0.2083184075383409
-11.447236180904522           0.20831844310636038
-11.331658291457286           0.20831840199809812
-11.21608040201005            0.20831837887418822
-11.100502512562814           0.2083186061557715
-10.984924623115578           0.20831836804621845
-10.869346733668342           0.20831831793590996
-10.753768844221106           0.20831813983382735
-10.638190954773869           0.20831831635316608
-10.522613065326633           0.2083183106434297
-10.407035175879397           0.20831828844249756
-10.291457286432161           0.2083182943257573
-10.175879396984925           0.20831826689449046
-10.06030150753769            0.20831821832974903
-9.944723618090451            0.20831823941591393
-9.829145728643216            0.20831829875852687
-9.71356783919598             0.20831820689797687
-9.597989949748744            0.20831820202394993
-9.482412060301508            0.20831820638259976
-9.366834170854272            0.2083181798192748
-9.251256281407034            0.20831817575250164
-9.135678391959798            0.2083181718469717
-9.020100502512562            0.2083181580577409
-8.904522613065327            0.20831816894048769
-8.78894472361809             0.20831805899345995
-8.673366834170855            0.20831845186360734
-8.557788944723619            0.2083180881020928
-8.442211055276381            0.20831841849957833
-8.326633165829145            0.20831804636408793
-8.21105527638191             0.20831814303452487
-8.095477386934673            0.20831805861818325
-7.9798994974874375           0.208318061081222
-7.864321608040202            0.20831805052083044
-7.748743718592964            0.20831804176992003
-7.633165829145728            0.20831803213034872
-7.517587939698492            0.20831802440535582
-7.402010050251256            0.20831800636089978
-7.28643216080402             0.2083180204072409
-7.170854271356784            0.20831800367116196
-7.055276381909547            0.2083179322156899
-6.939698492462311            0.20831797612460148
-6.824120603015075            0.2083179735684623
-6.708542713567839            0.20831801188051952
-6.592964824120603            0.20831793611525232
-6.477386934673367            0.20831787651154463
-6.361809045226131            0.20831792900661175
-6.246231155778894            0.20831787486104594
-6.130653266331658            0.20831791606211708
-6.015075376884422            0.20831790877674058
-5.899497487437186            0.20831790051811305
-5.78391959798995             0.2083178857987552
-5.668341708542714            0.20831787592860054
-5.5527638190954764           0.20831784811897006
-5.4371859296482405           0.20831777047023525
-5.321608040201005            0.20831781070309746
-5.206030150753769            0.20831776388299142
-5.090452261306533            0.20831771270814967
-4.974874371859297            0.20831769600168965
-4.859296482412061            0.208317651491214
-4.743718592964823            0.2083174678791626
-4.628140703517587            0.20831734202349067
-4.5125628140703515           0.2083170881214294
-4.396984924623116            0.2083167848277177
-4.28140703517588             0.20831636682044555
-4.165829145728644            0.20831577131232676
-4.050251256281406            0.20831496170747146
-3.934673366834172            0.2083137760125994
-3.8190954773869343           0.2083121385093263
-3.7035175879396967           0.20830983180528131
-3.5879396984924625           0.2083065983572648
-3.472361809045225            0.20830205054392395
-3.3567839195979907           0.2082956684600638
-3.241206030150753            0.2082866874790999
-3.125628140703519            0.20827406161111306
-3.0100502512562812           0.2082563326924887
-2.8944723618090435           0.2082313964185775
-2.7788944723618094           0.20819638708941243
-2.6633165829145717           0.20814726465547925
-2.5477386934673376           0.20807831677007155
-2.4321608040201              0.20798155235325952
-2.316582914572866            0.20784586321821794
-2.201005025125628            0.2076557096727766
-2.0854271356783904           0.20738942088596185
-1.9698492462311563           0.20701682492017806
-1.8542713567839186           0.20649601674829246
-1.7386934673366845           0.20576888738542307
-1.6231155778894468           0.20475498651008245
-1.5075376884422127           0.20334345342924343
-1.391959798994975            0.20138162152430447
-1.2763819095477373           0.19866025767527354
-1.1608040201005032           0.19489348369633827
-1.0452261306532655           0.18969211999474184
-0.9296482412060314           0.18252851501042752
-0.8140703517587937           0.17269003877114136
-0.698492462311556            0.15921794466207323
-0.5829145728643219           0.14082760998598187
-0.46733668341708423          0.11580330414981127
-0.3517587939698501           0.08186108623131902
-0.23618090452261245          0.03596893217958792
-0.12060301507537828          -0.02588868755279062
-0.005025125628140596         -0.1090189715549261
0.11055276381909708           -0.22042314880888153
0.22613065326633117           -0.3693211311267395
0.34170854271356893           -0.5678328697186732
0.457286432160803             -0.8318618378568841
0.5728643216080407            -1.182237368689798
0.6884422110552748            -1.6461899153106918
0.8040201005025125            -2.2592543036279293
0.9195979899497502            -3.067723763820492
1.0351758793969843            -4.131826686194022
1.150753768844222             -5.529895141656304
1.266331658291456             -7.363953350802565
1.3819095477386938            -9.767221404806374
1.4974874371859315            -12.91388000282755
1.6130653266331656            -17.03149363869615
1.7286432160804033            -22.41702677089268
1.8442211055276374            -29.45784194859186
1.959798994974875             -38.65924306403328
2.075376884422109             -50.68046545206758
2.190954773869347             -66.38164035454159
2.3065326633165846            -86.88507283943748
2.4221105527638187            -113.65519819914009
2.5376884422110564            -148.60291285615693
2.6532663316582905            -194.22171191750954
2.768844221105528             -255.51325359939798
