-20.0                         1.0079281496655514
-19.884422110552762           1.0079291798499275
-19.768844221105528           1.0079280189621909
-19.65326633165829            1.0079269896208394
-19.537688442211056           1.007928069267382
-19.42211055276382            1.0079278655913517
-19.306532663316585           1.0079281706031171
-19.190954773869347           1.0079266908223816
-19.07537688442211            1.007928246439095
-18.959798994974875           1.0079279089395503
-18.844221105527637           1.0079291851315517
-18.728643216080403           1.0079277670881759
-18.613065326633166           1.0079280604482155
-18.49748743718593            1.0079278287339737
-18.381909547738694           1.0079301253057378
-18.266331658291456           1.0079276902677266
-18.150753768844222           1.007927766614221
-18.035175879396984           1.0079279194945077
-17.91959798994975            1.0079277259101627
-17.804020100502512           1.0079281902240065
-17.688442211055275           1.007927903354107
-17.57286432160804            1.0079274224365717
-17.457286432160803           1.0079274679385326
-17.34170854271357            1.0079276343501427
-17.22613065326633            1.0079276836393363
-17.110552763819094           1.007927423245107
-16.99497487437186            1.0079278802021132
-16.87939698492462            1.0079273386431307
-16.763819095477388           1.0079280964008903
-16.64824120603015            1.0079274365243773
-16.532663316582916           1.0079275274425736
-16.417085427135678           1.0079274633604383
-16.301507537688444           1.0079268910198524
-16.185929648241206           1.0079274733885637
-16.07035175879397            1.0079277365585528
-15.954773869346734           1.0079264024032646
-15.839195979899497           1.0079273824147543
-15.72361809045226            1.0079274937178888
-15.608040201005025           1.007928158471323
-15.492462311557789           1.0079273703238676
-15.376884422110553           1.0079273120051904
-15.261306532663315           1.0079274607456017
-15.145728643216081           1.0079273788249146
-15.030150753768844           1.007928225753247
-14.914572864321608           1.007927111629627
-14.798994974874372           1.0079264035967306
-14.683417085427136           1.0079273757905263
-14.5678391959799             1.0079273024762878
-14.452261306532662           1.0079272618139277
-14.336683417085428           1.0079271794025462
-14.22110552763819            1.0079276725306818
-14.105527638190955           1.0079271304701778
-13.989949748743719           1.007926242141539
-13.874371859296481           1.0079269782392979
-13.758793969849247           1.007927680182541
-13.64321608040201            1.0079270764010646
-13.527638190954773           1.0079264038734184
-13.412060301507537           1.007927117478355
-13.296482412060302           1.0079269387343606
-13.180904522613066           1.007927256026832
-13.065326633165828           1.0079267154975233
-12.949748743718594           1.0079271062186137
-12.834170854271356           1.007926627211085
-12.71859296482412            1.0079272937916153
-12.603015075376884           1.007926539103235
-12.487437185929648           1.007927123336526
-12.371859296482413           1.0079268930398824
-12.256281407035175           1.0079271937852252
-12.14070351758794            1.0079269678431078
-12.025125628140703           1.007926781971135
-11.909547738693467           1.0079267879802316
-11.793969849246231           1.0079267005337602
-11.678391959798995           1.007926947079294
-11.56281407035176            1.0079268855887007
-11.447236180904522           1.0079272516888715
-11.331658291457286           1.0079269496764156
-11.21608040201005            1.007926871293802
-11.100502512562814           1.007927184279261
-10.984924623115578           1.007926938124859
-10.869346733668342           1.0079268028512494
-10.753768844221106           1.0079261501780428
-10.638190954773869           1.007926945196226
-10.522613065326633           1.0079267151647922
-10.407035175879397           1.007926934960138
-10.291457286432161           1.0079276080278625
-10.175879396984925           1.007926774060434
-10.06030150753769            1.0079266408575498
-9.944723618090451            1.0079267791099127
-9.829145728643216            1.007926433143072
-9.71356783919598             1.0079272404093877
-9.597989949748744            1.0079267578840283
-9.482412060301508            1.007926723377283
-9.366834170854272            1.007926822164147
-9.251256281407034            1.007926728609494
-9.135678391959798            1.0079266644989737
-9.020100502512562            1.0079268486751554
-8.904522613065327            1.0079262926081658
-8.78894472361809             1.0079262132692566
-8.673366834170855            1.00792773442421
-8.557788944723619            1.007926692699338
-8.442211055276381            1.0079276721207444
-8.326633165829145            1.0079262411725454
-8.21105527638191             1.0079264149723333
-8.095477386934673            1.0079267332617063
-7.9798994974874375           1.0079266278884031
-7.864321608040202            1.0079265840671516
-7.748743718592964            1.0079265125188102
-7.633165829145728            1.0079266334300256
-7.517587939698492            1.007926370909162
-7.402010050251256            1.0079268796392278
-7.28643216080402             1.0079265929338002
-7.170854271356784            1.0079265248054357
-7.055276381909547            1.0079262592418412
-6.939698492462311            1.0079265146043663
-6.824120603015075            1.007926534174334
-6.708542713567839            1.0079263779277583
-6.592964824120603            1.0079265051375899
-6.477386934673367            1.007926481881304
-6.361809045226131            1.007926495043239
-6.246231155778894            1.0079263857799565
-6.130653266331658            1.007926471550895
-6.015075376884422            1.0079264736863855
-5.899497487437186            1.007926534381652
-5.78391959798995             1.0079264204574823
-5.668341708542714            1.0079264426317838
-5.5527638190954764           1.0079262897155805
-5.4371859296482405           1.0079261584496888
-5.321608040201005            1.0079262830814775
-5.206030150753769            1.0079263623298635
-5.090452261306533            1.0079264592373545
-4.974874371859297            1.0079263811184895
-4.859296482412061            1.0079265825592696
-4.743718592964823            1.00792638279446
-4.628140703517587            1.00792648267392
-4.5125628140703515           1.007926325672608
-4.396984924623116            1.0079263391676114
-4.28140703517588             1.0079263623962733
-4.165829145728644            1.0079263404195502
-4.050251256281406            1.0079262445488595
-3.934673366834172            1.0079263615958085
-3.8190954773869343           1.0079263780706356
-3.7035175879396967           1.0079263169995092
-3.5879396984924625           1.007926331812781
-3.472361809045225            1.007926317830948
-3.3567839195979907           1.0079263373619978
-3.241206030150753            1.0079262869934427
-3.125628140703519            1.007926275488419
-3.0100502512562812           1.0079262789026662
-2.8944723618090435           1.0079263143053356
-2.7788944723618094           1.0079261591888982
-2.6633165829145717           1.0079262617064382
-2.5477386934673376           1.0079262625037326
-2.4321608040201              1.0079262565343614
-2.316582914572866            1.007926260195085
-2.201005025125628            1.007926273963688
-2.0854271356783904           1.0079262619152192
-1.9698492462311563           1.0079262223845558
-1.8542713567839186           1.0079261634805363
-1.7386934673366845           1.007926186679917
-1.6231155778894468           1.0079261379788302
-1.5075376884422127           1.0079261989159463
-1.391959798994975            1.0079261326356994
-1.2763819095477373           1.0079260300825088
-1.1608040201005032           1.0079257138087079
-1.0452261306532655           1.0079247879775184
-0.9296482412060314           1.007922250026102
-0.8140703517587937           1.0079153951239488
-0.698492462311556            1.0078963515934287
-0.5829145728643219           1.0078455820330583
-0.46733668341708423          1.0077115680118893
-0.3517587939698501           1.0073652460596507
-0.23618090452261245          1.006493829689394
-0.12060301507537828          1.004373437687745
-0.005025125628140596         0.9994240448918271
0.11055276381909708           0.9884354818699493
0.22613065326633117           0.9654122971197402
0.34170854271356893           0.9201457531879311
0.457286432160803             0.8367895663666284
0.5728643216080407            0.6926861216268991
0.6884422110552748            0.457391263318452
0.8040201005025125            0.0915199665331746
0.9195979899497502            -0.4550424594604979
1.0351758793969843            -1.2458911525557108
1.150753768844222             -2.3620522125484715
1.266331658291456             -3.907518065799565
1.3819095477386938            -6.016922123660688
1.4974874371859315            -8.865603670410186
1.6130653266331656            -12.682156692400122
1.7286432160804033            -17.764384147744803
1.8442211055276374            -24.500263378662495
1.959798994974875             -33.39553292731026
2.075376884422109             -45.1097378756631
2.190954773869347             -60.503233691927285
2.3065326633165846            -80.69848989453617
2.4221105527638187            -107.16006361223967
2.5376884422110564            -141.79894224231936
2.6532663316582905            -187.10868923896936
2.768844221105528             -248.09275108683516
