-20.0                         0.20195472157932723
-19.884422110552762           0.2019551335679711
-19.768844221105528           0.20195467617435062
-19.65326633165829            0.20195412758544076
-19.537688442211056           0.2019546521686103
-19.42211055276382            0.20195472734868514
-19.306532663316585           0.20195468077350587
-19.190954773869347           0.2019546503133245
-19.07537688442211            0.20195461436788859
-18.959798994974875           0.20195456922253913
-18.844221105527637           0.20195477612830473
-18.728643216080403           0.20195455471057414
-18.613065326633166           0.2019544325206291
-18.49748743718593            0.2019544942745815
-18.381909547738694           0.20195497992822892
-18.266331658291456           0.20195440329648856
-18.150753768844222           0.2019544634966112
-18.035175879396984           0.20195403610615545
-17.91959798994975            0.20195437864601848
-17.804020100502512           0.20195439807436522
-17.688442211055275           0.20195444515618727
-17.57286432160804            0.20195438786612419
-17.457286432160803           0.20195419774559295
-17.34170854271357            0.2019543252315204
-17.22613065326633            0.20195441389262878
-17.110552763819094           0.2019541865859893
-16.99497487437186            0.20195423970489218
-16.87939698492462            0.20195434099838372
-16.763819095477388           0.20195425232529246
-16.64824120603015            0.2019542587131075
-16.532663316582916           0.2019541589574232
-16.417085427135678           0.20195421431925475
-16.301507537688444           0.20195419357136554
-16.185929648241206           0.20195412484506678
-16.07035175879397            0.20195416169481978
-15.954773869346734           0.2019538671547722
-15.839195979899497           0.2019540622544486
-15.72361809045226            0.20195405603029737
-15.608040201005025           0.20195392723886904
-15.492462311557789           0.20195397837408
-15.376884422110553           0.2019538666399912
-15.261306532663315           0.20195401818966358
-15.145728643216081           0.2019539499374033
-15.030150753768844           0.20195408575000323
-14.914572864321608           0.20195384172610892
-14.798994974874372           0.2019537250963289
-14.683417085427136           0.20195389966256605
-14.5678391959799             0.2019539239948417
-14.452261306532662           0.20195389525969207
-14.336683417085428           0.20195382980733162
-14.22110552763819            0.20195373357748103
-14.105527638190955           0.2019538405444659
-13.989949748743719           0.20195341131507552
-13.874371859296481           0.20195373809767084
-13.758793969849247           0.20195423811817328
-13.64321608040201            0.20195378510159806
-13.527638190954773           0.20195375919695915
-13.412060301507537           0.20195375607342023
-13.296482412060302           0.20195392293343206
-13.180904522613066           0.20195371827441225
-13.065326633165828           0.20195344823088474
-12.949748743718594           0.2019537430525196
-12.834170854271356           0.20195343369999627
-12.71859296482412            0.2019537761830456
-12.603015075376884           0.20195341477185444
-12.487437185929648           0.20195365994887668
-12.371859296482413           0.20195365275440913
-12.256281407035175           0.20195366151171074
-12.14070351758794            0.20195357629696817
-12.025125628140703           0.20195373865568397
-11.909547738693467           0.20195349793427034
-11.793969849246231           0.20195349284775077
-11.678391959798995           0.20195353978450326
-11.56281407035176            0.20195352334274283
-11.447236180904522           0.20195358914408054
-11.331658291457286           0.20195353174530076
-11.21608040201005            0.20195350066438528
-11.100502512562814           0.20195378508969314
-10.984924623115578           0.20195350012482932
-10.869346733668342           0.2019534339331099
-10.753768844221106           0.20195320006204995
-10.638190954773869           0.20195344187858313
-10.522613065326633           0.2019534259737636
-10.407035175879397           0.20195341377692452
-10.291457286432161           0.20195346698262726
-10.175879396984925           0.2019533900727257
-10.06030150753769            0.20195332763872242
-9.944723618090451            0.20195336042492273
-9.829145728643216            0.20195342079156633
-9.71356783919598             0.20195335112564836
-9.597989949748744            0.20195332194434543
-9.482412060301508            0.201953329017203
-9.366834170854272            0.20195330416951568
-9.251256281407034            0.20195329954233132
-9.135678391959798            0.20195329741284615
-9.020100502512562            0.20195329369573714
-8.904522613065327            0.20195327155712756
-8.78894472361809             0.20195314181116883
-8.673366834170855            0.20195366274813156
-8.557788944723619            0.2019532124378785
-8.442211055276381            0.20195362595032493
-8.326633165829145            0.20195313552443614
-8.21105527638191             0.20195327289880102
-8.095477386934673            0.2019531754723924
-7.9798994974874375           0.20195318425774958
-7.864321608040202            0.20195317150873598
-7.748743718592964            0.20195315867464278
-7.633165829145728            0.20195315736032213
-7.517587939698492            0.20195313401590081
-7.402010050251256            0.2019531438000022
-7.28643216080402             0.2019531491952385
-7.170854271356784            0.2019531273905186
-7.055276381909547            0.20195302314220068
-6.939698492462311            0.20195309764066308
-6.824120603015075            0.20195310019645005
-6.708542713567839            0.2019531296521338
-6.592964824120603            0.2019530577236118
-6.477386934673367            0.2019529869723248
-6.361809045226131            0.20195305165686586
-6.246231155778894            0.20195299387466323
-6.130653266331658            0.20195304749567405
-6.015075376884422            0.2019530431484855
-5.899497487437186            0.20195304491442895
-5.78391959798995             0.20195302767790724
-5.668341708542714            0.20195302458480258
-5.5527638190954764           0.20195299630854477
-5.4371859296482405           0.20195291771994833
-5.321608040201005            0.2019529969438178
-5.206030150753769            0.2019529760345067
-5.090452261306533            0.20195296220746653
-4.974874371859297            0.20195301534198162
-4.859296482412061            0.20195305805171423
-4.743718592964823            0.20195295261578475
-4.628140703517587            0.20195297888501137
-4.5125628140703515           0.20195291640278598
-4.396984924623116            0.20195290111969288
-4.28140703517588             0.2019528855539289
-4.165829145728644            0.2019528496437422
-4.050251256281406            0.20195282706100184
-3.934673366834172            0.2019527430491057
-3.8190954773869343           0.20195264779856928
-3.7035175879396967           0.20195249209792243
-3.5879396984924625           0.20195227235370306
-3.472361809045225            0.20195193436867104
-3.3567839195979907           0.20195143315598887
-3.241206030150753            0.20195064985175873
-3.125628140703519            0.20194945370928336
-3.0100502512562812           0.2019476379828195
-2.8944723618090435           0.20194482548686288
-2.7788944723618094           0.20194053673191126
-2.6633165829145717           0.20193402736658883
-2.5477386934673376           0.20192406712808247
-2.4321608040201              0.2019087953557416
-2.316582914572866            0.2018854538797457
-2.201005025125628            0.20184980305694142
-2.0854271356783904           0.20179538963968582
-1.9698492462311563           0.20171241462694844
-1.8542713567839186           0.20158606175262003
-1.7386934673366845           0.20139395218699732
-1.6231155778894468           0.20110226748091486
-1.5075376884422127           0.20066042727822744
-1.391959798994975            0.19999258257080232
-1.2763819095477373           0.1989859961057286
-1.1608040201005032           0.1974738457913436
-1.0452261306532655           0.19521080116010345
-0.9296482412060314           0.19183883687849967
-0.8140703517587937           0.18683963251747568
-0.698492462311556            0.17946953049931125
-0.5829145728643219           0.16867246642433548
-0.46733668341708423          0.15296361273355366
-0.3517587939698501           0.13027799482529828
-0.23618090452261245          0.09777423561937107
-0.12060301507537828          0.051582743378228726
-0.005025125628140596         -0.013516366411295723
0.11055276381909708           -0.10450463064896226
0.22613065326633117           -0.2306522723376359
0.34170854271356893           -0.4041948036057113
0.457286432160803             -0.6412054929376371
0.5728643216080407            -0.9627224761954449
0.6884422110552748            -1.3962071532935028
0.8040201005025125            -1.9774313658822538
0.9195979899497502            -2.7529172790910432
1.0351758793969843            -3.7831013036487673
1.150753768844222             -5.146490107874522
1.266331658291456             -6.945242745071174
1.3819095477386938            -9.312685671591002
1.4974874371859315            -12.423097968807745
1.6130653266331656            -16.50413908852297
1.7286432160804033            -21.85285498023114
1.8442211055276374            -28.85667066538488
1.959798994974875             -38.020935985475184
2.075376884422109             -50.00492008203552
2.190954773869347             -65.66877927885206
2.3065326633165846            -86.13483738918185
2.4221105527638187            -112.8675437952422
2.5376884422110564            -147.7778055575394
2.6532663316582905            -193.35912584336168
2.768844221105528             -254.6133792275387
