-20.0                         0.8082195668124784
-19.884422110552762           0.8082204759950355
-19.768844221105528           0.808219456812862
-19.65326633165829            0.8082184627996067
-19.537688442211056           0.8082194469179308
-19.42211055276382            0.8082193388258186
-19.306532663316585           0.8082196260752189
-19.190954773869347           0.8082183528987487
-19.07537688442211            0.8082196132559063
-18.959798994974875           0.8082193182663202
-18.844221105527637           0.8082205272161171
-18.728643216080403           0.8082192744002078
-18.613065326633166           0.8082193953484107
-18.49748743718593            0.8082192704049957
-18.381909547738694           0.8082212869128431
-18.266331658291456           0.80821911396427
-18.150753768844222           0.8082191949740789
-18.035175879396984           0.8082191337162684
-17.91959798994975            0.8082191610366294
-17.804020100502512           0.8082195269034589
-17.688442211055275           0.8082194029557404
-17.57286432160804            0.8082188940819389
-17.457286432160803           0.808218888871366
-17.34170854271357            0.8082191156840532
-17.22613065326633            0.8082192261866675
-17.110552763819094           0.8082188387666114
-16.99497487437186            0.8082192295725739
-16.87939698492462            0.8082189119371885
-16.763819095477388           0.8082194101989814
-16.64824120603015            0.808218940968974
-16.532663316582916           0.8082188609142623
-16.417085427135678           0.808218899418285
-16.301507537688444           0.8082184355134249
-16.185929648241206           0.8082189040388607
-16.07035175879397            0.8082191107532641
-15.954773869346734           0.8082179576586124
-15.839195979899497           0.8082188014101761
-15.72361809045226            0.8082188709178475
-15.608040201005025           0.808219330274484
-15.492462311557789           0.8082187715685891
-15.376884422110553           0.8082186020062989
-15.261306532663315           0.8082188721267008
-15.145728643216081           0.808218766835253
-15.030150753768844           0.8082195632359958
-14.914572864321608           0.8082185338883177
-14.798994974874372           0.80821789331599
-14.683417085427136           0.8082187606945747
-14.5678391959799             0.8082186909662782
-14.452261306532662           0.8082186511870593
-14.336683417085428           0.808218590624412
-14.22110552763819            0.8082188969577838
-14.105527638190955           0.8082185460029074
-13.989949748743719           0.8082177316301549
-13.874371859296481           0.8082184081520623
-13.758793969849247           0.8082191363521593
-13.64321608040201            0.8082184997886528
-13.527638190954773           0.8082179404528042
-13.412060301507537           0.8082185219310369
-13.296482412060302           0.8082184788515357
-13.180904522613066           0.8082186175694844
-13.065326633165828           0.8082180874388558
-12.949748743718594           0.8082185347506682
-12.834170854271356           0.8082180551498347
-12.71859296482412            0.8082186930704973
-12.603015075376884           0.8082179435025559
-12.487437185929648           0.8082185277925167
-12.371859296482413           0.8082183547638846
-12.256281407035175           0.8082185795290693
-12.14070351758794            0.8082183701956608
-12.025125628140703           0.8082183038601037
-11.909547738693467           0.8082182084044098
-11.793969849246231           0.8082180847292884
-11.678391959798995           0.80821834043669
-11.56281407035176            0.8082182936671857
-11.447236180904522           0.8082186048248987
-11.331658291457286           0.8082183580381044
-11.21608040201005            0.8082182819405929
-11.100502512562814           0.8082186279832968
-10.984924623115578           0.8082183440919293
-10.869346733668342           0.808218209415567
-10.753768844221106           0.8082176263008929
-10.638190954773869           0.8082183192063763
-10.522613065326633           0.8082181380379007
-10.407035175879397           0.8082183219768345
-10.291457286432161           0.8082188689156188
-10.175879396984925           0.8082181861333781
-10.06030150753769            0.8082180583641921
-9.944723618090451            0.8082181720483572
-9.829145728643216            0.8082179271504619
-9.71356783919598             0.8082185596028195
-9.597989949748744            0.8082181464929077
-9.482412060301508            0.8082181237007589
-9.366834170854272            0.8082182010172523
-9.251256281407034            0.8082181258062068
-9.135678391959798            0.8082180803987915
-9.020100502512562            0.8082182490871865
-8.904522613065327            0.808217766232553
-8.78894472361809             0.8082176732274114
-8.673366834170855            0.8082190265149823
-8.557788944723619            0.8082180778834477
-8.442211055276381            0.8082189684308291
-8.326633165829145            0.8082176964425892
-8.21105527638191             0.8082178868461404
-8.095477386934673            0.808218085716617
-7.9798994974874375           0.8082180239905048
-7.864321608040202            0.8082179823999881
-7.748743718592964            0.8082179245139719
-7.633165829145728            0.8082180195949099
-7.517587939698492            0.8082177892819404
-7.402010050251256            0.8082182251544745
-7.28643216080402             0.8082179922760332
-7.170854271356784            0.8082179292660412
-7.055276381909547            0.8082176746086837
-6.939698492462311            0.8082179107394655
-6.824120603015075            0.8082179338561624
-6.708542713567839            0.8082178140266472
-6.592964824120603            0.8082178947416176
-6.477386934673367            0.8082178475741377
-6.361809045226131            0.8082178821677622
-6.246231155778894            0.8082177871013467
-6.130653266331658            0.8082178759647219
-6.015075376884422            0.8082178818301897
-5.899497487437186            0.8082179391786417
-5.78391959798995             0.8082178296255416
-5.668341708542714            0.8082178434458585
-5.5527638190954764           0.8082177047697933
-5.4371859296482405           0.8082175883945979
-5.321608040201005            0.8082177083718406
-5.206030150753769            0.8082177596171126
-5.090452261306533            0.8082178324305589
-4.974874371859297            0.8082178111029361
-4.859296482412061            0.8082179815483855
-4.743718592964823            0.808217787788119
-4.628140703517587            0.8082178708627944
-4.5125628140703515           0.8082177239320831
-4.396984924623116            0.8082177438696788
-4.28140703517588             0.8082177639074476
-4.165829145728644            0.8082177405290211
-4.050251256281406            0.8082176727260535
-3.934673366834172            0.8082177575398082
-3.8190954773869343           0.8082177695540531
-3.7035175879396967           0.8082177160796893
-3.5879396984924625           0.8082177245816946
-3.472361809045225            0.8082177119003214
-3.3567839195979907           0.8082177314727665
-3.241206030150753            0.8082176806189402
-3.125628140703519            0.8082176764864852
-3.0100502512562812           0.8082176809582658
-2.8944723618090435           0.8082176949879066
-2.7788944723618094           0.8082175688763615
-2.6633165829145717           0.8082176498467073
-2.5477386934673376           0.8082176607509978
-2.4321608040201              0.8082176556287378
-2.316582914572866            0.8082176570337389
-2.201005025125628            0.8082176694217632
-2.0854271356783904           0.8082176588177157
-1.9698492462311563           0.808217620171507
-1.8542713567839186           0.8082175618950012
-1.7386934673366845           0.8082175711191455
-1.6231155778894468           0.8082174948619992
-1.5075376884422127           0.8082174695126106
-1.391959798994975            0.808217217416233
-1.2763819095477373           0.8082166240163301
-1.1608040201005032           0.8082151147743594
-1.0452261306532655           0.8082112817154192
-0.9296482412060314           0.8082017313204403
-0.8140703517587937           0.8081781289596189
-0.698492462311556            0.8081198787650374
-0.5829145728643219           0.8079790351282305
-0.46733668341708423          0.8076433369196866
-0.3517587939698501           0.8068595647366886
-0.23618090452261245          0.8050762483894884
-0.12060301507537828          0.8011460144209159
-0.005025125628140596         0.7928123311664789
0.11055276381909708           0.7759233659124124
0.22613065326633117           0.7433906074781147
0.34170854271356893           0.6840195196579646
0.457286432160803             0.5813867754221825
0.5728643216080407            0.41283280205410855
0.6884422110552748            0.1484228842236694
0.8040201005025125            -0.25042811350900956
0.9195979899497502            -0.832976126718419
1.0351758793969843            -1.6620505843739504
1.150753768844222             -2.8180733781948692
1.266331658291456             -4.404606821775779
1.3819095477386938            -6.555990966614223
1.4974874371859315            -9.447342200389336
1.6130653266331656            -13.307067687921272
1.7286432160804033            -18.432824096648584
1.8442211055276374            -25.212485258255963
1.959798994974875             -34.15171892829749
2.075376884422109             -45.91002112648447
2.190954773869347             -61.34771257628131
2.3065326633165846            -81.58723774724115
2.4221105527638187            -108.09313545623048
2.5376884422110564            -142.7763795680284
2.6532663316582905            -188.1305234514047
2.768844221105528             -249.1587561119608
