-20.0                         0.6602972688227876
-19.884422110552762           0.6602980917443145
-19.768844221105528           0.6602971751421166
-19.65326633165829            0.6602962276548617
-19.537688442211056           0.6602971409048989
-19.42211055276382            0.6602970950098107
-19.306532663316585           0.6602973405417134
-19.190954773869347           0.6602962700577825
-19.07537688442211            0.6602972827885896
-18.959798994974875           0.6602970285145892
-18.844221105527637           0.6602981322854571
-18.728643216080403           0.6602970379528242
-18.613065326633166           0.6602970508299816
-18.49748743718593            0.6602969924363916
-18.381909547738694           0.6602987676411909
-18.266331658291456           0.6602968332071333
-18.150753768844222           0.6602969170811341
-18.035175879396984           0.6602967122761391
-17.91959798994975            0.6602968786811967
-17.804020100502512           0.6602971697904637
-17.688442211055275           0.6602971450517817
-17.57286432160804            0.6602966654916146
-17.457286432160803           0.6602966072530131
-17.34170854271357            0.6602968593364794
-17.22613065326633            0.6602970056979495
-17.110552763819094           0.6602965566904719
-16.99497487437186            0.6602968842711345
-16.87939698492462            0.6602967278468611
-16.763819095477388           0.6602970421516351
-16.64824120603015            0.6602967109551404
-16.532663316582916           0.6602965395828284
-16.417085427135678           0.6602966277315152
-16.301507537688444           0.6602962611634952
-16.185929648241206           0.6602966243578049
-16.07035175879397            0.6602967860703347
-15.954773869346734           0.6602957832147158
-15.839195979899497           0.6602965164889483
-15.72361809045226            0.6602965621804107
-15.608040201005025           0.6602968612633002
-15.492462311557789           0.6602964737532554
-15.376884422110553           0.660296247268173
-15.261306532663315           0.660296576242606
-15.145728643216081           0.6602964598060278
-15.030150753768844           0.6602971833797174
-14.914572864321608           0.6602962530341923
-14.798994974874372           0.6602956799717541
-14.683417085427136           0.6602964496185713
-14.5678391959799             0.6602963931561693
-14.452261306532662           0.6602963546797914
-14.336683417085428           0.6602963004454665
-14.22110552763819            0.6602964741487906
-14.105527638190955           0.6602962634884432
-13.989949748743719           0.660295507088581
-13.874371859296481           0.6602961329233366
-13.758793969849247           0.6602968695036203
-13.64321608040201            0.6602962211400857
-13.527638190954773           0.6602957563135454
-13.412060301507537           0.660296229358247
-13.296482412060302           0.6602962783341395
-13.180904522613066           0.6602962908058996
-13.065326633165828           0.6602957805064872
-12.949748743718594           0.6602962536215331
-12.834170854271356           0.6602957806489768
-12.71859296482412            0.6602963886085388
-12.603015075376884           0.6602956610850123
-12.487437185929648           0.6602962268576278
-12.371859296482413           0.6602960996780898
-12.256281407035175           0.6602962633259449
-12.14070351758794            0.6602960736650443
-12.025125628140703           0.6602960918785061
-11.909547738693467           0.6602959256855611
-11.793969849246231           0.6602957933426803
-11.678391959798995           0.6602960388517403
-11.56281407035176            0.6602960010406207
-11.447236180904522           0.6602962685744079
-11.331658291457286           0.6602960630702568
-11.21608040201005            0.6602959908384882
-11.100502512562814           0.6602963554027232
-10.984924623115578           0.6602960467882604
-10.869346733668342           0.6602959160613074
-10.753768844221106           0.6602953893245852
-10.638190954773869           0.6602960019380192
-10.522613065326633           0.6602958577421476
-10.407035175879397           0.6602960056059437
-10.291457286432161           0.660296456857627
-10.175879396984925           0.6602958946023393
-10.06030150753769            0.6602957730423901
-9.944723618090451            0.6602958704210312
-9.829145728643216            0.6602957012300307
-9.71356783919598             0.660296186998814
-9.597989949748744            0.660295840466342
-9.482412060301508            0.6602958266027512
-9.366834170854272            0.6602958838572048
-9.251256281407034            0.6602958245990895
-9.135678391959798            0.6602957934908682
-9.020100502512562            0.6602959375277376
-8.904522613065327            0.6602955279692609
-8.78894472361809             0.6602954221387194
-8.673366834170855            0.660296638862919
-8.557788944723619            0.6602957673025869
-8.442211055276381            0.6602965842185575
-8.326633165829145            0.6602954413109222
-8.21105527638191             0.660295641905218
-8.095477386934673            0.6602957522759743
-7.9798994974874375           0.660295719697283
-7.864321608040202            0.66029568225109
-7.748743718592964            0.6602956344162748
-7.633165829145728            0.6602957096008529
-7.517587939698492            0.6602955122112144
-7.402010050251256            0.6602958763413058
-7.28643216080402             0.6602956908751607
-7.170854271356784            0.6602956334369893
-7.055276381909547            0.6602953924837405
-6.939698492462311            0.6602956095808917
-6.824120603015075            0.6602956332507405
-6.708542713567839            0.6602955423978034
-6.592964824120603            0.6602955881590112
-6.477386934673367            0.6602955259223149
-6.361809045226131            0.6602955747410236
-6.246231155778894            0.660295489310233
-6.130653266331658            0.6602955779132246
-6.015075376884422            0.6602955839675313
-5.899497487437186            0.6602956357366201
-5.78391959798995             0.6602955365619892
-5.668341708542714            0.6602955445466713
-5.5527638190954764           0.6602954218985109
-5.4371859296482405           0.6602953131846888
-5.321608040201005            0.6602954313035374
-5.206030150753769            0.6602954624237756
-5.090452261306533            0.6602955141576964
-4.974874371859297            0.6602955310274945
-4.859296482412061            0.6602956768194133
-4.743718592964823            0.6602954901579727
-4.628140703517587            0.6602955615652859
-4.5125628140703515           0.6602954266788811
-4.396984924623116            0.6602954473764969
-4.28140703517588             0.6602954642476132
-4.165829145728644            0.660295441446602
-4.050251256281406            0.6602953947416302
-3.934673366834172            0.6602954539962954
-3.8190954773869343           0.6602954627576625
-3.7035175879396967           0.6602954156114088
-3.5879396984924625           0.6602954197951212
-3.472361809045225            0.6602954080529415
-3.3567839195979907           0.6602954258929487
-3.241206030150753            0.6602953791531718
-3.125628140703519            0.6602953776707668
-3.0100502512562812           0.6602953824694489
-2.8944723618090435           0.6602953819238934
-2.7788944723618094           0.6602952773114767
-2.6633165829145717           0.6602953425322755
-2.5477386934673376           0.6602953596413514
-2.4321608040201              0.6602953545467787
-2.316582914572866            0.6602953537746625
-2.201005025125628            0.6602953622153342
-2.0854271356783904           0.6602953489235543
-1.9698492462311563           0.6602953025141058
-1.8542713567839186           0.6602952241174714
-1.7386934673366845           0.6602951737412369
-1.6231155778894468           0.6602949639448744
-1.5075376884422127           0.6602946214669684
-1.391959798994975            0.6602936671187346
-1.2763819095477373           0.6602914606762958
-1.1608040201005032           0.6602863323908001
-1.0452261306532655           0.6602744357003754
-0.9296482412060314           0.6602471181503583
-0.8140703517587937           0.6601848767334566
-0.698492462311556            0.660044108624347
-0.5829145728643219           0.6597306174565137
-0.46733668341708423          0.6590430267607955
-0.3517587939698501           0.6575647440378755
-0.23618090452261245          0.6544638504159407
-0.12060301507537828          0.6481508795050706
-0.005025125628140596         0.6357452191139816
0.11055276381909708           0.6123320366733065
0.22613065326633117           0.5700529407406048
0.34170854271356893           0.4971293026610243
0.457286432160803             0.3769025691610943
0.5728643216080407            0.18687017051390112
0.6884422110552748            -0.10244253057138718
0.8040201005025125            -0.529011607421957
0.9195979899497502            -1.1414738600516001
1.0351758793969843            -2.0021153744038815
1.150753768844222             -3.190929209363916
1.266331658291456             -4.811170188747234
1.3819095477386938            -6.996965133899179
1.4974874371859315            -9.923264302627066
1.6130653266331656            -13.818332914447511
1.7286432160804033            -18.979715066481592
1.8442211055276374            -25.795204020642423
1.959798994974875             -34.77041184127119
2.075376884422109             -46.56479560493386
2.190954773869347             -62.03864826487702
2.3065326633165846            -82.31439416238393
2.4221105527638187            -108.85655733850764
2.5376884422110564            -143.5761007036624
2.6532663316582905            -188.96656944241383
2.768844221105528             -250.03094204160905
