-20.0                         0.9147150690201139
-19.884422110552762           0.9147160417292454
-19.768844221105528           0.9147149476715022
-19.65326633165829            0.9147139312867945
-19.537688442211056           0.9147149659565165
-19.42211055276382            0.9147148085282919
-19.306532663316585           0.9147151104753468
-19.190954773869347           0.9147137182575841
-19.07537688442211            0.9147151412545781
-18.959798994974875           0.9147148219628276
-18.844221105527637           0.9147160763525141
-18.728643216080403           0.9147147288263231
-18.613065326633166           0.9147149386421977
-18.49748743718593            0.9147147589758438
-18.381909547738694           0.9147169305726802
-18.266331658291456           0.9147146102399575
-18.150753768844222           0.914714688842249
-18.035175879396984           0.9147147392827688
-17.91959798994975            0.9147146530719706
-17.804020100502512           0.9147150718294291
-17.688442211055275           0.9147148643735028
-17.57286432160804            0.9147143611769362
-17.457286432160803           0.914714386456785
-17.34170854271357            0.9147145842073751
-17.22613065326633            0.9147146634756003
-17.110552763819094           0.9147143386286322
-16.99497487437186            0.9147147677050506
-16.87939698492462            0.9147143303201898
-16.763819095477388           0.9147149661710909
-16.64824120603015            0.9147143952091773
-16.532663316582916           0.9147144006719263
-16.417085427135678           0.9147143891333249
-16.301507537688444           0.914713863920784
-16.185929648241206           0.9147143970554145
-16.07035175879397            0.9147146348917897
-15.954773869346734           0.9147133823882573
-15.839195979899497           0.9147143003189235
-15.72361809045226            0.9147143906978852
-15.608040201005025           0.9147149617546837
-15.492462311557789           0.9147142799079829
-15.376884422110553           0.9147141654382144
-15.261306532663315           0.9147143759065111
-15.145728643216081           0.9147142822144422
-15.030150753768844           0.9147151117031562
-14.914572864321608           0.9147140308021932
-14.798994974874372           0.9147133513035234
-14.683417085427136           0.9147142779435785
-14.5678391959799             0.9147142043160613
-14.452261306532662           0.9147141639135749
-14.336683417085428           0.9147140935689299
-14.22110552763819            0.9147144989785307
-14.105527638190955           0.9147140458417925
-13.989949748743719           0.9147131916585022
-13.874371859296481           0.9147139009915736
-13.758793969849247           0.9147146168418598
-13.64321608040201            0.9147139957408738
-13.527638190954773           0.9147133742742618
-13.412060301507537           0.9147140280124862
-13.296482412060302           0.9147139137728514
-13.180904522613066           0.9147141471324383
-13.065326633165828           0.9147136093003895
-12.949748743718594           0.9147140290625005
-12.834170854271356           0.9147135486921105
-12.71859296482412            0.9147142032802221
-12.603015075376884           0.9147134479811546
-12.487437185929648           0.9147140353429827
-12.371859296482413           0.9147138308243282
-12.256281407035175           0.9147140975142038
-12.14070351758794            0.9147138778233588
-12.025125628140703           0.9147137482064588
-11.909547738693467           0.9147137063774328
-11.793969849246231           0.9147135988096732
-11.678391959798995           0.9147138526280415
-11.56281407035176            0.9147137983424707
-11.447236180904522           0.9147141392585206
-11.331658291457286           0.9147138629559023
-11.21608040201005            0.914713785254091
-11.100502512562814           0.91471411459763
-10.984924623115578           0.9147138503778115
-10.869346733668342           0.9147137148107257
-10.753768844221106           0.9147130938586144
-10.638190954773869           0.914713842017426
-10.522613065326633           0.914713634572306
-10.407035175879397           0.9147138395240278
-10.291457286432161           0.9147144539475919
-10.175879396984925           0.91471368894015
-10.06030150753769            0.9147135579632466
-9.944723618090451            0.9147136843138145
-9.829145728643216            0.9147133853509479
-9.71356783919598             0.914714114334957
-9.597989949748744            0.9147136613986042
-9.482412060301508            0.9147136322677321
-9.366834170854272            0.9147137218226165
-9.251256281407034            0.9147136363298992
-9.135678391959798            0.9147135807382392
-9.020100502512562            0.9147137602351378
-8.904522613065327            0.9147132349136889
-8.78894472361809             0.9147131497434481
-8.673366834170855            0.9147145944785833
-8.557788944723619            0.9147135949246588
-8.442211055276381            0.9147145340950117
-8.326633165829145            0.9147131755486864
-8.21105527638191             0.9147133573019817
-8.095477386934673            0.9147136201912397
-7.9798994974874375           0.914713535618135
-7.864321608040202            0.9147134923351017
-7.748743718592964            0.9147134271618179
-7.633165829145728            0.9147135361730274
-7.517587939698492            0.9147132870011058
-7.402010050251256            0.9147137650339023
-7.28643216080402             0.9147135019936228
-7.170854271356784            0.9147134359432744
-7.055276381909547            0.9147131745423075
-6.939698492462311            0.9147134217261926
-6.824120603015075            0.9147134432953818
-6.708542713567839            0.9147133037145561
-6.592964824120603            0.9147134093064087
-6.477386934673367            0.9147133744477597
-6.361809045226131            0.914713397894517
-6.246231155778894            0.9147132954065537
-6.130653266331658            0.9147133830444133
-6.015075376884422            0.9147133874095122
-5.899497487437186            0.9147134470722347
-5.78391959798995             0.9147133338879567
-5.668341708542714            0.914713352134284
-5.5527638190954764           0.9147132048561998
-5.4371859296482405           0.9147130812175361
-5.321608040201005            0.9147132032743074
-5.206030150753769            0.9147132693832162
-5.090452261306533            0.9147133557735878
-4.974874371859297            0.9147133046329007
-4.859296482412061            0.9147134919216042
-4.743718592964823            0.9147132945489249
-4.628140703517587            0.914713386453159
-4.5125628140703515           0.9147132333221439
-4.396984924623116            0.9147132505291762
-4.28140703517588             0.9147132724307768
-4.165829145728644            0.9147132495070157
-4.050251256281406            0.9147131666729515
-3.934673366834172            0.9147132690162524
-3.8190954773869343           0.9147132833944379
-3.7035175879396967           0.9147132257548451
-3.5879396984924625           0.9147132375740812
-3.472361809045225            0.9147132241913868
-3.3567839195979907           0.9147132440984137
-3.241206030150753            0.9147131926458405
-3.125628140703519            0.914713185084587
-3.0100502512562812           0.9147131890636593
-2.8944723618090435           0.9147132142867958
-2.7788944723618094           0.9147130727112273
-2.6633165829145717           0.9147131651196115
-2.5477386934673376           0.9147131708386367
-2.4321608040201              0.9147131653356788
-2.316582914572866            0.9147131679215512
-2.201005025125628            0.9147131813561422
-2.0854271356783904           0.9147131700984483
-1.9698492462311563           0.9147131312690974
-1.8542713567839186           0.9147130736699147
-1.7386934673366845           0.9147130931952953
-1.6231155778894468           0.9147130388844898
-1.5075376884422127           0.9147130765861181
-1.391959798994975            0.9147129639336073
-1.2763819095477373           0.9147127274654169
-1.1608040201005032           0.9147120761052081
-1.0452261306532655           0.9147103029236057
-0.9296482412060314           0.9147056447605193
-0.8140703517587937           0.9146935291986121
-0.698492462311556            0.9146617206064064
-0.5829145728643219           0.9145805480192825
-0.46733668341708423          0.9143760061496623
-0.3517587939698501           0.9138712967241505
-0.23618090452261245          0.9126582872099741
-0.12060301507537828          0.9098372367789853
-0.005025125628140596         0.9035359331843413
0.11055276381909708           0.8901209932780284
0.22613065326633117           0.8630852369766411
0.34170854271356893           0.8117368701606283
0.457286432160803             0.7199251629826866
0.5728643216080407            0.5649602281258073
0.6884422110552748            0.31661827991193203
0.8040201005025125            -0.06411631538508122
0.9195979899497502            -0.6269541189332313
1.0351758793969843            -1.43512784972091
1.150753768844222             -2.569377496382645
1.266331658291456             -4.133492185297333
1.3819095477386938            -6.261967298312891
1.4974874371859315            -9.130037987746137
1.6130653266331656            -12.96621144412873
1.7286432160804033            -18.068222909972317
1.8442211055276374            -24.824001974632584
1.959798994974875             -33.73925462695693
2.075376884422109             -45.473503445335545
2.190954773869347             -60.887087994203505
2.3065326633165846            -81.10246634460323
2.4221105527638187            -107.58418726705011
2.5376884422110564            -142.2432319879823
2.6532663316582905            -187.57315936601864
2.768844221105528             -248.57729882552863
