-20.0                         0.35540987643498356
-19.884422110552762           0.3554105005255802
-19.768844221105528           0.3554098147075924
-19.65326633165829            0.35540904209526925
-19.537688442211056           0.35540977764367576
-19.42211055276382            0.3554098335829625
-19.306532663316585           0.35540991282756373
-19.190954773869347           0.35540942385257657
-19.07537688442211            0.3554098262211827
-18.959798994974875           0.35540968691958846
-18.844221105527637           0.3554103658120944
-18.728643216080403           0.35540972588116004
-18.613065326633166           0.355409598453285
-18.49748743718593            0.3554096377039747
-18.381909547738694           0.35541076150887985
-18.266331658291456           0.35540950533114973
-18.150753768844222           0.35540958875975154
-18.035175879396984           0.35540915729043926
-17.91959798994975            0.3554095188567266
-17.804020100502512           0.3554096479022111
-17.688442211055275           0.35540973414186716
-17.57286432160804            0.3554094624603261
-17.457286432160803           0.35540928417838413
-17.34170854271357            0.35540950987330805
-17.22613065326633            0.35540967649561767
-17.110552763819094           0.3554092471417496
-16.99497487437186            0.3554094153499318
-16.87939698492462            0.3554095137478628
-16.763819095477388           0.35540951118484937
-16.64824120603015            0.3554094268402069
-16.532663316582916           0.3554092115655207
-16.417085427135678           0.3554093173297088
-16.301507537688444           0.3554091819808659
-16.185929648241206           0.3554092732658888
-16.07035175879397            0.3554093491504311
-15.954773869346734           0.355408721909269
-15.839195979899497           0.3554091772065699
-15.72361809045226            0.35540918899557616
-15.608040201005025           0.3554091697306357
-15.492462311557789           0.3554091084596781
-15.376884422110553           0.35540887091059375
-15.261306532663315           0.35540918991098086
-15.145728643216081           0.3554090809096779
-15.030150753768844           0.35540952253287195
-14.914572864321608           0.35540893043784144
-14.798994974874372           0.35540857360497646
-14.683417085427136           0.355409052866515
-14.5678391959799             0.3554090488487717
-14.452261306532662           0.3554090143345775
-14.336683417085428           0.3554089508361603
-14.22110552763819            0.3554088976149588
-14.105527638190955           0.3554089427146419
-13.989949748743719           0.355408335812031
-13.874371859296481           0.3554088216877486
-13.758793969849247           0.3554095084958587
-13.64321608040201            0.35540889915135276
-13.527638190954773           0.3554086760459113
-13.412060301507537           0.35540888113843583
-13.296482412060302           0.35540906891989504
-13.180904522613066           0.35540887259660325
-13.065326633165828           0.35540845373190555
-12.949748743718594           0.35540890295784044
-12.834170854271356           0.35540848255039537
-12.71859296482412            0.35540898273597704
-12.603015075376884           0.35540838740326086
-12.487437185929648           0.3554088333323738
-12.371859296482413           0.35540879551484367
-12.256281407035175           0.3554088428164321
-12.14070351758794            0.355408710257874
-12.025125628140703           0.35540887049507247
-11.909547738693467           0.3554085965537918
-11.793969849246231           0.35540850957701536
-11.678391959798995           0.3554086716906838
-11.56281407035176            0.35540864723437704
-11.447236180904522           0.3554088083682319
-11.331658291457286           0.35540869062810265
-11.21608040201005            0.35540863568754066
-11.100502512562814           0.35540900341163184
-10.984924623115578           0.35540866692934125
-10.869346733668342           0.355408560566797
-10.753768844221106           0.355408178669694
-10.638190954773869           0.3554085995009191
-10.522613065326633           0.3554085332215187
-10.407035175879397           0.35540858480484167
-10.291457286432161           0.3554088160073143
-10.175879396984925           0.35540853307775827
-10.06030150753769            0.3554084361550805
-9.944723618090451            0.3554084999391914
-9.829145728643216            0.3554084871326424
-9.71356783919598             0.3554086260703592
-9.597989949748744            0.35540846186605835
-9.482412060301508            0.35540846507914164
-9.366834170854272            0.3554084705150297
-9.251256281407034            0.3554084478854738
-9.135678391959798            0.35540844152741874
-9.020100502512562            0.35540850137879754
-8.904522613065327            0.3554083059370329
-8.78894472361809             0.35540817069107894
-8.673366834170855            0.3554090387495197
-8.557788944723619            0.3554083708843526
-8.442211055276381            0.3554089929482645
-8.326633165829145            0.3554081783820154
-8.21105527638191             0.3554083783496138
-8.095477386934673            0.355408324880652
-7.9798994974874375           0.3554083345436984
-7.864321608040202            0.35540831110776994
-7.748743718592964            0.3554082838813482
-7.633165829145728            0.3554083149662216
-7.517587939698492            0.3554082136833893
-7.402010050251256            0.35540837650068635
-7.28643216080402             0.3554083082620992
-7.170854271356784            0.35540826876595216
-7.055276381909547            0.3554080831093282
-6.939698492462311            0.3554082375829948
-6.824120603015075            0.3554082540861592
-6.708542713567839            0.35540823224446855
-6.592964824120603            0.3554082034257901
-6.477386934673367            0.3554081219419489
-6.361809045226131            0.3554081923918863
-6.246231155778894            0.3554081240082276
-6.130653266331658            0.355408201090118
-6.015075376884422            0.3554082013996671
-5.899497487437186            0.3554082295402305
-5.78391959798995             0.3554081734894011
-5.668341708542714            0.35540817219276993
-5.5527638190954764           0.35540810002556666
-5.4371859296482405           0.3554080019668181
-5.321608040201005            0.3554081125687824
-5.206030150753769            0.3554081062046607
-5.090452261306533            0.3554081118287515
-4.974874371859297            0.35540818150861264
-4.859296482412061            0.3554082702868778
-4.743718592964823            0.3554081141275102
-4.628140703517587            0.35540816290360105
-4.5125628140703515           0.35540806801303954
-4.396984924623116            0.35540807755422654
-4.28140703517588             0.35540808578929406
-4.165829145728644            0.3554080688844364
-4.050251256281406            0.35540806569861577
-3.934673366834172            0.355408069217954
-3.8190954773869343           0.3554080708318964
-3.7035175879396967           0.3554080400301282
-3.5879396984924625           0.35540803696805806
-3.472361809045225            0.3554080265285577
-3.3567839195979907           0.35540803637483076
-3.241206030150753            0.3554080086196927
-3.125628140703519            0.3554080022380973
-3.0100502512562812           0.35540800236091397
-2.8944723618090435           0.35540797076742375
-2.7788944723618094           0.35540789935739425
-2.6633165829145717           0.3554079086193263
-2.5477386934673376           0.3554078883747653
-2.4321608040201              0.3554077963484999
-2.316582914572866            0.35540762666538445
-2.201005025125628            0.35540731071004683
-2.0854271356783904           0.3554066960569526
-1.9698492462311563           0.35540550731106585
-1.8542713567839186           0.35540325750114576
-1.7386934673366845           0.35539906041478125
-1.6231155778894468           0.35539102549654766
-1.5075376884422127           0.35537592775442395
-1.391959798994975            0.3553473488084145
-1.2763819095477373           0.3552935762446402
-1.1608040201005032           0.35519286321489646
-1.0452261306532655           0.35500514084671086
-0.9296482412060314           0.3546574868943066
-0.8140703517587937           0.354018526328174
-0.698492462311556            0.3528548925595988
-0.5829145728643219           0.350760087935153
-0.46733668341708423          0.3470397005250555
-0.3517587939698501           0.34053799500765375
-0.23618090452261245          0.3293866578879195
-0.12060301507537828          0.31066284111475734
-0.005025125628140596         0.27995174392734057
0.11055276381909708           0.23081885582991507
0.22613065326633117           0.15419795940592304
0.34170854271356893           0.037687783571932455
0.457286432160803             -0.1352813700626998
0.5728643216080407            -0.38648546321723776
0.6884422110552748            -0.7442552317391423
0.8040201005025125            -1.2452617230873722
0.9195979899497502            -1.9368787363809135
1.0351758793969843            -2.8802936126083467
1.150753768844222             -4.154625452252989
1.266331658291456             -5.86249287838338
1.3819095477386938            -8.137568351817645
1.4974874371859315            -11.154432826202939
1.6130653266331656            -15.141025816953784
1.7286432160804033            -20.39462766027314
1.8442211055276374            -27.302839275716575
1.959798994974875             -36.37113746200614
2.075376884422109             -48.258883349834996
2.190954773869347             -63.82630070595029
2.3065326633165846            -84.19576328854018
2.4221105527638187            -110.83175775710176
2.5376884422110564            -145.64521916472307
2.6532663316582905            -191.1296718000151
2.768844221105528             -252.28755008181005
