-20.0                         0.19887282470824447
-19.884422110552762           0.19887320456578375
-19.768844221105528           0.1988727807707957
-19.65326633165829            0.19887226638053435
-19.537688442211056           0.1988727569877096
-19.42211055276382            0.19887282796366582
-19.306532663316585           0.19887277429044461
-19.190954773869347           0.19887278178190015
-19.07537688442211            0.19887271008001642
-18.959798994974875           0.1988726738607203
-18.844221105527637           0.19887282796545344
-18.728643216080403           0.1988726523760269
-18.613065326633166           0.19887253702790186
-18.49748743718593            0.19887259731835977
-18.381909547738694           0.19887300321612764
-18.266331658291456           0.19887251150216503
-18.150753768844222           0.19887256599610975
-18.035175879396984           0.19887215889645954
-17.91959798994975            0.19887248264616564
-17.804020100502512           0.19887249203839708
-17.688442211055275           0.19887252916497491
-17.57286432160804            0.1988724905843404
-17.457286432160803           0.19887230911625353
-17.34170854271357            0.19887242254906073
-17.22613065326633            0.19887249646200297
-17.110552763819094           0.19887230109330087
-16.99497487437186            0.19887234228022893
-16.87939698492462            0.198872430710693
-16.763819095477388           0.1988723436884149
-16.64824120603015            0.1988723536445543
-16.532663316582916           0.1988722707463464
-16.417085427135678           0.19887231971859995
-16.301507537688444           0.19887230273733955
-16.185929648241206           0.19887222673947258
-16.07035175879397            0.19887226000151
-15.954773869346734           0.19887200647726067
-15.839195979899497           0.198872168420433
-15.72361809045226            0.1988721600159295
-15.608040201005025           0.19887203333804318
-15.492462311557789           0.1988720835492778
-15.376884422110553           0.198871992256209
-15.261306532663315           0.19887211748605965
-15.145728643216081           0.19887205547384088
-15.030150753768844           0.19887215718509538
-14.914572864321608           0.1988719524835344
-14.798994974874372           0.19887186557542869
-14.683417085427136           0.19887200245154107
-14.5678391959799             0.19887202649382812
-14.452261306532662           0.19887199888205925
-14.336683417085428           0.19887193567005712
-14.22110552763819            0.1988718457268845
-14.105527638190955           0.1988719464834388
-13.989949748743719           0.19887154611158034
-13.874371859296481           0.19887184882420877
-13.758793969849247           0.19887231058055213
-13.64321608040201            0.198871889411322
-13.527638190954773           0.1988718820706297
-13.412060301507537           0.1988718598763302
-13.296482412060302           0.19887201236523977
-13.180904522613066           0.19887182123517408
-13.065326633165828           0.19887157619240728
-12.949748743718594           0.19887184100157182
-12.834170854271356           0.1988715516037449
-12.71859296482412            0.1988718682275881
-12.603015075376884           0.19887154490743128
-12.487437185929648           0.19887175905731463
-12.371859296482413           0.1988717522974826
-12.256281407035175           0.1988717598838957
-12.14070351758794            0.19887168032366778
-12.025125628140703           0.19887183156938437
-11.909547738693467           0.19887160694802572
-11.793969849246231           0.1988716104053372
-11.678391959798995           0.1988716438481837
-11.56281407035176            0.198871628436276
-11.447236180904522           0.19887168250845721
-11.331658291457286           0.19887163151867723
-11.21608040201005            0.19887160357214345
-11.100502512562814           0.19887186835516507
-10.984924623115578           0.19887159896391124
-10.869346733668342           0.19887153882505318
-10.753768844221106           0.19887132572450875
-10.638190954773869           0.19887154313529296
-10.522613065326633           0.1988715316560344
-10.407035175879397           0.1988715148254858
-10.291457286432161           0.19887154876682356
-10.175879396984925           0.19887149231241633
-10.06030150753769            0.19887143503928312
-9.944723618090451            0.1988714634687023
-9.829145728643216            0.19887152530738675
-9.71356783919598             0.19887144360736547
-9.597989949748744            0.19887142535213093
-9.482412060301508            0.1988714316672145
-9.366834170854272            0.19887140555582647
-9.251256281407034            0.1988714014990737
-9.135678391959798            0.19887139881828775
-9.020100502512562            0.19887139042971996
-8.904522613065327            0.19887138307726254
-8.78894472361809             0.19887125938508698
-8.673366834170855            0.19887173247133408
-8.557788944723619            0.1988713139561424
-8.442211055276381            0.1988716969464764
-8.326633165829145            0.1988712508361832
-8.21105527638191             0.19887137394562318
-8.095477386934673            0.1988712798343225
-7.9798994974874375           0.1988712864089289
-7.864321608040202            0.19887127459561005
-7.748743718592964            0.19887126337746164
-7.633165829145728            0.19887125868129293
-7.517587939698492            0.19887124219857427
-7.402010050251256            0.19887123947781407
-7.28643216080402             0.1988712493944094
-7.170854271356784            0.19887122962854384
-7.055276381909547            0.19887113774199344
-6.939698492462311            0.19887120069408332
-6.824120603015075            0.19887120133214117
-6.708542713567839            0.1988712350759746
-6.592964824120603            0.19887116085989362
-6.477386934673367            0.19887109400698788
-6.361809045226131            0.19887115507871606
-6.246231155778894            0.19887109888144
-6.130653266331658            0.19887114855210458
-6.015075376884422            0.19887114385771001
-5.899497487437186            0.19887114268345354
-5.78391959798995             0.19887112847265084
-5.668341708542714            0.19887112504053986
-5.5527638190954764           0.1988711004405911
-5.4371859296482405           0.19887102589509656
-5.321608040201005            0.19887109693161023
-5.206030150753769            0.1988710741720873
-5.090452261306533            0.19887105741106334
-4.974874371859297            0.1988711006157427
-4.859296482412061            0.19887113249487381
-4.743718592964823            0.19887102792559608
-4.628140703517587            0.19887103942753176
-4.5125628140703515           0.1988709637279314
-4.396984924623116            0.19887092100413756
-4.28140703517588             0.19887086606634713
-4.165829145728644            0.1988707743015139
-4.050251256281406            0.19887066922925925
-3.934673366834172            0.19887046334971603
-3.8190954773869343           0.19887019074852788
-3.7035175879396967           0.19886977869232209
-3.5879396984924625           0.19886918227190006
-3.472361809045225            0.19886829558932947
-3.3567839195979907           0.19886699423260423
-3.241206030150753            0.19886504984733105
-3.125628140703519            0.1988621650394516
-3.0100502512562812           0.19885790023631103
-2.8944723618090435           0.19885154277267864
-2.7788944723618094           0.19884213128951445
-2.6633165829145717           0.19882822437706724
-2.5477386934673376           0.19880761381765413
-2.4321608040201              0.1987770452189049
-2.316582914572866            0.19873178699992783
-2.201005025125628            0.19866482564498975
-2.0854271356783904           0.19856582851874305
-1.9698492462311563           0.19841960343700654
-1.8542713567839186           0.19820388932965566
-1.7386934673366845           0.19788611458946367
-1.6231155778894468           0.1974186611686512
-1.5075376884422127           0.1967324428805922
-1.391959798994975            0.19572716108231464
-1.2763819095477373           0.19425824751773255
-1.1608040201005032           0.19211820317573117
-1.0452261306532655           0.18901082921712686
-0.9296482412060314           0.1845160714968248
-0.8140703517587937           0.1780422091033009
-0.698492462311556            0.16876175291534484
-0.5829145728643219           0.15552684105163986
-0.46733668341708423          0.13675717985042493
-0.3517587939698501           0.1102946390831938
-0.23618090452261245          0.07321424876742272
-0.12060301507537828          0.021579966397021588
-0.005025125628140596         -0.04987071762783909
0.11055276381909708           -0.1481336053675291
0.22613065326633117           -0.28246335385018767
0.34170854271356893           -0.46505196682657524
0.457286432160803             -0.7119060863768565
0.5728643216080407            -1.0439808436081888
0.6884422110552748            -1.4886456469374927
0.8040201005025125            -2.081578253919992
0.9195979899497502            -2.869210500392334
1.0351758793969843            -3.911897253688398
1.150753768844222             -5.288077117910798
1.266331658291456             -7.09985685977528
1.3819095477386938            -9.480522037214978
1.4974874371859315            -12.604314295994687
1.6130653266331656            -16.69885720676722
1.7286432160804033            -22.06116606228911
1.8442211055276374            -29.07864246943008
1.959798994974875             -38.256619104422235
2.075376884422109             -50.25435251327475
2.190954773869347             -65.93198969424334
2.3065326633165846            -86.41184750220303
2.4221105527638187            -113.15837009558156
2.5376884422110564            -148.0824605946106
2.6532663316582905            -193.6776191832717
2.768844221105528             -254.94564053407134
