-20.0                         0.45843100568659134
-19.884422110552762           0.45843170509457404
-19.768844221105528           0.4584309337156894
-19.65326633165829            0.4584300862761147
-19.537688442211056           0.45843089164993817
-19.42211055276382            0.45843091790672885
-19.306532663316585           0.458431065021399
-19.190954773869347           0.45843035139524313
-19.07537688442211            0.45843097830683543
-18.959798994974875           0.4584307946968057
-18.844221105527637           0.4584316564103722
-18.728643216080403           0.45843083835132603
-18.613065326633166           0.4584307429795144
-18.49748743718593            0.45843075558155094
-18.381909547738694           0.4584321332085375
-18.266331658291456           0.4584306088676756
-18.150753768844222           0.4584306943202751
-18.035175879396984           0.4584303245761499
-17.91959798994975            0.4584306375812701
-17.804020100502512           0.45843082345840397
-17.688442211055275           0.45843089022170136
-17.57286432160804            0.4584305249819823
-17.457286432160803           0.4584303846378089
-17.34170854271357            0.4584306338885408
-17.22613065326633            0.4584308057605416
-17.110552763819094           0.4584303401360896
-16.99497487437186            0.45843056613916594
-16.87939698492462            0.45843059781381873
-16.763819095477388           0.458430688389093
-16.64824120603015            0.45843052904946996
-16.532663316582916           0.45843030181804406
-16.417085427135678           0.4584304154623635
-16.301507537688444           0.458430199539451
-16.185929648241206           0.4584303899976505
-16.07035175879397            0.4584304926151023
-15.954773869346734           0.4584297243366557
-15.839195979899497           0.4584302852359982
-15.72361809045226            0.45843030680141855
-15.608040201005025           0.4584303890625144
-15.492462311557789           0.4584302252811222
-15.376884422110553           0.45842997051820017
-15.261306532663315           0.45843031870780687
-15.145728643216081           0.45843020116404104
-15.030150753768844           0.45843076282761036
-14.914572864321608           0.4584300309871123
-14.798994974874372           0.4584295848439172
-14.683417085427136           0.45843018108177974
-14.5678391959799             0.45843015645706264
-14.452261306532662           0.45843012035500025
-14.336683417085428           0.4584300623817143
-14.22110552763819            0.4584300749379138
-14.105527638190955           0.4584300426107748
-13.989949748743719           0.4584293769066461
-13.874371859296481           0.45842991845440373
-13.758793969849247           0.458430638301293
-13.64321608040201            0.45843000132606354
-13.527638190954773           0.45842968681846336
-13.412060301507537           0.45842999159498576
-13.296482412060302           0.4584301442026812
-13.180904522613066           0.458430005837462
-13.065326633165828           0.45842954516386686
-12.949748743718594           0.45843001933479877
-12.834170854271356           0.45842957215430313
-12.71859296482412            0.45843011937182043
-12.603015075376884           0.4584294602968389
-12.487437185929648           0.4584299638893508
-12.371859296482413           0.4584298982160189
-12.256281407035175           0.45842998104301563
-12.14070351758794            0.4584298268312144
-12.025125628140703           0.45842994718596036
-11.909547738693467           0.4584296999432973
-11.793969849246231           0.45842958638751347
-11.678391959798995           0.4584297883884637
-11.56281407035176            0.45842975999591173
-11.447236180904522           0.458429961027976
-11.331658291457286           0.4584298128129475
-11.21608040201005            0.4584297500460947
-11.100502512562814           0.45843012519679005
-10.984924623115578           0.45842979216792934
-10.869346733668342           0.4584296741115069
-10.753768844221106           0.4584292363185022
-10.638190954773869           0.45842972867018833
-10.522613065326633           0.45842963552458565
-10.407035175879397           0.45842972256792164
-10.291457286432161           0.4584300342619879
-10.175879396984925           0.4584296505722012
-10.06030150753769            0.4584295427300815
-9.944723618090451            0.4584296186238181
-9.829145728643216            0.4584295533523029
-9.71356783919598             0.45842981591847026
-9.597989949748744            0.4584295827688019
-9.482412060301508            0.458429580661874
-9.366834170854272            0.45842960498793595
-9.251256281407034            0.45842956974020943
-9.135678391959798            0.45842955636430055
-9.020100502512562            0.45842964940506425
-8.904522613065327            0.458429370657355
-8.78894472361809             0.4584292449015433
-8.673366834170855            0.45843024675396593
-8.557788944723619            0.4584294993755214
-8.442211055276381            0.458430197545223
-8.326633165829145            0.45842925722316874
-8.21105527638191             0.4584294632737334
-8.095477386934673            0.4584294599671529
-7.9798994974874375           0.45842945913769984
-7.864321608040202            0.4584294302571213
-7.748743718592964            0.45842939597319976
-7.633165829145728            0.4584294427233166
-7.517587939698492            0.45842930413255517
-7.402010050251256            0.4584295437977617
-7.28643216080402             0.4584294331044156
-7.170854271356784            0.45842938634193414
-7.055276381909547            0.4584291759872725
-6.939698492462311            0.4584293569064965
-6.824120603015075            0.4584293774238
-6.708542713567839            0.45842933026152133
-6.592964824120603            0.4584293272078931
-6.477386934673367            0.45842924971291565
-6.361809045226131            0.45842931458574426
-6.246231155778894            0.4584292408381044
-6.130653266331658            0.4584293240636158
-6.015075376884422            0.4584293270633234
-5.899497487437186            0.4584293655049045
-5.78391959798995             0.45842929139039945
-5.668341708542714            0.4584292926239011
-5.5527638190954764           0.45842920038597657
-5.4371859296482405           0.45842909873074245
-5.321608040201005            0.45842921374412204
-5.206030150753769            0.45842921917319285
-5.090452261306533            0.45842924004647867
-4.974874371859297            0.4584292978085595
-4.859296482412061            0.4584294071492489
-4.743718592964823            0.458429236815058
-4.628140703517587            0.45842929328284454
-4.5125628140703515           0.4584291821737027
-4.396984924623116            0.4584291975097063
-4.28140703517588             0.4584292090191258
-4.165829145728644            0.45842918940593147
-4.050251256281406            0.45842917167957214
-3.934673366834172            0.45842919427375955
-3.8190954773869343           0.45842919847960706
-3.7035175879396967           0.4584291614561874
-3.5879396984924625           0.4584291605766483
-3.472361809045225            0.4584291499076097
-3.3567839195979907           0.45842916327883476
-3.241206030150753            0.45842912804400693
-3.125628140703519            0.45842912569388283
-3.0100502512562812           0.45842912974808114
-2.8944723618090435           0.45842911127480684
-2.7788944723618094           0.4584290352352753
-2.6633165829145717           0.458429076729132
-2.5477386934673376           0.45842909504329404
-2.4321608040201              0.45842907922000437
-2.316582914572866            0.45842905414877294
-2.201005025125628            0.4584290116012006
-2.0854271356783904           0.45842890434775263
-1.9698492462311563           0.45842866458598935
-1.8542713567839186           0.4584281870622622
-1.7386934673366845           0.4584272997264498
-1.6231155778894468           0.45842538956312334
-1.5075376884422127           0.45842158383251996
-1.391959798994975            0.45841366832055813
-1.2763819095477373           0.4583974752520502
-1.1608040201005032           0.45836451036631015
-1.0452261306532655           0.45829769570514933
-0.9296482412060314           0.45816321781070873
-0.8140703517587937           0.4578946635785543
-0.698492462311556            0.4573633536096494
-0.5829145728643219           0.4563254623808735
-0.46733668341708423          0.4543276182222497
-0.3517587939698501           0.4505508941131717
-0.23618090452261245          0.44356389844409994
-0.12060301507537828          0.43095968561395187
-0.005025125628140596         0.4088629867269635
0.11055276381909708           0.3713172594556535
0.22613065326633117           0.3095808493100156
0.34170854271356893           0.21135933861145725
0.457286432160803             0.059961249061517785
0.5728643216080407            -0.1666966456773481
0.6884422110552748            -0.49736353049169657
0.8040201005025125            -0.96916446635838
0.9195979899497502            -1.6299056294758008
1.0351758793969843            -2.541150379520162
1.150753768844222             -3.7823186573683523
1.266331658291456             -5.456249961619435
1.3819095477386938            -7.69677696041154
1.4974874371859315            -10.678613622388184
1.6130653266331656            -14.629818592123224
1.7286432160804033            -19.847769646235626
1.8442211055276374            -26.72013938568074
1.959798994974875             -35.75245542236362
2.075376884422109             -47.60411516490901
2.190954773869347             -63.135368672747525
2.3065326633165846            -83.46860900211696
2.4221105527638187            -110.06833711696349
2.5376884422110564            -144.84549875498865
2.6532663316582905            -190.29362623369627
2.768844221105528             -251.4153641521618
