-20.0                         0.5952447888549232
-19.884422110552762           0.5952455735247082
-19.768844221105528           0.5952447023333954
-19.65326633165829            0.59524378187184
-19.537688442211056           0.5952446625990284
-19.42211055276382            0.5952446416524604
-19.306532663316585           0.5952448606897132
-19.190954773869347           0.5952438944170939
-19.07537688442211            0.5952447893997299
-18.959798994974875           0.5952445558561854
-18.844221105527637           0.5952455954941669
-18.728643216080403           0.5952445817985375
-18.613065326633166           0.5952445541795056
-18.49748743718593            0.5952445212659191
-18.381909547738694           0.5952461786458548
-18.266331658291456           0.5952443639382798
-18.150753768844222           0.5952444487529226
-18.035175879396984           0.5952441861399274
-17.91959798994975            0.5952444058617643
-17.804020100502512           0.5952446635757264
-17.688442211055275           0.595244674701216
-17.57286432160804            0.5952442223739871
-17.457286432160803           0.5952441380926161
-17.34170854271357            0.5952443945599236
-17.22613065326633            0.5952445528352212
-17.110552763819094           0.5952440885124561
-16.99497487437186            0.5952443850839118
-16.87939698492462            0.5952442949012263
-16.763819095477388           0.5952445326871536
-16.64824120603015            0.5952442596241885
-16.532663316582916           0.59524406046148
-16.417085427135678           0.5952441624279088
-16.301507537688444           0.5952438425755142
-16.185929648241206           0.595244153636709
-16.07035175879397            0.595244295672901
-15.954773869346734           0.5952433640766586
-15.839195979899497           0.5952440451763747
-15.72361809045226            0.5952440821511267
-15.608040201005025           0.5952443102672105
-15.492462311557789           0.5952439968535074
-15.376884422110553           0.5952437540878137
-15.261306532663315           0.59524409812494
-15.145728643216081           0.5952439792422219
-15.030150753768844           0.5952446594170827
-14.914572864321608           0.5952437841303483
-14.798994974874372           0.5952432467991888
-14.683417085427136           0.59524396652135
-14.5678391959799             0.5952439187254649
-14.452261306532662           0.5952438809435057
-14.336683417085428           0.5952438269138505
-14.22110552763819            0.595243945410912
-14.105527638190955           0.5952437946370355
-13.989949748743719           0.5952430654221854
-13.874371859296481           0.5952436664772146
-13.758793969849247           0.5952444022114934
-13.64321608040201            0.5952437532594338
-13.527638190954773           0.5952433337147296
-13.412060301507537           0.595243755510096
-13.296482412060302           0.5952438413862137
-13.180904522613066           0.595243801642621
-13.065326633165828           0.5952433039951502
-12.949748743718594           0.5952437826425201
-12.834170854271356           0.5952433153467458
-12.71859296482412            0.5952439068319735
-12.603015075376884           0.5952431955360201
-12.487437185929648           0.5952437467459444
-12.371859296482413           0.5952436398709691
-12.256281407035175           0.5952437766042057
-12.14070351758794            0.5952435973595807
-12.025125628140703           0.5952436507266916
-11.909547738693467           0.5952434557715135
-11.793969849246231           0.5952433252780762
-11.678391959798995           0.5952435609207982
-11.56281407035176            0.5952435264776311
-11.447236180904522           0.595243773690897
-11.331658291457286           0.595243586480652
-11.21608040201005            0.5952435166721256
-11.100502512562814           0.5952438870165033
-10.984924623115578           0.5952435689688466
-10.869346733668342           0.595243441231565
-10.753768844221106           0.5952429412261865
-10.638190954773869           0.5952435168285157
-10.522613065326633           0.5952433889938773
-10.407035175879397           0.5952435186199446
-10.291457286432161           0.5952439264799134
-10.175879396984925           0.5952434197619582
-10.06030150753769            0.5952433018160537
-9.944723618090451            0.5952433923087346
-9.829145728643216            0.5952432565906955
-9.71356783919598             0.5952436732690569
-9.597989949748744            0.5952433603466903
-9.482412060301508            0.595243350372344
-9.366834170854272            0.59524339768563
-9.251256281407034            0.5952433459501317
-9.135678391959798            0.595243320922229
-9.020100502512562            0.5952434506461066
-8.904522613065327            0.5952430790885311
-8.78894472361809             0.5952429670175654
-8.673366834170855            0.5952441190090665
-8.557788944723619            0.5952432844560708
-8.442211055276381            0.5952440659986324
-8.326633165829145            0.5952429841933493
-8.21105527638191             0.5952431880403991
-8.095477386934673            0.5952432604111232
-7.9798994974874375           0.5952432393010569
-7.864321608040202            0.5952432042798662
-7.748743718592964            0.5952431608249418
-7.633165829145728            0.5952432270439495
-7.517587939698492            0.595243046757868
-7.402010050251256            0.5952433742550168
-7.28643216080402             0.5952432116413219
-7.170854271356784            0.5952431572162908
-7.055276381909547            0.5952429243062992
-6.939698492462311            0.5952431313164077
-6.824120603015075            0.5952431545276785
-6.708542713567839            0.5952430771284756
-6.592964824120603            0.5952431073294181
-6.477386934673367            0.5952430393833261
-6.361809045226131            0.5952430938877303
-6.246231155778894            0.5952430124138811
-6.130653266331658            0.5952431000211991
-6.015075376884422            0.5952431054791556
-5.899497487437186            0.5952431537679926
-5.78391959798995             0.5952430612466743
-5.668341708542714            0.5952430668602574
-5.5527638190954764           0.5952429528694777
-5.4371859296482405           0.5952428467448272
-5.321608040201005            0.5952429641509698
-5.206030150753769            0.5952429867130584
-5.090452261306533            0.5952430286119232
-4.974874371859297            0.5952430604657176
-4.859296482412061            0.5952431949103881
-4.743718592964823            0.5952430124346012
-4.628140703517587            0.5952430789324987
-4.5125628140703515           0.5952429507155544
-4.396984924623116            0.5952429705256007
-4.28140703517588             0.595242985800929
-4.165829145728644            0.5952429637210676
-4.050251256281406            0.5952429263548619
-3.934673366834172            0.5952429739777052
-3.8190954773869343           0.5952429813014798
-3.7035175879396967           0.5952429371916595
-3.5879396984924625           0.5952429396217755
-3.472361809045225            0.5952429282595348
-3.3567839195979907           0.5952429449101415
-3.241206030150753            0.5952429011688051
-3.125628140703519            0.5952429000110664
-3.0100502512562812           0.5952429047815191
-2.8944723618090435           0.5952428982508254
-2.7788944723618094           0.5952428030926408
-2.6633165829145717           0.5952428613340115
-2.5477386934673376           0.5952428805429445
-2.4321608040201              0.5952428748486399
-2.316582914572866            0.5952428719586597
-2.201005025125628            0.5952428757204496
-2.0854271356783904           0.5952428554979269
-1.9698492462311563           0.5952427933811869
-1.8542713567839186           0.5952426793844476
-1.7386934673366845           0.5952425445784029
-1.6231155778894468           0.5952421518617879
-1.5075376884422127           0.5952414075341873
-1.391959798994975            0.5952395947575252
-1.2763819095477373           0.5952355391259607
-1.1608040201005032           0.5952264825974845
-1.0452261306532655           0.5952063172833677
-0.9296482412060314           0.5951618014362609
-0.8140703517587937           0.5950642951831093
-0.698492462311556            0.5948525265671947
-0.5829145728643219           0.5943991202649258
-0.46733668341708423          0.5934430686147846
-0.3517587939698501           0.5914661487155383
-0.23618090452261245          0.5874748017985666
-0.12060301507537828          0.5796443317432184
-0.005025125628140596         0.5647887504496408
0.11055276381909708           0.537651572161999
0.22613065326633117           0.49006234450155983
0.34170854271356893           0.41003683810948344
0.457286432160803             0.28086857306904645
0.5728643216080407            0.08016472145304464
0.6884422110552748            -0.22132755908575785
0.8040201005025125            -0.6613130291393392
0.9195979899497502            -1.2881600054433506
1.0351758793969843            -2.163920480743095
1.150753768844222             -3.368402373789684
1.266331658291456             -5.00472698070633
1.3819095477386938            -7.206927414674456
1.4974874371859315            -10.149879639486413
1.6130653266331656            -14.061784556923055
1.7286432160804033            -19.240134813828533
1.8442211055276374            -26.0726865614651
1.959798994974875             -35.06502602810655
2.075376884422109             -46.87659211675259
2.190954773869347             -62.36766476114097
2.3065326633165846            -82.66065883202707
2.4221105527638187            -109.22009139908049
2.5376884422110564            -143.9569201932957
2.6532663316582905            -189.36468652322856
2.768844221105528             -250.44626867477487
