-20.0                         0.30249217771207954
-19.884422110552762           0.3024923877076072
-19.768844221105528           0.3024921394087359
-19.65326633165829            0.30249181303499384
-19.537688442211056           0.302492110512287
-19.42211055276382            0.3024921405965182
-19.306532663316585           0.3024920894322402
-19.190954773869347           0.3024921657605071
-19.07537688442211            0.3024920325592899
-18.959798994974875           0.302492021256459
-18.844221105527637           0.30249200541297055
-18.728643216080403           0.30249198085236617
-18.613065326633166           0.3024919087626026
-18.49748743718593            0.3024919449089231
-18.381909547738694           0.3024920279116707
-18.266331658291456           0.3024918824107359
-18.150753768844222           0.3024919007719812
-18.035175879396984           0.30249165887494694
-17.91959798994975            0.3024918370707025
-17.804020100502512           0.30249181743124504
-17.688442211055275           0.30249181289243704
-17.57286432160804            0.3024918151307335
-17.457286432160803           0.302491701239582
-17.34170854271357            0.30249175263568795
-17.22613065326633            0.3024917616706371
-17.110552763819094           0.3024916973720081
-16.99497487437186            0.3024916929294087
-16.87939698492462            0.3024917115352325
-16.763819095477388           0.30249165391168803
-16.64824120603015            0.3024916631756455
-16.532663316582916           0.30249163769544524
-16.417085427135678           0.30249166146657386
-16.301507537688444           0.30249163590890943
-16.185929648241206           0.30249157187383185
-16.07035175879397            0.30249158584253816
-15.954773869346734           0.3024915070768364
-15.839195979899497           0.30249152743756924
-15.72361809045226            0.30249150957238297
-15.608040201005025           0.3024914336646005
-15.492462311557789           0.3024914442805989
-15.376884422110553           0.30249143139838025
-15.261306532663315           0.3024914505846403
-15.145728643216081           0.3024914163819676
-15.030150753768844           0.3024914068924819
-14.914572864321608           0.30249133994351113
-14.798994974874372           0.30249135664820404
-14.683417085427136           0.3024913532523751
-14.5678391959799             0.3024913623725946
-14.452261306532662           0.30249134134929956
-14.336683417085428           0.3024912971160728
-14.22110552763819            0.30249125678952116
-14.105527638190955           0.3024912965712089
-13.989949748743719           0.30249105874187615
-13.874371859296481           0.30249123149388357
-13.758793969849247           0.3024914658338476
-13.64321608040201            0.3024912348246175
-13.527638190954773           0.3024912688977
-13.412060301507537           0.30249120479667113
-13.296482412060302           0.3024912649609582
-13.180904522613066           0.3024911691844026
-13.065326633165828           0.3024910549778861
-12.949748743718594           0.30249115965866613
-12.834170854271356           0.3024909830142363
-12.71859296482412            0.30249115837028606
-12.603015075376884           0.30249102242544135
-12.487437185929648           0.30249109103586624
-12.371859296482413           0.30249108068460573
-12.256281407035175           0.3024910845458798
-12.14070351758794            0.30249103254349324
-12.025125628140703           0.30249110212584296
-11.909547738693467           0.30249098367262045
-11.793969849246231           0.3024910034097996
-11.678391959798995           0.30249099321131284
-11.56281407035176            0.3024909817308111
-11.447236180904522           0.3024909871407584
-11.331658291457286           0.3024909622864161
-11.21608040201005            0.3024909461937266
-11.100502512562814           0.3024910864182805
-10.984924623115578           0.3024909262818282
-10.869346733668342           0.3024908940139759
-10.753768844221106           0.3024907835525861
-10.638190954773869           0.30249088171145
-10.522613065326633           0.30249088051959244
-10.407035175879397           0.3024908559040492
-10.291457286432161           0.30249082659447185
-10.175879396984925           0.30249083364372437
-10.06030150753769            0.30249080138073925
-9.944723618090451            0.3024908080932174
-9.829145728643216            0.30249084649254804
-9.71356783919598             0.3024907675062482
-9.597989949748744            0.302490771039935
-9.482412060301508            0.30249076902298644
-9.366834170854272            0.3024907458064479
-9.251256281407034            0.30249073804139087
-9.135678391959798            0.3024907300940394
-9.020100502512562            0.30249071182427717
-8.904522613065327            0.3024907317195058
-8.78894472361809             0.3024906578611328
-8.673366834170855            0.3024908933610489
-8.557788944723619            0.30249063804368337
-8.442211055276381            0.3024908550661567
-8.326633165829145            0.3024906170404401
-8.21105527638191             0.30249064996152175
-8.095477386934673            0.3024905844154275
-7.9798994974874375           0.3024905662537339
-7.864321608040202            0.3024905407087785
-7.748743718592964            0.3024905148496134
-7.633165829145728            0.30249047305217897
-7.517587939698492            0.30249043972674505
-7.402010050251256            0.30249037053323025
-7.28643216080402             0.3024903295170131
-7.170854271356784            0.3024902520238993
-7.055276381909547            0.30249013385751505
-6.939698492462311            0.30249004181401556
-6.824120603015075            0.3024899038304438
-6.708542713567839            0.30248977586177395
-6.592964824120603            0.30248950163620425
-6.477386934673367            0.3024891992742765
-6.361809045226131            0.30248890111005455
-6.246231155778894            0.3024884408535711
-6.130653266331658            0.3024879444581846
-6.015075376884422            0.3024872779038713
-5.899497487437186            0.30248643593680247
-5.78391959798995             0.3024853796272267
-5.668341708542714            0.3024840533595314
-5.5527638190954764           0.3024823757016158
-5.4371859296482405           0.3024802348328193
-5.321608040201005            0.30247762027278946
-5.206030150753769            0.30247427147311
-5.090452261306533            0.3024700615924769
-4.974874371859297            0.30246478531761184
-4.859296482412061            0.3024581348041694
-4.743718592964823            0.30244969101670777
-4.628140703517587            0.3024391246850641
-4.5125628140703515           0.3024257644627479
-4.396984924623116            0.30240896313787535
-4.28140703517588             0.302387803127704
-4.165829145728644            0.3023611426321689
-4.050251256281406            0.30232757600896415
-3.934673366834172            0.3022852611057616
-3.8190954773869343           0.3022319778990741
-3.7035175879396967           0.3021648632900927
-3.5879396984924625           0.30208033364993453
-3.472361809045225            0.3019738704751502
-3.3567839195979907           0.3018397987821192
-3.241206030150753            0.3016709581687578
-3.125628140703519            0.30145835034451446
-3.0100502512562812           0.3011906693139746
-2.8944723618090435           0.30085365269615305
-2.7788944723618094           0.30042942273123513
-2.6633165829145717           0.2998954863918286
-2.5477386934673376           0.2992235385008648
-2.4321608040201              0.29837801270675934
-2.316582914572866            0.297314260427848
-2.201005025125628            0.2959761788785677
-2.0854271356783904           0.294293304544875
-1.9698492462311563           0.2921771437055697
-1.8542713567839186           0.2895165738803552
-1.7386934673366845           0.28617201336819226
-1.6231155778894468           0.2819680651036373
-1.5075376884422127           0.27668431537206845
-1.391959798994975            0.2700433678490589
-1.2763819095477373           0.2616959051845152
-1.1608040201005032           0.2512013034114129
-1.0452261306532655           0.23800266876287038
-0.9296482412060314           0.22139451210722252
-0.8140703517587937           0.2004804673185342
-0.698492462311556            0.17411771810253562
-0.5829145728643219           0.14084400962100557
-0.46733668341708423          0.09878030159795144
-0.3517587939698501           0.04550195441306242
-0.23618090452261245          -0.022132847948498548
-0.12060301507537828          -0.10821100452369686
-0.005025125628140596         -0.21806662912784858
0.11055276381909708           -0.3586796134267339
0.22613065326633117           -0.5391992643507768
0.34170854271356893           -0.771627855011055
0.457286432160803             -1.0717095712471816
0.5728643216080407            -1.4600811972159435
0.6884422110552748            -1.963757833902433
0.8040201005025125            -2.6180476807612596
0.9195979899497502            -3.4690182904135063
1.0351758793969843            -4.576686952528155
1.150753768844222             -6.019204429318742
1.266331658291456             -7.898451921757437
1.3819095477386938            -10.347532815393139
1.4974874371859315            -13.5405153999462
1.6130653266331656            -17.70485276678761
1.7286432160804033            -23.137412179865443
1.8442211055276374            -30.22548064542175
1.959798994974875             -39.47430581970187
2.075376884422109             -51.54308125796044
2.190954773869347             -67.29190696980508
2.3065326633165846            -87.84306454514021
2.4221105527638187            -114.6609715498307
2.5376884422110564            -149.656510976403
2.6532663316582905            -195.32316772914504
2.768844221105528             -256.6623239511568
