-20.0                         1.1592068469385355
-19.884422110552762           1.1592079749282578
-19.768844221105528           1.1592067027317947
-19.65326633165829            1.1592056637339536
-19.537688442211056           1.1592068190477773
-19.42211055276382            1.1592065344116835
-19.306532663316585           1.1592068268524671
-19.190954773869347           1.1592052344325785
-19.07537688442211            1.1592069876672788
-18.959798994974875           1.1592066259119198
-18.844221105527637           1.1592079064772047
-18.728643216080403           1.1592063974084665
-18.613065326633166           1.1592068344703408
-18.49748743718593            1.15920651125862
-18.381909547738694           1.1592089917402497
-18.266331658291456           1.1592063955304592
-18.150753768844222           1.1592064679411795
-18.035175879396984           1.1592067948682734
-17.91959798994975            1.1592064132426623
-17.804020100502512           1.1592069495833457
-17.688442211055275           1.1592065246090835
-17.57286432160804            1.1592061117858932
-17.457286432160803           1.159206175877455
-17.34170854271357            1.1592062825707576
-17.22613065326633            1.159206279323056
-17.110552763819094           1.1592061382676058
-16.99497487437186            1.1592066283618827
-16.87939698492462            1.159205923773655
-16.763819095477388           1.1592068790843402
-16.64824120603015            1.1592060781070843
-16.532663316582916           1.1592063234481411
-16.417085427135678           1.1592061589573688
-16.301507537688444           1.1592055235958583
-16.185929648241206           1.1592061725241063
-16.07035175879397            1.1592064712341625
-15.954773869346734           1.1592050143141936
-15.839195979899497           1.1592060905664534
-15.72361809045226            1.159206241058177
-15.608040201005025           1.1592070476035659
-15.492462311557789           1.1592060919978986
-15.376884422110553           1.159206137768978
-15.261306532663315           1.1592061712820327
-15.145728643216081           1.1592061101715714
-15.030150753768844           1.1592069654727049
-14.914572864321608           1.1592058183970977
-14.798994974874372           1.1592050735142587
-14.683417085427136           1.1592061089791494
-14.5678391959799             1.1592060428521873
-14.452261306532662           1.1592060024738553
-14.336683417085428           1.159205894055728
-14.22110552763819            1.1592065292633984
-14.105527638190955           1.159205845850518
-13.989949748743719           1.159204902781613
-13.874371859296481           1.1592056791744392
-13.758793969849247           1.159206353983234
-13.64321608040201            1.159205784518101
-13.527638190954773           1.1592050346529361
-13.412060301507537           1.1592058395413183
-13.296482412060302           1.159205553304108
-13.180904522613066           1.1592060068680774
-13.065326633165828           1.1592054694876044
-12.949748743718594           1.159205804988817
-12.834170854271356           1.1592053312719734
-12.71859296482412            1.1592060131831454
-12.603015075376884           1.1592052688505845
-12.487437185929648           1.1592058382423698
-12.371859296482413           1.1592055707729183
-12.256281407035175           1.1592059197168263
-12.14070351758794            1.1592056894164893
-12.025125628140703           1.1592054115734123
-11.909547738693467           1.1592054957607272
-11.793969849246231           1.1592054516555401
-11.678391959798995           1.1592056763005651
-11.56281407035176            1.1592056022018777
-11.447236180904522           1.1592060077828223
-11.331658291457286           1.1592056642838615
-11.21608040201005            1.1592055862066688
-11.100502512562814           1.1592058698088405
-10.984924623115578           1.1592056541205922
-10.869346733668342           1.1592055210605905
-10.753768844221106           1.159204819081104
-10.638190954773869           1.1592056872509855
-10.522613065326633           1.1592054218281376
-10.407035175879397           1.1592056585915693
-10.291457286432161           1.15920642658326
-10.175879396984925           1.1592054866687704
-10.06030150753769            1.1592053505223245
-9.944723618090451            1.1592055098954273
-9.829145728643216            1.1592050882721012
-9.71356783919598             1.1592060104824475
-9.597989949748744            1.159205489731881
-9.482412060301508            1.159205447059384
-9.366834170854272            1.1592055580301102
-9.251256281407034            1.1592054533828249
-9.135678391959798            1.1592053767355854
-9.020100502512562            1.1592055591773762
-8.904522613065327            1.15920496477672
-8.78894472361809             1.1592048928529246
-8.673366834170855            1.1592065322469542
-8.557788944723619            1.1592054259053663
-8.442211055276381            1.1592064669748439
-8.326633165829145            1.159204923891386
-8.21105527638191             1.1592050846602548
-8.095477386934673            1.1592054903665603
-7.9798994974874375           1.1592053504251347
-7.864321608040202            1.1592053076465982
-7.748743718592964            1.1592052258510825
-7.633165829145728            1.1592053653971566
-7.517587939698492            1.1592050872060824
-7.402010050251256            1.1592056340547827
-7.28643216080402             1.1592053143184538
-7.170854271356784            1.1592052438205962
-7.055276381909547            1.1592049744284172
-6.939698492462311            1.1592052404574407
-6.824120603015075            1.159205255762973
-6.708542713567839            1.1592050735234023
-6.592964824120603            1.1592052355645979
-6.477386934673367            1.1592052325394033
-6.361809045226131            1.1592052280659493
-6.246231155778894            1.1592051073604517
-6.130653266331658            1.1592051887973058
-6.015075376884422            1.1592051856177836
-5.899497487437186            1.1592052462820825
-5.78391959798995             1.1592051355732922
-5.668341708542714            1.1592051640589711
-5.5527638190954764           1.1592050055378036
-5.4371859296482405           1.159204859360144
-5.321608040201005            1.1592049899428891
-5.206030150753769            1.1592050905437208
-5.090452261306533            1.1592052014550764
-4.974874371859297            1.1592050788573784
-4.859296482412061            1.1592053021305952
-4.743718592964823            1.1592050997383005
-4.628140703517587            1.1592052128954669
-4.5125628140703515           1.1592050524361306
-4.396984924623116            1.1592050576693285
-4.28140703517588             1.1592050824089848
-4.165829145728644            1.1592050629310073
-4.050251256281406            1.1592049461476936
-3.934673366834172            1.1592050857679528
-3.8190954773869343           1.1592051057005688
-3.7035175879396967           1.1592050394122904
-3.5879396984924625           1.1592050591692191
-3.472361809045225            1.1592050443072368
-3.3567839195979907           1.1592050618580565
-3.241206030150753            1.159205016332019
-3.125628140703519            1.1592049967772287
-3.0100502512562812           1.159204999085587
-2.8944723618090435           1.1592050515949963
-2.7788944723618094           1.1592048744727745
-2.6633165829145717           1.1592049935947706
-2.5477386934673376           1.1592049857236055
-2.4321608040201              1.1592049787511733
-2.316582914572866            1.15920498434286
-2.201005025125628            1.1592049977153234
-2.0854271356783904           1.1592049845530044
-1.9698492462311563           1.159204944140551
-1.8542713567839186           1.1592048824693117
-1.7386934673366845           1.1592049087510372
-1.6231155778894468           1.1592048602264986
-1.5075376884422127           1.1592049378088658
-1.391959798994975            1.1592048944650621
-1.2763819095477373           1.1592048780657087
-1.1608040201005032           1.1592047824349208
-1.0452261306532655           1.1592044450990495
-0.9296482412060314           1.1592034607827784
-0.8140703517587937           1.1592007052049045
-0.698492462311556            1.1591921805270444
-0.5829145728643219           1.1591679789792477
-0.46733668341708423          1.1590993386592956
-0.3517587939698501           1.1589088204077
-0.23618090452261245          1.1583941298117733
-0.12060301507537828          1.157050480879603
-0.005025125628140596         1.153690673908724
0.11055276381909708           1.1457210199958912
0.22613065326633117           1.1279577883262772
0.34170854271356893           1.0910355918686792
0.457286432160803             1.0197201673259135
0.5728643216080407            0.8915251803918938
0.6884422110552748            0.6757213714908853
0.8040201005025125            0.3323441621812458
0.9195979899497502            -0.18938816253824814
1.0351758793969843            -0.9536787285272432
1.150753768844222             -2.0420348662105434
1.266331658291456             -3.5587898276358576
1.3819095477386938            -5.638806245932747
1.4974874371859315            -8.457593737952367
1.6130653266331656            -12.24388659059486
1.7286432160804033            -17.29559636472472
1.8442211055276374            -24.000776442358422
1.959798994974875             -32.86521685342865
2.075376884422109             -44.548498073502955
2.190954773869347             -59.91100047477241
2.3065326633165846            -80.07521144057455
2.4221105527638187            -106.50570110938078
2.5376884422110564            -141.11346646400713
2.6532663316582905            -186.39207808604613
2.768844221105528             -247.34516314713667
