-20.0                         0.6580707011270263
-19.884422110552762           0.6580715227491974
-19.768844221105528           0.6580706076926368
-19.65326633165829            0.6580696610590452
-19.537688442211056           0.6580705732165387
-19.42211055276382            0.6580705282002127
-19.306532663316585           0.6580707729082502
-19.190954773869347           0.6580697058323652
-19.07537688442211            0.6580707146271155
-18.959798994974875           0.6580704610328295
-18.844221105527637           0.6580715628023738
-18.728643216080403           0.6580704711126891
-18.613065326633166           0.6580704825258717
-18.49748743718593            0.6580704250438857
-18.381909547738694           0.6580721963477643
-18.266331658291456           0.6580702658472615
-18.150753768844222           0.6580703497577042
-18.035175879396984           0.6580701429140311
-17.91959798994975            0.6580703112287932
-17.804020100502512           0.658070601200915
-17.688442211055275           0.6580705777765408
-17.57286432160804            0.6580700990009136
-17.457286432160803           0.6580700398911982
-17.34170854271357            0.6580702921986189
-17.22613065326633            0.6580704390132996
-17.110552763819094           0.6580699893492147
-16.99497487437186            0.658070315898399
-16.87939698492462            0.6580701618037108
-16.763819095477388           0.6580704734357176
-16.64824120603015            0.658070144261927
-16.532663316582916           0.6580699718020587
-16.417085427135678           0.6580700605077878
-16.301507537688444           0.6580696955028393
-16.185929648241206           0.6580700569710044
-16.07035175879397            0.6580702180051367
-15.954773869346734           0.6580692175315164
-15.839195979899497           0.6580699490614697
-15.72361809045226            0.6580699944378189
-15.608040201005025           0.65807029108862
-15.492462311557789           0.6580699061337282
-15.376884422110553           0.6580696789944099
-15.261306532663315           0.6580700086045465
-15.145728643216081           0.6580698920562833
-15.030150753768844           0.6580706142675408
-14.914572864321608           0.658069685682071
-14.798994974874372           0.6580691137749987
-14.683417085427136           0.6580698817907966
-14.5678391959799             0.6580698255973015
-14.452261306532662           0.658069787143604
-14.336683417085428           0.6580697329412999
-14.22110552763819            0.6580699047163582
-14.105527638190955           0.6580696961309872
-13.989949748743719           0.6580689406399588
-13.874371859296481           0.6580695656555244
-13.758793969849247           0.6580703022607325
-13.64321608040201            0.658069653824134
-13.527638190954773           0.6580691905058257
-13.412060301507537           0.6580696618359434
-13.296482412060302           0.6580697121174146
-13.180904522613066           0.6580697227605576
-13.065326633165828           0.6580692128507077
-12.949748743718594           0.6580696862212726
-12.834170854271356           0.6580692134107641
-12.71859296482412            0.6580698208446526
-12.603015075376884           0.6580690938023311
-12.487437185929648           0.6580696591483084
-12.371859296482413           0.6580695326657636
-12.256281407035175           0.6580696953872919
-12.14070351758794            0.6580695060660299
-12.025125628140703           0.6580695255080309
-11.909547738693467           0.6580693583010683
-11.793969849246231           0.6580692259610177
-11.678391959798995           0.6580694711905174
-11.56281407035176            0.6580694335004011
-11.447236180904522           0.6580697003519996
-11.331658291457286           0.6580694954723115
-11.21608040201005            0.658069423315376
-11.100502512562814           0.6580697881054752
-10.984924623115578           0.6580694791505147
-10.869346733668342           0.658069348511732
-10.753768844221106           0.6580688226670274
-10.638190954773869           0.6580694340337153
-10.522613065326633           0.6580692903969513
-10.407035175879397           0.6580694376595039
-10.291457286432161           0.6580698874429667
-10.175879396984925           0.6580693270614152
-10.06030150753769            0.6580692056149304
-9.944723618090451            0.6580693027561653
-9.829145728643216            0.6580691347094391
-9.71356783919598             0.6580696181592011
-9.597989949748744            0.6580692727325169
-9.482412060301508            0.6580692590028562
-9.366834170854272            0.6580693159281691
-9.251256281407034            0.6580692569230432
-9.135678391959798            0.6580692260264461
-9.020100502512562            0.6580693696078974
-8.904522613065327            0.6580689612892531
-8.78894472361809             0.6580688552503092
-8.673366834170855            0.6580700698134332
-8.557788944723619            0.6580691994834049
-8.442211055276381            0.6580700152235792
-8.326633165829145            0.6580688743567299
-8.21105527638191             0.6580690750782713
-8.095477386934673            0.658069184134754
-7.9798994974874375           0.6580691519643886
-7.864321608040202            0.6580691145954405
-7.748743718592964            0.6580690669109538
-7.633165829145728            0.6580691417910413
-7.517587939698492            0.6580689449594685
-7.402010050251256            0.6580693078882152
-7.28643216080402             0.6580691231842616
-7.170854271356784            0.65806906584318
-7.055276381909547            0.6580688251422613
-6.939698492462311            0.6580690419137986
-6.824120603015075            0.6580690655756473
-6.708542713567839            0.6580689751751484
-6.592964824120603            0.6580690204059257
-6.477386934673367            0.6580689579635108
-6.361809045226131            0.658069006983278
-6.246231155778894            0.6580689216908876
-6.130653266331658            0.658069010269611
-6.015075376884422            0.6580690163101609
-5.899497487437186            0.65806906797137
-5.78391959798995             0.6580689690028155
-5.668341708542714            0.6580689769039454
-5.5527638190954764           0.658068854535267
-5.4371859296482405           0.6580687459171126
-5.321608040201005            0.658068864012266
-5.206030150753769            0.6580688948360958
-5.090452261306533            0.6580689462376449
-4.974874371859297            0.6580689636421996
-4.859296482412061            0.6580691090511392
-4.743718592964823            0.6580689225203016
-4.628140703517587            0.6580689937574673
-4.5125628140703515           0.6580688590848885
-4.396984924623116            0.6580688797648976
-4.28140703517588             0.6580688965834192
-4.165829145728644            0.6580688738023055
-4.050251256281406            0.658068827416526
-3.934673366834172            0.6580688862766635
-3.8190954773869343           0.658068894989022
-3.7035175879396967           0.6580688479438123
-3.5879396984924625           0.6580688520658413
-3.472361809045225            0.6580688403370865
-3.3567839195979907           0.6580688581404933
-3.241206030150753            0.6580688114915363
-3.125628140703519            0.6580688100290195
-3.0100502512562812           0.658068814828742
-2.8944723618090435           0.6580688140737996
-2.7788944723618094           0.6580687097852261
-2.6633165829145717           0.6580687747688111
-2.5477386934673376           0.6580687919587225
-2.4321608040201              0.6580687868544939
-2.316582914572866            0.6580687860317439
-2.201005025125628            0.6580687943630651
-2.0854271356783904           0.6580687809367698
-1.9698492462311563           0.6580687342062902
-1.8542713567839186           0.658068655051926
-1.7386934673366845           0.6580686027657298
-1.6231155778894468           0.6580683887571804
-1.5075376884422127           0.6580680367722785
-1.391959798994975            0.6580670617644616
-1.2763819095477373           0.6580648097514146
-1.1608040201005032           0.6580595825854891
-1.0452261306532655           0.6580474732313079
-0.9296482412060314           0.6580197037383101
-0.8140703517587937           0.657956515415339
-0.698492462311556            0.6578137996840557
-0.5829145728643219           0.6574963876482309
-0.46733668341708423          0.6568011125464315
-0.3517587939698501           0.6553082544053824
-0.23618090452261245          0.6521807924584586
-0.12060301507537828          0.6458216398401241
-0.005025125628140596         0.633340023343663
0.11055276381909708           0.6098094213321189
0.22613065326633117           0.5673604279261634
0.34170854271356893           0.4942068162579351
0.457286432160803             0.3736878210043208
0.5728643216080407            0.1833042251066246
0.6884422110552748            -0.106411206180407
0.8040201005025125            -0.5334252949289578
0.9195979899497502            -1.1463656198395198
1.0351758793969843            -2.007510214403756
1.150753768844222             -3.1968457743317336
1.266331658291456             -4.817622542808719
1.3819095477386938            -7.003964138600276
1.4974874371859315            -9.930818294203915
1.6130653266331656            -13.82644805183284
1.7286432160804033            -18.988395771576954
1.8442211055276374            -25.804453465455115
1.959798994974875             -34.78023232957906
2.075376884422109             -46.57518883090749
2.190954773869347             -62.04961548659233
2.3065326633165846            -82.3259363210497
2.4221105527638187            -108.86867514228297
2.5376884422110564            -143.5887946876762
2.6532663316582905            -188.97984001237447
2.768844221105528             -250.04478626271455
