-20.0                         0.20064073710533464
-19.884422110552762           0.20064114109802367
-19.768844221105528           0.20064069208068366
-19.65326633165829            0.20064015198761653
-19.537688442211056           0.20064066817555287
-19.42211055276382            0.20064074245348057
-19.306532663316585           0.20064069382847327
-19.190954773869347           0.20064067361921306
-19.07537688442211            0.2006406280089311
-18.959798994974875           0.20064058521891778
-18.844221105527637           0.2006407783969622
-18.728643216080403           0.20064056887899206
-18.613065326633166           0.20064044832127867
-18.49748743718593            0.2006405098108488
-18.381909547738694           0.20064097512585335
-18.266331658291456           0.20064042014738104
-18.150753768844222           0.20064047897442958
-18.035175879396984           0.20064005622421888
-17.91959798994975            0.20064039441108614
-17.804020100502512           0.20064041119091525
-17.688442211055275           0.2006404557836875
-17.57286432160804            0.20064040351922813
-17.457286432160803           0.20064021536343404
-17.34170854271357            0.2006403392857377
-17.22613065326633            0.20064042426020914
-17.110552763819094           0.20064020502890736
-16.99497487437186            0.20064025506875804
-16.87939698492462            0.20064035329619204
-16.763819095477388           0.20064026482141287
-16.64824120603015            0.20064027225614225
-16.532663316582916           0.20064017683848176
-16.417085427135678           0.20064023054566898
-16.301507537688444           0.2006402109942199
-16.185929648241206           0.20064014008785933
-16.07035175879397            0.2006401760268043
-15.954773869346734           0.20063989191869153
-15.839195979899497           0.20064007860170766
-15.72361809045226            0.2006400718260438
-15.608040201005025           0.20063994321889395
-15.492462311557789           0.20063999444105993
-15.376884422110553           0.2006398878859035
-15.261306532663315           0.20064003277163436
-15.145728643216081           0.20063996609321966
-15.030150753768844           0.20064009304380312
-14.914572864321608           0.20063985919831318
-14.798994974874372           0.20063975020417396
-14.683417085427136           0.20063991511325915
-14.5678391959799             0.2006399394734852
-14.452261306532662           0.20063991101181403
-14.336683417085428           0.20063984606113092
-14.22110552763819            0.20063975119997698
-14.105527638190955           0.20063985689021518
-13.989949748743719           0.20063943478617932
-13.874371859296481           0.20063975558386568
-13.758793969849247           0.20064024628200336
-13.64321608040201            0.20063980102529788
-13.527638190954773           0.20063978005345084
-13.412060301507537           0.20063977185150894
-13.296482412060302           0.2006399353175992
-13.180904522613066           0.20063973377942557
-13.065326633165828           0.20063946992397663
-12.949748743718594           0.20063975736339074
-12.834170854271356           0.20063945292122182
-12.71859296482412            0.20063978900363133
-12.603015075376884           0.20063943707739376
-12.487437185929648           0.200639674485606
-12.371859296482413           0.20063966746112705
-12.256281407035175           0.20063967587453596
-12.14070351758794            0.20063959209124108
-12.025125628140703           0.2006397518924614
-11.909547738693467           0.20063951497928903
-11.793969849246231           0.20063951216715492
-11.678391959798995           0.2006395556015728
-11.56281407035176            0.2006395394210967
-11.447236180904522           0.20063960223335617
-11.331658291457286           0.20063954648231652
-11.21608040201005            0.20063951620295487
-11.100502512562814           0.20063979588837308
-10.984924623115578           0.20063951462090143
-10.869346733668342           0.2006394499496717
-10.753768844221106           0.20063922128707162
-10.638190954773869           0.20063945697301913
-10.522613065326633           0.20063944224530864
-10.407035175879397           0.2006394287836433
-10.291457286432161           0.20063947699072185
-10.175879396984925           0.20063940542791803
-10.06030150753769            0.20063934428582772
-9.944723618090451            0.20063937597988696
-9.829145728643216            0.20063943692610586
-9.71356783919598             0.20063936381795575
-9.597989949748744            0.20063933758479272
-9.482412060301508            0.20063934449717172
-9.366834170854272            0.20063931926061826
-9.251256281407034            0.2006393148193915
-9.135678391959798            0.20063931256750384
-9.020100502512562            0.20063930757348253
-8.904522613065327            0.20063928941167458
-8.78894472361809             0.2006391610395368
-8.673366834170855            0.2006396699590838
-8.557788944723619            0.20063922757999786
-8.442211055276381            0.20063963347991373
-8.326633165829145            0.20063915419510145
-8.21105527638191             0.20063928810456566
-8.095477386934673            0.20063919132206082
-7.9798994974874375           0.20063919957723553
-7.864321608040202            0.2006391870761903
-7.748743718592964            0.20063917465652054
-7.633165829145728            0.20063917246405283
-7.517587939698492            0.20063915095320398
-7.402010050251256            0.20063915736340174
-7.28643216080402             0.20063916403680637
-7.170854271356784            0.20063914275687822
-7.055276381909547            0.20063904160998478
-6.939698492462311            0.2006391132005318
-6.824120603015075            0.20063911526860867
-6.708542713567839            0.20063914589027673
-6.592964824120603            0.20063907328556407
-6.477386934673367            0.20063900346189212
-6.361809045226131            0.2006390673151686
-6.246231155778894            0.20063900992262643
-6.130653266331658            0.20063906257484385
-6.015075376884422            0.20063905814849858
-5.899497487437186            0.20063905916650002
-5.78391959798995             0.2006390427811746
-5.668341708542714            0.20063903965025087
-5.5527638190954764           0.2006390124182073
-5.4371859296482405           0.20063893488596515
-5.321608040201005            0.20063901225910236
-5.206030150753769            0.2006389910544905
-5.090452261306533            0.2006389767506723
-4.974874371859297            0.20063902788631272
-4.859296482412061            0.20063906848908047
-4.743718592964823            0.2006389641432848
-4.628140703517587            0.2006389880123055
-4.5125628140703515           0.20063892410173503
-4.396984924623116            0.20063890459006223
-4.28140703517588             0.2006388829847353
-4.165829145728644            0.20063883856947407
-4.050251256281406            0.20063880321473648
-3.934673366834172            0.20063869977900603
-3.8190954773869343           0.2006385760143062
-3.7035175879396967           0.20063837874100507
-3.5879396984924625           0.20063809675565578
-3.472361809045225            0.2006376668056918
-3.3567839195979907           0.20063702942486014
-3.241206030150753            0.20063604588640455
-3.125628140703519            0.20063455406924133
-3.0100502512562812           0.20063230337135124
-2.8944723618090435           0.20062885229905697
-2.7788944723618094           0.20062362776631246
-2.6633165829145717           0.20061574735874851
-2.5477386934673376           0.2006037853593106
-2.4321608040201              0.20058559802748968
-2.316582914572866            0.2005580205180383
-2.201005025125628            0.200516233321176
-2.0854271356783904           0.2004529604717545
-1.9698492462311563           0.20035724246201875
-1.8542713567839186           0.20021263748837598
-1.7386934673366845           0.19999450817127779
-1.6231155778894468           0.1996659332612671
-1.5075376884422127           0.19917210891994375
-1.391959798994975            0.1984315226079651
-1.2763819095477373           0.19732395233533312
-1.1608040201005032           0.19567286673565054
-1.0452261306532655           0.1932206100647189
-0.9296482412060314           0.18959390167201645
-0.8140703517587937           0.18425610039322088
-0.698492462311556            0.1764423176468399
-0.5829145728643219           0.16507290623532592
-0.46733668341708423          0.14863816672131697
-0.3517587939698501           0.12504851229454664
-0.23618090452261245          0.09144015256882937
-0.12060301507537828          0.04392535962535422
-0.005025125628140596         -0.02272773593061552
0.11055276381909708           -0.11550519703882514
0.22613065326633117           -0.24367384591122576
0.34170854271356893           -0.4194583340800914
0.457286432160803             -0.6589148967757343
0.5728643216080407            -0.9830602826810897
0.6884422110552748            -1.4193321429799721
0.8040201005025125            -2.0034780530001566
0.9195979899497502            -2.7819969344244226
1.0351758793969843            -3.815304272238761
1.150753768844222             -5.181889309462698
1.266331658291456             -6.983897743937822
1.3819095477386938            -9.354645623898286
1.4974874371859315            -12.468402547223956
1.6130653266331656            -16.552818903808156
1.7286432160804033            -21.904932915681933
1.8442211055276374            -28.912163711981464
1.959798994974875             -38.07985682078068
2.075376884422109             -50.06727822222804
2.190954773869347             -65.73458190160558
2.3065326633165846            -86.20408992849013
2.4221105527638187            -112.9402503767959
2.5376884422110564            -147.8539693205962
2.6532663316582905            -193.43874918055982
2.768844221105528             -254.69644455417185
