-20.0                         0.22304160441465282
-19.884422110552762           0.22304189707090327
-19.768844221105528           0.2230415637792794
-19.65326633165829            0.22304114374429027
-19.537688442211056           0.22304153845036687
-19.42211055276382            0.22304159136789614
-19.306532663316585           0.22304153209648067
-19.190954773869347           0.22304160062629824
-19.07537688442211            0.22304147208073485
-18.959798994974875           0.22304145309189327
-18.844221105527637           0.22304149688284586
-18.728643216080403           0.22304141817465828
-18.613065326633166           0.22304132408793734
-18.49748743718593            0.2230413752608654
-18.381909547738694           0.2230415930557286
-18.266331658291456           0.22304130205507863
-18.150753768844222           0.22304133888719854
-18.035175879396984           0.22304100656464182
-17.91959798994975            0.2230412636925805
-17.804020100502512           0.22304125353863344
-17.688442211055275           0.223041266088519
-17.57286432160804            0.2230412593982938
-17.457286432160803           0.22304110948799713
-17.34170854271357            0.22304118861406264
-17.22613065326633            0.22304122533114026
-17.110552763819094           0.22304110681373895
-16.99497487437186            0.22304112106112867
-16.87939698492462            0.22304117152621358
-16.763819095477388           0.2230410971818766
-16.64824120603015            0.2230411099747894
-16.532663316582916           0.223041063642912
-16.417085427135678           0.2230410984434152
-16.301507537688444           0.22304108068104983
-16.185929648241206           0.2230410023957039
-16.07035175879397            0.22304102617555066
-15.954773869346734           0.22304087171239573
-15.839195979899497           0.22304095315464503
-15.72361809045226            0.2230409393607655
-15.608040201005025           0.22304083317883014
-15.492462311557789           0.22304086754592917
-15.376884422110553           0.22304082421549956
-15.261306532663315           0.2230408866921375
-15.145728643216081           0.2230408401924814
-15.030150753768844           0.22304087029149375
-14.914572864321608           0.22304075078911248
-14.798994974874372           0.22304072969891148
-14.683417085427136           0.22304078097753435
-14.5678391959799             0.2230407995617078
-14.452261306532662           0.22304077526773777
-14.336683417085428           0.22304072067694689
-14.22110552763819            0.22304065508823734
-14.105527638190955           0.22304072791643426
-13.989949748743719           0.22304040896110403
-13.874371859296481           0.22304064577018543
-13.758793969849247           0.22304099450405732
-13.64321608040201            0.22304066752972032
-13.527638190954773           0.22304069330971288
-13.412060301507537           0.22304063743715305
-13.296482412060302           0.2230407438401516
-13.180904522613066           0.22304059924843195
-13.065326633165828           0.22304042277222888
-12.949748743718594           0.22304060375591828
-12.834170854271356           0.22304037103282967
-12.71859296482412            0.223040615878763
-12.603015075376884           0.22304039349887092
-12.487437185929648           0.22304052768215266
-12.371859296482413           0.2230405197308381
-12.256281407035175           0.22304052564562468
-12.14070351758794            0.2230404604899984
-12.025125628140703           0.22304057273071135
-11.909547738693467           0.22304040011376045
-11.793969849246231           0.22304041813232628
-11.678391959798995           0.22304042326571039
-11.56281407035176            0.22304041028059005
-11.447236180904522           0.22304043643016014
-11.331658291457286           0.22304040031609826
-11.21608040201005            0.22304037953908176
-11.100502512562814           0.22304058389313974
-10.984924623115578           0.2230403657008777
-10.869346733668342           0.2230403209370247
-10.753768844221106           0.22304016210745986
-10.638190954773869           0.22304031622473058
-10.522613065326633           0.22304031273505748
-10.407035175879397           0.22304028883679367
-10.291457286432161           0.22304028193539763
-10.175879396984925           0.22304026739143992
-10.06030150753769            0.2230402235947339
-9.944723618090451            0.22304024064290084
-9.829145728643216            0.22304029607389855
-9.71356783919598             0.22304020384327147
-9.597989949748744            0.22304020368720764
-9.482412060301508            0.2230402066390076
-9.366834170854272            0.22304018065564712
-9.251256281407034            0.22304017612457494
-9.135678391959798            0.22304017144885957
-9.020100502512562            0.22304015591779713
-8.904522613065327            0.22304017316630995
-8.78894472361809             0.2230400726856246
-8.673366834170855            0.22304042156857987
-8.557788944723619            0.22304008875576944
-8.442211055276381            0.22304038938453666
-8.326633165829145            0.22304005758576836
-8.21105527638191             0.22304013869818126
-8.095477386934673            0.22304006143090668
-7.9798994974874375           0.2230400615347804
-7.864321608040202            0.2230400514356839
-7.748743718592964            0.22304004379617176
-7.633165829145728            0.22304003177422624
-7.517587939698492            0.22304002720048005
-7.402010050251256            0.22304000356185638
-7.28643216080402             0.22304001780602803
-7.170854271356784            0.22304000214247244
-7.055276381909547            0.22303994098402521
-6.939698492462311            0.22303997417201252
-6.824120603015075            0.2230399690149457
-6.708542713567839            0.22304000701021412
-6.592964824120603            0.22303993015635246
-6.477386934673367            0.22303987267604994
-6.361809045226131            0.22303991617147056
-6.246231155778894            0.22303985898826637
-6.130653266331658            0.22303988925682233
-6.015075376884422            0.223039872363637
-5.899497487437186            0.22303984964603477
-5.78391959798995             0.22303981903328646
-5.668341708542714            0.22303978555325918
-5.5527638190954764           0.22303972843090428
-5.4371859296482405           0.223039613714473
-5.321608040201005            0.2230395880108298
-5.206030150753769            0.22303946351228923
-5.090452261306533            0.22303930687921084
-4.974874371859297            0.22303914065008829
-4.859296482412061            0.2230388987496743
-4.743718592964823            0.22303846416114495
-4.628140703517587            0.22303798546024503
-4.5125628140703515           0.22303726381522299
-4.396984924623116            0.22303632549263153
-4.28140703517588             0.22303505350841812
-4.165829145728644            0.2230333117981059
-4.050251256281406            0.2230309613506551
-3.934673366834172            0.223027711167535
-3.8190954773869343           0.22302330490395184
-3.7035175879396967           0.2230172923275105
-3.5879396984924625           0.22300909952476194
-3.472361809045225            0.22299792483538566
-3.3567839195979907           0.22298269662780532
-3.241206030150753            0.22296192545412166
-3.125628140703519            0.2229336047150248
-3.0100502512562812           0.22289501542235016
-2.8944723618090435           0.22284240258661336
-2.7788944723618094           0.22277073766583103
-2.6633165829145717           0.22267316156513992
-2.5477386934673376           0.2225403113812431
-2.4321608040201              0.22235948000602498
-2.316582914572866            0.22211349198778643
-2.201005025125628            0.22177905558875927
-2.0854271356783904           0.2213246565685676
-1.9698492462311563           0.2207077144243134
-1.8542713567839186           0.2198708090147773
-1.7386934673366845           0.21873661376902748
-1.6231155778894468           0.21720114578960278
-1.5075376884422127           0.21512505102214627
-1.391959798994975            0.2123216802653348
-1.2763819095477373           0.20854189391468253
-1.1608040201005032           0.2034538159438819
-1.0452261306532655           0.1966163673573181
-0.9296482412060314           0.1874447475795431
-0.8140703517587937           0.17516517075826582
-0.698492462311556            0.15875560164016744
-0.5829145728643219           0.1368684866882996
-0.46733668341708423          0.10772858625149959
-0.3517587939698501           0.06899923324865385
-0.23618090452261245          0.017605886042279716
-0.12060301507537828          -0.05049618386064851
-0.005025125628140596         -0.14062762267025353
0.11055276381909708           -0.2597859378975374
0.22613065326633117           -0.4171699671224462
0.34170854271356893           -0.6248623774530254
0.457286432160803             -0.8987155252807927
0.5728643216080407            -1.259497126381602
0.6884422110552748            -1.7343694011215123
0.8040201005025125            -2.358796319068791
0.9195979899497502            -3.179001537547885
1.0351758793969843            -4.255149182391567
1.150753768844222             -5.665516659313328
1.266331658291456             -7.5120854444645015
1.3819095477386938            -9.928041233069658
1.4974874371859315            -13.087532139842992
1.6130653266331656            -17.218090711327445
1.7286432160804033            -22.616653719221954
1.8442211055276374            -29.670562312951404
1.959798994974875             -38.885104531496054
2.075376884422109             -50.91950397796975
2.190954773869347             -66.63388315091726
2.3065326633165846            -87.15054056121636
2.4221105527638187            -113.93390655945275
2.5376884422110564            -148.89487382934843
2.6532663316582905            -194.526934640625
2.768844221105528             -255.83167068482513
