-20.0                         0.5764498894729956
-19.884422110552762           0.576450662924653
-19.768844221105528           0.5764498049994898
-19.65326633165829            0.576448893189923
-19.537688442211056           0.5764497642325992
-19.42211055276382            0.5764497502083284
-19.306532663316585           0.5764499606569439
-19.190954773869347           0.576449026326805
-19.07537688442211            0.576449886192919
-18.959798994974875           0.5764496589839114
-18.844221105527637           0.5764506778125115
-18.728643216080403           0.5764496887880256
-18.613065326633166           0.5764496503916512
-18.49748743718593            0.5764496243880903
-18.381909547738694           0.5764512461277308
-18.266331658291456           0.5764494679802014
-18.150753768844222           0.5764495530095747
-18.035175879396984           0.5764492744218258
-17.91959798994975            0.5764495085506322
-17.804020100502512           0.5764497565423462
-17.688442211055275           0.5764497769947641
-17.57286432160804            0.5764493342136913
-17.457286432160803           0.5764492422350056
-17.34170854271357            0.5764494990964292
-17.22613065326633            0.5764496602519549
-17.110552763819094           0.576449193094487
-16.99497487437186            0.5764494803846407
-16.87939698492462            0.5764494085291967
-16.763819095477388           0.5764496248794199
-16.64824120603015            0.5764493681952227
-16.532663316582916           0.5764491626155592
-16.417085427135678           0.5764492676082811
-16.301507537688444           0.5764489616287695
-16.185929648241206           0.5764492569802637
-16.07035175879397            0.5764493934105475
-15.954773869346734           0.5764484830847634
-15.839195979899497           0.5764491485995139
-15.72361809045226            0.5764491832369079
-15.608040201005025           0.576449390942298
-15.492462311557789           0.5764490986709542
-15.376884422110553           0.5764488523575771
-15.261306532663315           0.5764491993143541
-15.145728643216081           0.5764490800608782
-15.030150753768844           0.5764497462515044
-14.914572864321608           0.576448888335676
-14.798994974874372           0.5764483621420897
-14.683417085427136           0.576449066503308
-14.5678391959799             0.5764490215141355
-14.452261306532662           0.5764489839447021
-14.336683417085428           0.5764489297026721
-14.22110552763819            0.5764490327380363
-14.105527638190955           0.576448898930642
-13.989949748743719           0.5764481778523753
-13.874371859296481           0.5764487713902977
-13.758793969849247           0.5764495062068326
-13.64321608040201            0.5764488577336803
-13.527638190954773           0.5764484517723063
-13.412060301507537           0.5764488582873392
-13.296482412060302           0.5764489542956291
-13.180904522613066           0.5764488999937463
-13.065326633165828           0.5764484065242838
-12.949748743718594           0.5764488859654682
-12.834170854271356           0.5764484207081197
-12.71859296482412            0.5764490069635364
-12.603015075376884           0.5764483012584735
-12.487437185929648           0.5764488473971894
-12.371859296482413           0.5764487463418392
-12.256281407035175           0.5764488753938476
-12.14070351758794            0.5764486993432818
-12.025125628140703           0.5764487625433882
-11.909547738693467           0.5764485596577762
-11.793969849246231           0.5764484304032463
-11.678391959798995           0.5764486625118751
-11.56281407035176            0.5764486289787151
-11.447236180904522           0.5764488701554807
-11.331658291457286           0.5764486882527249
-11.21608040201005            0.5764486192423444
-11.100502512562814           0.5764489909065234
-10.984924623115578           0.5764486703578899
-10.869346733668342           0.5764485436556357
-10.753768844221106           0.5764480516594365
-10.638190954773869           0.5764486163165886
-10.522613065326633           0.5764484932200141
-10.407035175879397           0.5764486173249039
-10.291457286432161           0.5764490124269935
-10.175879396984925           0.5764485220758196
-10.06030150753769            0.5764484052990829
-9.944723618090451            0.5764484938125939
-9.829145728643216            0.5764483677774446
-9.71356783919598             0.5764487639834918
-9.597989949748744            0.5764484612797678
-9.482412060301508            0.5764484524168496
-9.366834170854272            0.5764484967347208
-9.251256281407034            0.5764484472186006
-9.135678391959798            0.5764484238982057
-9.020100502512562            0.5764485491031526
-8.904522613065327            0.5764481892282708
-8.78894472361809             0.5764480753040452
-8.673366834170855            0.5764492079177405
-8.557788944723619            0.5764483845072127
-8.442211055276381            0.5764491553969563
-8.326633165829145            0.5764480918714445
-8.21105527638191             0.576448296450356
-8.095477386934673            0.5764483580278024
-7.9798994974874375           0.5764483400381224
-7.864321608040202            0.5764483057801922
-7.748743718592964            0.576448263586479
-7.633165829145728            0.5764483271860473
-7.517587939698492            0.5764481521559265
-7.402010050251256            0.5764484684692677
-7.28643216080402             0.5764483126813558
-7.170854271356784            0.5764482591975822
-7.055276381909547            0.576448028891372
-6.939698492462311            0.5764482327468687
-6.824120603015075            0.5764482557346159
-6.708542713567839            0.5764481823200036
-6.592964824120603            0.5764482079990103
-6.477386934673367            0.5764481385276606
-6.361809045226131            0.5764481945961883
-6.246231155778894            0.5764481142316243
-6.130653266331658            0.5764482014337883
-6.015075376884422            0.5764482066465363
-5.899497487437186            0.5764482537968626
-5.78391959798995             0.576448163444912
-5.668341708542714            0.5764481684033346
-5.5527638190954764           0.5764480571079136
-5.4371859296482405           0.5764479516594678
-5.321608040201005            0.5764480688373631
-5.206030150753769            0.576448088969863
-5.090452261306533            0.5764481279897956
-4.974874371859297            0.5764481638997178
-4.859296482412061            0.5764482950021356
-4.743718592964823            0.5764481138942477
-4.628140703517587            0.576448178995624
-4.5125628140703515           0.5764480528728387
-4.396984924623116            0.576448072280325
-4.28140703517588             0.5764480870717579
-4.165829145728644            0.5764480652543694
-4.050251256281406            0.576448030589788
-3.934673366834172            0.5764480748143368
-3.8190954773869343           0.5764480817195016
-3.7035175879396967           0.5764480385220347
-3.5879396984924625           0.5764480404654567
-3.472361809045225            0.5764480292077857
-3.3567839195979907           0.5764480454696739
-3.241206030150753            0.5764480027256412
-3.125628140703519            0.576448001560823
-3.0100502512562812           0.5764480062975564
-2.8944723618090435           0.5764479980883139
-2.7788944723618094           0.5764479056530485
-2.6633165829145717           0.5764479618415799
-2.5477386934673376           0.5764479815185699
-2.4321608040201              0.5764479754574775
-2.316582914572866            0.5764479715617976
-2.201005025125628            0.5764479730991477
-2.0854271356783904           0.5764479491019611
-1.9698492462311563           0.5764478787665009
-1.8542713567839186           0.5764477468055835
-1.7386934673366845           0.5764475716046175
-1.6231155778894468           0.5764470931822949
-1.5075376884422127           0.5764461658206156
-1.391959798994975            0.5764439699853132
-1.2763819095477373           0.5764391105360989
-1.1608040201005032           0.5764283875951894
-1.0452261306532655           0.5764048009661552
-0.9296482412060314           0.5763533458780165
-0.8140703517587937           0.5762419692235841
-0.698492462311556            0.5760029802779778
-0.5829145728643219           0.5754973021904569
-0.46733668341708423          0.5744435251997424
-0.3517587939698501           0.5722897384346646
-0.23618090452261245          0.5679905413860147
-0.12060301507537828          0.5596483398631413
-0.005025125628140596         0.5439858361315101
0.11055276381909708           0.5156481958775365
0.22613065326633117           0.46637899596784227
0.34170854271356893           0.3841411901645127
0.457286432160803             0.2522209548631392
0.5728643216080407            0.04826167894679887
0.6884422110552748            -0.2569232956477279
0.8040201005025125            -0.7009599207258475
0.9195979899497502            -1.3321392372293686
1.0351758793969843            -2.212445978134063
1.150753768844222             -3.421634797388492
1.266331658291456             -5.062788472486565
1.3819095477386938            -7.26991294323729
1.4974874371859315            -10.21786246793708
1.6130653266331656            -14.134819052374072
1.7286432160804033            -19.31826017221702
1.8442211055276374            -26.155931000052632
1.959798994974875             -35.153410097835945
2.075376884422109             -46.970130962522845
2.190954773869347             -62.46636964745221
2.3065326633165846            -82.7645381964968
2.4221105527638187            -109.32915159600476
2.5376884422110564            -144.0711660277713
2.6532663316582905            -189.48412164021107
2.768844221105528             -250.5708666647246
