-20.0                         0.2001166639163711
-19.884422110552762           0.20011706390157027
-19.768844221105528           0.20011661907841335
-19.65326633165829            0.2001160832464737
-19.537688442211056           0.2001165952122397
-19.42211055276382            0.20011666900125838
-19.306532663316585           0.20011661942065243
-19.190954773869347           0.20011660414726054
-19.07537688442211            0.2001165538847765
-18.959798994974875           0.20011651224167293
-18.844221105527637           0.20011669868450913
-18.728643216080403           0.20011649500800727
-18.613065326633166           0.20011637528705256
-18.49748743718593            0.20011643661899203
-18.381909547738694           0.20011689186141066
-18.266331658291456           0.20011634760676297
-18.150753768844222           0.200116405733698
-18.035175879396984           0.20011598541296208
-17.91959798994975            0.20011632133620183
-17.804020100502512           0.20011633682659757
-17.688442211055275           0.20011638017295777
-17.57286432160804            0.2001163303346266
-17.457286432160803           0.20011614321228402
-17.34170854271357            0.2001162653646675
-17.22613065326633            0.20011634849375845
-17.110552763819094           0.20011613328079436
-16.99497487437186            0.20011618180532081
-16.87939698492462            0.20011627845854416
-16.763819095477388           0.2001161901391422
-16.64824120603015            0.2001161980572801
-16.532663316582916           0.20011610477985975
-16.417085427135678           0.20011615767384616
-16.301507537688444           0.20011613865513056
-16.185929648241206           0.20011606675038493
-16.07035175879397            0.20011610223803605
-15.954773869346734           0.20011582330212918
-15.839195979899497           0.20011600580774414
-15.72361809045226            0.20011599875789332
-15.608040201005025           0.20011587033129177
-15.492462311557789           0.20011592151494736
-15.376884422110553           0.2001158175348323
-15.261306532663315           0.20011595910669205
-15.145728643216081           0.20011589321214773
-15.030150753768844           0.2001160158139735
-14.914572864321608           0.20011578697245108
-14.798994974874372           0.2001156817471987
-14.683417085427136           0.20011584188402498
-14.5678391959799             0.20011586623275635
-14.452261306532662           0.20011583790969723
-14.336683417085428           0.2001157732247238
-14.22110552763819            0.20011567910111308
-14.105527638190955           0.20011578408163808
-13.989949748743719           0.20011536556257337
-13.874371859296481           0.20011568335967939
-13.758793969849247           0.2001161693345501
-13.64321608040201            0.20011572800911737
-13.527638190954773           0.2001157094319704
-13.412060301507537           0.20011569876741092
-13.296482412060302           0.20011586048478905
-13.180904522613066           0.20011566057488644
-13.065326633165828           0.20011539982993584
-12.949748743718594           0.20011568354608306
-12.834170854271356           0.20011538157917233
-12.71859296482412            0.20011571444481424
-12.603015075376884           0.20011536727254403
-12.487437185929648           0.2001156007976192
-12.371859296482413           0.20011559384204541
-12.256281407035175           0.20011560209743312
-12.14070351758794            0.20011551902518127
-12.025125628140703           0.20011567749086123
-11.909547738693467           0.20011544253767827
-11.793969849246231           0.2001154408292342
-11.678391959798995           0.20011548254366024
-11.56281407035176            0.20011546649295703
-11.447236180904522           0.20011552782455067
-11.331658291457286           0.2001154728858599
-11.21608040201005            0.20011544300302803
-11.100502512562814           0.20011572027528168
-10.984924623115578           0.20011544090576494
-10.869346733668342           0.20011537699330248
-10.753768844221106           0.20011515093118792
-10.638190954773869           0.20011538355896819
-10.522613065326633           0.20011536940226451
-10.407035175879397           0.20011535533493763
-10.291457286432161           0.20011540108743453
-10.175879396984925           0.20011533214032579
-10.06030150753769            0.20011527164393403
-9.944723618090451            0.20011530279259893
-9.829145728643216            0.20011536397534166
-9.71356783919598             0.20011528925495614
-9.597989949748744            0.2001152644417155
-9.482412060301508            0.2001152712665059
-9.366834170854272            0.2001152458539255
-9.251256281407034            0.20011524149465607
-9.135678391959798            0.20011523917745155
-9.020100502512562            0.20011523357242472
-8.904522613065327            0.20011521732944795
-8.78894472361809             0.2001150896790783
-8.673366834170855            0.2001155926031916
-8.557788944723619            0.20011515419407594
-8.442211055276381            0.20011555628324332
-8.326633165829145            0.20011508255387536
-8.21105527638191             0.2001152147046119
-8.095477386934673            0.2001151182915198
-7.9798994974874375           0.20011512627538294
-7.864321608040202            0.20011511389479392
-7.748743718592964            0.20011510167977406
-7.633165829145728            0.20011509905630653
-7.517587939698492            0.20011507843287585
-7.402010050251256            0.20011508321795865
-7.28643216080402             0.20011509049336934
-7.170854271356784            0.20011506947214874
-7.055276381909547            0.20011496987405095
-6.939698492462311            0.20011504001535538
-6.824120603015075            0.2001150418415991
-6.708542713567839            0.2001150730234179
-6.592964824120603            0.20011500010655317
-6.477386934673367            0.2001149307589391
-6.361809045226131            0.20011499417900083
-6.246231155778894            0.2001149369832998
-6.130653266331658            0.20011498914726394
-6.015075376884422            0.20011498468082076
-5.899497487437186            0.20011498532971753
-5.78391959798995             0.2001149693488991
-5.668341708542714            0.2001149661911828
-5.5527638190954764           0.200114939455271
-5.4371859296482405           0.20011486244736582
-5.321608040201005            0.2001149388563576
-5.206030150753769            0.20011491747748208
-5.090452261306533            0.20011490289270314
-4.974874371859297            0.2001149529369816
-4.859296482412061            0.20011499237849012
-4.743718592964823            0.20011488841925193
-4.628140703517587            0.2001149108488038
-4.5125628140703515           0.20011484587210668
-4.396984924623116            0.20011482375205134
-4.28140703517588             0.20011479840483506
-4.165829145728644            0.20011474869107915
-4.050251256281406            0.2001147054306021
-3.934673366834172            0.20011459013651237
-3.8190954773869343           0.2001144490080516
-3.7035175879396967           0.200114226490302
-3.5879396984924625           0.2001139070118382
-3.472361809045225            0.2001134219818641
-3.3567839195979907           0.20011270355984076
-3.241206030150753            0.20011160148821597
-3.125628140703519            0.20010993575368582
-3.0100502512562812           0.2001074307182667
-2.8944723618090435           0.20010360846615458
-2.7788944723618094           0.20009784319440269
-2.6633165829145717           0.20008917542205085
-2.5477386934673376           0.20007607071825168
-2.4321608040201              0.2000562290346225
-2.316582914572866            0.20002626242083069
-2.201005025125628            0.1999810352860383
-2.0854271356783904           0.199912826117257
-1.9698492462311563           0.19981005108439362
-1.8542713567839186           0.19965539973829485
-1.7386934673366845           0.19942303599660188
-1.6231155778894468           0.1990744030325731
-1.5075376884422127           0.19855248627463276
-1.391959798994975            0.19777282952940775
-1.2763819095477373           0.19661134845060782
-1.1608040201005032           0.19488653763565733
-1.0452261306532655           0.1923344732572503
-0.9296482412060314           0.18857417347507818
-0.8140703517587937           0.18305981642886002
-0.698492462311556            0.17501595230975217
-0.5829145728643219           0.16335128791700684
-0.46733668341708423          0.14654392964569207
-0.3517587939698501           0.12249231122709786
-0.23618090452261245          0.08832181652665681
-0.12060301507537828          0.04013603826630149
-0.005025125628140596         -0.027302541669451737
0.11055276381909708           -0.12098199680312141
0.22613065326633117           -0.250167315420519
0.34170854271356893           -0.4270777070136271
0.457286432160803             -0.6677609803058072
0.5728643216080407            -0.9932233482682791
0.6884422110552748            -1.4308907761421452
0.8040201005025125            -2.0164988939161743
0.9195979899497502            -2.7965351684044246
1.0351758793969843            -3.8314047579943797
1.150753768844222             -5.199588296300672
1.266331658291456             -7.003224874983358
1.3819095477386938            -9.375625384429153
1.4974874371859315            -12.491054712098151
1.6130653266331656            -16.577158739940963
1.7286432160804033            -21.930971842138675
1.8442211055276374            -28.939910211368183
1.959798994974875             -38.10931722453448
2.075376884422109             -50.09845728422562
2.190954773869347             -65.76748320825456
2.3065326633165846            -86.23871619538043
2.4221105527638187            -112.97660366595528
2.5376884422110564            -147.89205120117722
2.6532663316582905            -193.47856084860368
2.768844221105528             -254.73797721748844
