-20.0                         0.2724898215771931
-19.884422110552762           0.27249036627550366
-19.768844221105528           0.2724897677586631
-19.65326633165829            0.27248907845979564
-19.537688442211056           0.27248973747179467
-19.42211055276382            0.27248981126767174
-19.306532663316585           0.2724898280918262
-19.190954773869347           0.2724895497563492
-19.07537688442211            0.2724897487069859
-18.959798994974875           0.2724896513868204
-18.844221105527637           0.2724901354657614
-18.728643216080403           0.27248967239043176
-18.613065326633166           0.27248953488684896
-18.49748743718593            0.2724895901902624
-18.381909547738694           0.2724904560319759
-18.266331658291456           0.2724894743863556
-18.150753768844222           0.2724895522378346
-18.035175879396984           0.2724890930116263
-17.91959798994975            0.2724894717730942
-17.804020100502512           0.2724895506848945
-17.688442211055275           0.27248963292945455
-17.57286432160804            0.27248945707967775
-17.457286432160803           0.27248925798204204
-17.34170854271357            0.2724894484590393
-17.22613065326633            0.2724895936468519
-17.110552763819094           0.2724892306792123
-16.99497487437186            0.2724893474363011
-16.87939698492462            0.272489472918142
-16.763819095477388           0.2724894121036476
-16.64824120603015            0.27248937943226303
-16.532663316582916           0.2724892016658982
-16.417085427135678           0.27248928923464794
-16.301507537688444           0.27248921721458014
-16.185929648241206           0.27248922507058504
-16.07035175879397            0.2724892814693746
-15.954773869346734           0.2724887914199084
-15.839195979899497           0.2724891414759819
-15.72361809045226            0.27248914547136743
-15.608040201005025           0.2724890558388878
-15.492462311557789           0.2724890653531044
-15.376884422110553           0.2724888673504397
-15.261306532663315           0.2724891313736654
-15.145728643216081           0.2724890363450726
-15.030150753768844           0.2724893512537672
-14.914572864321608           0.2724889037404341
-14.798994974874372           0.27248864250723914
-14.683417085427136           0.2724889994645451
-14.5678391959799             0.2724890123427305
-14.452261306532662           0.2724889796913043
-14.336683417085428           0.27248891209726994
-14.22110552763819            0.2724888209224496
-14.105527638190955           0.2724889143654993
-13.989949748743719           0.27248837171595325
-13.874371859296481           0.27248879793311737
-13.758793969849247           0.27248942992058744
-13.64321608040201            0.27248886670225153
-13.527638190954773           0.27248873075464014
-13.412060301507537           0.2724888426440929
-13.296482412060302           0.27248904122298045
-13.180904522613066           0.27248881740509645
-13.065326633165828           0.2724884499245955
-12.949748743718594           0.2724888533242514
-12.834170854271356           0.2724884693123664
-12.71859296482412            0.2724889138176406
-12.603015075376884           0.27248839953979326
-12.487437185929648           0.27248877389141035
-12.371859296482413           0.27248875487381996
-12.256281407035175           0.27248877884761225
-12.14070351758794            0.27248866649080605
-12.025125628140703           0.2724888455272599
-11.909547738693467           0.2724885664582495
-11.793969849246231           0.27248851257767703
-11.678391959798995           0.272488628720613
-11.56281407035176            0.2724886075664407
-11.447236180904522           0.2724887295643843
-11.331658291457286           0.27248863863931655
-11.21608040201005            0.2724885928197975
-11.100502512562814           0.2724889397027547
-10.984924623115578           0.27248861171818456
-10.869346733668342           0.27248851982462946
-10.753768844221106           0.27248819549765985
-10.638190954773869           0.2724885453138889
-10.522613065326633           0.27248850231959504
-10.407035175879397           0.27248852302902266
-10.291457286432161           0.2724886779751369
-10.175879396984925           0.27248848672247444
-10.06030150753769            0.2724884024925816
-9.944723618090451            0.2724884541894484
-9.829145728643216            0.27248848227177225
-9.71356783919598             0.27248851639501975
-9.597989949748744            0.27248841514905114
-9.482412060301508            0.2724884217568872
-9.366834170854272            0.27248841131124885
-9.251256281407034            0.27248839858361984
-9.135678391959798            0.27248839603509845
-9.020100502512562            0.272488425534157
-8.904522613065327            0.2724883089832906
-8.78894472361809             0.27248816922814423
-8.673366834170855            0.2724889009769451
-8.557788944723619            0.2724883162863869
-8.442211055276381            0.272488858675384
-8.326633165829145            0.27248817183388463
-8.21105527638191             0.2724883558765772
-8.095477386934673            0.27248827014100147
-7.9798994974874375           0.2724882836156236
-7.864321608040202            0.27248826512921254
-7.748743718592964            0.2724882441481659
-7.633165829145728            0.2724882610110157
-7.517587939698492            0.2724881950291592
-7.402010050251256            0.2724882869044929
-7.28643216080402             0.27248825521075026
-7.170854271356784            0.27248822308502385
-7.055276381909547            0.27248806683104726
-6.939698492462311            0.27248819145868713
-6.824120603015075            0.27248820279018515
-6.708542713567839            0.2724882042987582
-6.592964824120603            0.2724881538255365
-6.477386934673367            0.272488072854659
-6.361809045226131            0.27248814489047324
-6.246231155778894            0.2724880808935576
-6.130653266331658            0.2724881498761579
-6.015075376884422            0.2724881477479528
-5.899497487437186            0.2724881648594131
-5.78391959798995             0.2724881265065289
-5.668341708542714            0.27248812387051446
-5.5527638190954764           0.27248807117921886
-5.4371859296482405           0.27248797821169135
-5.321608040201005            0.27248808055391743
-5.206030150753769            0.2724880657889547
-5.090452261306533            0.2724880603779296
-4.974874371859297            0.27248813134101657
-4.859296482412061            0.2724882012132648
-4.743718592964823            0.2724880631930042
-4.628140703517587            0.27248810482270447
-4.5125628140703515           0.2724880262737035
-4.396984924623116            0.2724880294642247
-4.28140703517588             0.2724880345067728
-4.165829145728644            0.27248802024394725
-4.050251256281406            0.2724880279853689
-3.934673366834172            0.2724880159164435
-3.8190954773869343           0.27248801437273307
-3.7035175879396967           0.27248798848100003
-3.5879396984924625           0.2724879817945814
-3.472361809045225            0.27248796775060835
-3.3567839195979907           0.2724879675789283
-3.241206030150753            0.2724879354291317
-3.125628140703519            0.27248790467294276
-3.0100502512562812           0.2724878662348335
-2.8944723618090435           0.27248776499892724
-2.7788944723618094           0.27248759399870803
-2.6633165829145717           0.2724873966813874
-2.5477386934673376           0.27248703387404277
-2.4321608040201              0.2724863483470579
-2.316582914572866            0.2724851514541629
-2.201005025125628            0.2724830613006018
-2.0854271356783904           0.2724793967801147
-1.9698492462311563           0.2724729744783196
-1.8542713567839186           0.2724617698392613
-1.7386934673366845           0.27244229524385266
-1.6231155778894468           0.2724083431227201
-1.5075376884422127           0.27234949046624196
-1.391959798994975            0.27224752770270016
-1.2763819095477373           0.2720715520578244
-1.1608040201005032           0.27176910388255515
-1.0452261306532655           0.2712517649631651
-0.9296482412060314           0.27037208953242875
-0.8140703517587937           0.2688867930911691
-0.698492462311556            0.26639980178627365
-0.5829145728643219           0.26227716113582283
-0.46733668341708423          0.2555218909824531
-0.3517587939698501           0.24459955701311997
-0.23618090452261245          0.22720272760826085
-0.12060301507537828          0.1999464932399187
-0.005025125628140596         0.15798867925075888
0.11055276381909708           0.09456840669459997
0.22613065326633117           0.00044963244422167723
0.34170854271356893           -0.13675625935270336
0.457286432160803             -0.3334356711954991
0.5728643216080407            -0.611053364378115
0.6884422110552748            -0.997557690062913
0.8040201005025125            -1.5292194282271825
0.9195979899497502            -2.2530340537457962
1.0351758793969843            -3.2298580453794163
1.150753768844222             -4.5385431657425865
1.266331658291456             -6.281509423401326
1.3819095477386938            -8.592282243132988
1.4974874371859315            -11.645317109330476
1.6130653266331656            -15.668438944193987
1.7286432160804033            -20.958833153323706
1.8442211055276374            -27.904030041703265
1.959798994974875             -37.00945584558665
2.075376884422109             -48.934435298471975
2.190954773869347             -64.53916561819881
2.3065326633165846            -84.9460009799423
2.4221105527638187            -111.61941347182726
2.5376884422110564            -146.47032723075986
2.6532663316582905            -191.99225832376115
2.768844221105528             -253.18742445366934
