-20.0                         1.0407805249244766
-19.884422110552762           1.0407815758552148
-19.768844221105528           1.0407803910937534
-19.65326633165829            1.0407793585246905
-19.537688442211056           1.0407804542881505
-19.42211055276382            1.0407802336423644
-19.306532663316585           1.0407805376914832
-19.190954773869347           1.0407790304827382
-19.07537688442211            1.0407806308061394
-18.959798994974875           1.0407802875127654
-18.844221105527637           1.0407815677525252
-18.728643216080403           1.0407801275148505
-18.613065326633166           1.0407804513478482
-18.49748743718593            1.040780200454644
-18.381909547738694           1.0407825388805414
-18.266331658291456           1.0407800663252107
-18.150753768844222           1.0407801418468943
-18.035175879396984           1.0407803317525717
-17.91959798994975            1.0407800987050768
-17.804020100502512           1.040780578881178
-17.688442211055275           1.0407802628734104
-17.57286432160804            1.0407797934804186
-17.457286432160803           1.040779844554533
-17.34170854271357            1.0407799988251687
-17.22613065326633            1.0407800370730051
-17.110552763819094           1.0407798011981948
-16.99497487437186            1.040780266655296
-16.87939698492462            1.0407796889004766
-16.763819095477388           1.0407804896993833
-16.64824120603015            1.040779798742035
-16.532663316582916           1.0407799217312381
-16.417085427135678           1.0407798373510928
-16.301507537688444           1.0407792498970416
-16.185929648241206           1.0407798480742643
-16.07035175879397            1.0407801196109336
-15.954773869346734           1.0407787577995946
-15.839195979899497           1.0407797591488956
-15.72361809045226            1.0407798784178284
-15.608040201005025           1.0407805751131682
-15.492462311557789           1.040779749997234
-15.376884422110553           1.0407797130155068
-15.261306532663315           1.0407798381816857
-15.145728643216081           1.0407797606547766
-15.030150753768844           1.040780611393889
-14.914572864321608           1.0407794880020236
-14.798994974874372           1.0407787710213374
-14.683417085427136           1.040779758014103
-14.5678391959799             1.0407796855911065
-14.452261306532662           1.0407796449111995
-14.336683417085428           1.0407795575024135
-14.22110552763819            1.0407800815911066
-14.105527638190955           1.0407795084581208
-13.989949748743719           1.0407786081915125
-13.874371859296481           1.0407793533473708
-13.758793969849247           1.0407800498289086
-13.64321608040201            1.0407794528880172
-13.527638190954773           1.0407787630183911
-13.412060301507537           1.0407794970380306
-13.296482412060302           1.0407792951938524
-13.180904522613066           1.0407796421427677
-13.065326633165828           1.0407791015198862
-12.949748743718594           1.0407794810453417
-12.834170854271356           1.0407790028937058
-12.71859296482412            1.0407796732057515
-12.603015075376884           1.0407789198391448
-12.487437185929648           1.0407795018171497
-12.371859296482413           1.0407792629208095
-12.256281407035175           1.040779574936126
-12.14070351758794            1.0407793474351947
-12.025125628140703           1.0407791416281587
-11.909547738693467           1.0407791645966642
-11.793969849246231           1.0407790854834267
-11.678391959798995           1.040779328299856
-11.56281407035176            1.0407792641534173
-11.447236180904522           1.0407796389642763
-11.331658291457286           1.040779327917528
-11.21608040201005            1.0407792494519406
-11.100502512562814           1.0407795563373197
-10.984924623115578           1.0407793166947064
-10.869346733668342           1.0407791817322354
-10.753768844221106           1.0407785181406106
-10.638190954773869           1.0407793293508925
-10.522613065326633           1.0407790914830979
-10.407035175879397           1.0407793157118752
-10.291457286432161           1.0407800094044135
-10.175879396984925           1.0407791517991487
-10.06030150753769            1.0407790179038892
-9.944723618090451            1.04077916054858
-9.829145728643216            1.0407787980858916
-9.71356783919598             1.0407796315756308
-9.597989949748744            1.0407791397453965
-9.482412060301508            1.0407791033983684
-9.366834170854272            1.0407792051193716
-9.251256281407034            1.0407791089428684
-9.135678391959798            1.0407790419573832
-9.020100502512562            1.0407792267287173
-8.904522613065327            1.040778661164367
-8.78894472361809             1.0407785836503534
-8.673366834170855            1.040780131047205
-8.557788944723619            1.0407790749170711
-8.442211055276381            1.0407800680847217
-8.326633165829145            1.0407786122608205
-8.21105527638191             1.0407787832245916
-8.095477386934673            1.0407791208003976
-7.9798994974874375           1.0407790079781856
-7.864321608040202            1.0407789641814127
-7.748743718592964            1.0407788903937456
-7.633165829145728            1.0407790154272696
-7.517587939698492            1.0407787488826963
-7.402010050251256            1.0407792670978828
-7.28643216080402             1.0407789726569543
-7.170854271356784            1.0407789039142679
-7.055276381909547            1.040778637227954
-6.939698492462311            1.0407788951708061
-6.824120603015075            1.0407789139124715
-6.708542713567839            1.04077875191581
-6.592964824120603            1.040778886714577
-6.477386934673367            1.040778867712376
-6.361809045226131            1.0407788771407946
-6.246231155778894            1.0407787654355365
-6.130653266331658            1.0407788503931457
-6.015075376884422            1.0407788515470535
-5.899497487437186            1.0407789124063187
-5.78391959798995             1.0407787987323367
-5.668341708542714            1.0407788222899208
-5.5527638190954764           1.040778667791018
-5.4371859296482405           1.0407785335522268
-5.321608040201005            1.0407786592823918
-5.206030150753769            1.0407787431731843
-5.090452261306533            1.0407788434546599
-4.974874371859297            1.040778755714542
-4.859296482412061            1.040778962014767
-4.743718592964823            1.0407787615547324
-4.628140703517587            1.0407788642890003
-4.5125628140703515           1.0407787062498708
-4.396984924623116            1.0407787181710542
-4.28140703517588             1.0407787417968517
-4.165829145728644            1.0407787202669145
-4.050251256281406            1.0407786198287512
-3.934673366834172            1.0407787419133634
-3.8190954773869343           1.0407787591336384
-3.7035175879396967           1.040778696894838
-3.5879396984924625           1.0407787127762331
-3.472361809045225            1.0407786985912644
-3.3567839195979907           1.040778717837214
-3.241206030150753            1.0407786682013658
-3.125628140703519            1.0407786551130729
-3.0100502512562812           1.040778658304295
-2.8944723618090435           1.0407786973664137
-2.7788944723618094           1.04077853747467
-2.6633165829145717           1.0407786435774216
-2.5477386934673376           1.0407786425616725
-2.4321608040201              1.0407786364003833
-2.316582914572866            1.0407786404592232
-2.201005025125628            1.0407786542368882
-2.0854271356783904           1.040778641918457
-1.9698492462311563           1.0407786021479102
-1.8542713567839186           1.040778542659555
-1.7386934673366845           1.0407785666934795
-1.6231155778894468           1.040778518635833
-1.5075376884422127           1.0407785845891642
-1.391959798994975            1.0407785268389314
-1.2763819095477373           1.040778452170717
-1.1608040201005032           1.0407782070001181
-1.0452261306532655           1.0407774669124865
-0.9296482412060314           1.0407754091146342
-0.8140703517587937           1.0407697890791814
-0.698492462311556            1.0407538426348695
-0.5829145728643219           1.0407107054465825
-0.46733668341708423          1.0405950082203015
-0.3517587939698501           1.040291239904119
-0.23618090452261245          1.039514750580641
-0.12060301507537828          1.0375956757697025
-0.005025125628140596         1.0330475522172604
0.11055276381909708           1.022801720108475
0.22613065326633117           1.0010417884127514
0.34170854271356893           0.957736876375756
0.457286432160803             0.8771617355636069
0.5728643216080407            0.7366834010630647
0.6884422110552748            0.5057878858987892
0.8040201005025125            0.1449619957472819
0.9195979899497502            -0.39605270376881957
1.0351758793969843            -1.1809812740243177
1.150753768844222             -2.2909524938419743
1.266331658291456             -3.8300316153500678
1.3819095477386938            -5.9329012460599735
1.4974874371859315            -8.774937489638516
1.6130653266331656            -12.584764830925813
1.7286432160804033            -17.660209923834543
1.8442211055276374            -24.389266757858064
1.959798994974875             -33.277685183391924
2.075376884422109             -44.985018076557324
2.190954773869347             -60.37162640113826
2.3065326633165846            -80.55998362415905
2.4221105527638187            -107.0146497534141
2.5376884422110564            -141.64661430949346
2.6532663316582905            -186.9494423265626
2.768844221105528             -247.92662043356884
