-20.0                         0.22104158226194692
-19.884422110552762           0.22104205074403935
-19.768844221105528           0.22104153382558814
-19.65326633165829            0.2210409253308041
-19.537688442211056           0.22104150820429733
-19.42211055276382            0.221041586769331
-19.306532663316585           0.22104156032665287
-19.190954773869347           0.22104144208558887
-19.07537688442211            0.22104148902714538
-18.959798994974875           0.22104142467580096
-18.844221105527637           0.2210417390281776
-18.728643216080403           0.22104142452064196
-18.613065326633166           0.22104129257425587
-18.49748743718593            0.221041354212653
-18.381909547738694           0.22104199234427818
-18.266331658291456           0.22104125334573668
-18.150753768844222           0.2210413222886811
-18.035175879396984           0.22104087043574913
-17.91959798994975            0.22104123714833554
-17.804020100502512           0.2210412782456381
-17.688442211055275           0.22104134245135318
-17.57286432160804            0.22104124260593194
-17.457286432160803           0.22104104274772646
-17.34170854271357            0.2210411964657424
-17.22613065326633            0.2210413108578478
-17.110552763819094           0.22104102511740886
-16.99497487437186            0.2210411022522423
-16.87939698492462            0.2210412212917801
-16.763819095477388           0.22104113629114563
-16.64824120603015            0.22104113167057118
-16.532663316582916           0.2210409992493176
-16.417085427135678           0.22104106745021418
-16.301507537688444           0.22104103262669803
-16.185929648241206           0.22104098686399473
-16.07035175879397            0.22104103074805886
-15.954773869346734           0.221040658201602
-15.839195979899497           0.22104091580493848
-15.72361809045226            0.22104091365558595
-15.608040201005025           0.22104079100421528
-15.492462311557789           0.22104083451994577
-15.376884422110553           0.22104068529985454
-15.261306532663315           0.22104088520708232
-15.145728643216081           0.22104080555922018
-15.030150753768844           0.22104101071562773
-14.914572864321608           0.22104068763025814
-14.798994974874372           0.2210405130802766
-14.683417085427136           0.2210407606351865
-14.5678391959799             0.22104078271530966
-14.452261306532662           0.22104075217002359
-14.336683417085428           0.22104068433166138
-14.22110552763819            0.22104058305578722
-14.105527638190955           0.22104069303509963
-13.989949748743719           0.22104021446628253
-13.874371859296481           0.2210405835125267
-13.758793969849247           0.2210411452506372
-13.64321608040201            0.22104064080819302
-13.527638190954773           0.22104057432945562
-13.412060301507537           0.22104061324596141
-13.296482412060302           0.2210407998994485
-13.180904522613066           0.22104057877451058
-13.065326633165828           0.2210402658717965
-12.949748743718594           0.22104061062580277
-12.834170854271356           0.22104026777298214
-12.71859296482412            0.22104065474529372
-12.603015075376884           0.22104022675212778
-12.487437185929648           0.22104052726654805
-12.371859296482413           0.2210405173968983
-12.256281407035175           0.22104053001685914
-12.14070351758794            0.22104043411922691
-12.025125628140703           0.22104061000493194
-11.909547738693467           0.22104034673844505
-11.793969849246231           0.221040323076258
-11.678391959798995           0.22104039722959304
-11.56281407035176            0.22104037886501296
-11.447236180904522           0.22104046708852443
-11.331658291457286           0.22104039694141764
-11.21608040201005            0.22104035985278928
-11.100502512562814           0.2210406747640227
-10.984924623115578           0.22104036717246847
-10.869346733668342           0.22104029005944542
-10.753768844221106           0.22104001861912465
-10.638190954773869           0.22104030489847393
-10.522613065326633           0.22104027922545824
-10.407035175879397           0.22104027820377686
-10.291457286432161           0.22104037048293082
-10.175879396984925           0.22104025086516996
-10.06030150753769            0.2210401791959225
-9.944723618090451            0.22104021984855576
-9.829145728643216            0.2210402718525974
-9.71356783919598             0.22104023537821704
-9.597989949748744            0.22104018089537117
-9.482412060301508            0.22104018852397647
-9.366834170854272            0.22104016792404063
-9.251256281407034            0.221040161065823
-9.135678391959798            0.22104015942105973
-9.020100502512562            0.22104016701594242
-8.904522613065327            0.22104011114415484
-8.78894472361809             0.22103997421926863
-8.673366834170855            0.22104058221950043
-8.557788944723619            0.2210400754073757
-8.442211055276381            0.2210405431312407
-8.326633165829145            0.22103997179068646
-8.21105527638191             0.22104013174156337
-8.095477386934673            0.22104003370162145
-7.9798994974874375           0.22104004563939716
-7.864321608040202            0.22104003083469656
-7.748743718592964            0.2210400148373426
-7.633165829145728            0.2210400204217725
-7.517587939698492            0.22103998171584685
-7.402010050251256            0.2210400204186258
-7.28643216080402             0.2210400137573457
-7.170854271356784            0.22103998792196028
-7.055276381909547            0.2210398614930782
-6.939698492462311            0.22103995703527266
-6.824120603015075            0.22103996321058217
-6.708542713567839            0.22103998267323705
-6.592964824120603            0.22103991754001415
-6.477386934673367            0.22103984116858993
-6.361809045226131            0.22103991048157642
-6.246231155778894            0.2210398500541581
-6.130653266331658            0.22103991038415635
-6.015075376884422            0.2210399067136162
-5.899497487437186            0.22103991434100964
-5.78391959798995             0.22103988964224605
-5.668341708542714            0.2210398866254091
-5.5527638190954764           0.22103984941768653
-5.4371859296482405           0.22103976375363318
-5.321608040201005            0.22103985429197956
-5.206030150753769            0.22103983512355352
-5.090452261306533            0.22103982387392743
-4.974874371859297            0.22103988733726923
-4.859296482412061            0.22103994170626545
-4.743718592964823            0.2210398232562736
-4.628140703517587            0.2210398581804686
-4.5125628140703515           0.22103979292914064
-4.396984924623116            0.22103978999832427
-4.28140703517588             0.2210397907138042
-4.165829145728644            0.22103977581658485
-4.050251256281406            0.22103978522223044
-3.934673366834172            0.22103975644997764
-3.8190954773869343           0.22103974086702283
-3.7035175879396967           0.2210397008250071
-3.5879396984924625           0.22103966206024303
-3.472361809045225            0.2210395977643307
-3.3567839195979907           0.22103951340129335
-3.241206030150753            0.22103935545526723
-3.125628140703519            0.2210391105467832
-3.0100502512562812           0.22103873034275784
-2.8944723618090435           0.22103808072391326
-2.7788944723618094           0.2210370430412344
-2.6633165829145717           0.22103543383181684
-2.5477386934673376           0.221032822185931
-2.4321608040201              0.22102854967087984
-2.316582914572866            0.22102163816554857
-2.201005025125628            0.2210104645928285
-2.0854271356783904           0.22099240514570095
-1.9698492462311563           0.22096323878189322
-1.8542713567839186           0.22091622201605282
-1.7386934673366845           0.22084057555980235
-1.6231155778894468           0.22071896345729275
-1.5075376884422127           0.220524045778265
-1.391959798994975            0.22021227013394218
-1.2763819095477373           0.21971518210490693
-1.1608040201005032           0.2189256035078085
-1.0452261306532655           0.2176768848812264
-0.9296482412060314           0.2157122774782109
-0.8140703517587937           0.212640022957555
-0.698492462311556            0.20786914187733949
-0.5829145728643219           0.20052015574919743
-0.46733668341708423          0.18930219472111906
-0.3517587939698501           0.1723502857544646
-0.23618090452261245          0.14701325068725027
-0.12060301507537828          0.10958339490138136
-0.005025125628140596         0.05495642326149915
0.11055276381909708           -0.023793669979007514
0.22613065326633117           -0.13594794250728623
0.34170854271356893           -0.2938165362453344
0.457286432160803             -0.5136005419036619
0.5728643216080407            -0.8165032701705587
0.6884422110552748            -1.2301711613339272
0.8040201005025125            -1.7905650125701822
0.9195979899497502            -2.544387015788391
1.0351758793969843            -3.55223454217657
1.150753768844222             -4.892747456822323
1.266331658291456             -6.66818627566953
1.3819095477386938            -9.011955745025764
1.4974874371859315            -12.098405405393246
1.6130653266331656            -16.155261477143025
1.7286432160804033            -21.47962654629002
1.8442211055276374            -28.458968627980596
1.959798994974875             -37.59866891265307
2.075376884422109             -49.558019444509746
2.190954773869347             -65.19719344648101
2.3065326633165846            -85.63852730829436
2.4221105527638187            -112.34647983447744
2.5376884422110564            -147.23196518166984
2.6532663316582905            -192.7884918834335
2.768844221105528             -254.018077720001
