-20.0                         0.19973969111963555
-19.884422110552762           0.19974005342082218
-19.768844221105528           0.19973964792085927
-19.65326633165829            0.19973915230460282
-19.537688442211056           0.1997396240633005
-19.42211055276382            0.19973969212396586
-19.306532663316585           0.19973963580871484
-19.190954773869347           0.19973966042664895
-19.07537688442211            0.19973957262599498
-18.959798994974875           0.19973954068414224
-18.844221105527637           0.19973966864869008
-18.728643216080403           0.19973951583134916
-18.613065326633166           0.19973940449966418
-18.49748743718593            0.19973946354766978
-18.381909547738694           0.19973982814298766
-18.266331658291456           0.19973938042209408
-18.150753768844222           0.1997394315958861
-18.035175879396984           0.1997390373625841
-17.91959798994975            0.19973934943956478
-17.804020100502512           0.19973935401737125
-17.688442211055275           0.19973938582151568
-17.57286432160804            0.19973935581681068
-17.457286432160803           0.19973917986194475
-17.34170854271357            0.1997392859296062
-17.22613065326633            0.1997393519238139
-17.110552763819094           0.19973917332834965
-16.99497487437186            0.19973920847387502
-16.87939698492462            0.19973928940755462
-16.763819095477388           0.19973920413824645
-16.64824120603015            0.19973921538565054
-16.532663316582916           0.19973914099455056
-16.417085427135678           0.19973918676384705
-16.301507537688444           0.19973917075913555
-16.185929648241206           0.19973909238868764
-16.07035175879397            0.19973912374655017
-15.954773869346734           0.1997388916174623
-15.839195979899497           0.19973903620588537
-15.72361809045226            0.19973902665086932
-15.608040201005025           0.19973890255819304
-15.492462311557789           0.199738950949187
-15.376884422110553           0.1997388703228311
-15.261306532663315           0.19973898177443028
-15.145728643216081           0.1997389230663297
-15.030150753768844           0.19973900787174656
-14.914572864321608           0.19973882286196165
-14.798994974874372           0.19973875105099742
-14.683417085427136           0.19973886864314452
-14.5678391959799             0.19973889209591664
-14.452261306532662           0.1997388651240116
-14.336683417085428           0.1997388033746347
-14.22110552763819            0.1997387176478805
-14.105527638190955           0.19973881390309584
-13.989949748743719           0.1997384295560591
-13.874371859296481           0.19973871908499238
-13.758793969849247           0.1997391590768153
-13.64321608040201            0.1997387560234203
-13.527638190954773           0.19973875739491267
-13.412060301507537           0.19973872629206174
-13.296482412060302           0.19973887018937292
-13.180904522613066           0.19973868745576534
-13.065326633165828           0.19973845619439876
-12.949748743718594           0.19973870428299753
-12.834170854271356           0.19973842602369474
-12.71859296482412            0.19973872837039722
-12.603015075376884           0.19973842577295617
-12.487437185929648           0.199738623235915
-12.371859296482413           0.1997386164661918
-12.256281407035175           0.1997386236052105
-12.14070351758794            0.19973854703683844
-12.025125628140703           0.1997386913425402
-11.909547738693467           0.1997384763420376
-11.793969849246231           0.19973848377276088
-11.678391959798995           0.19973851051616348
-11.56281407035176            0.19973849564161766
-11.447236180904522           0.1997385436256521
-11.331658291457286           0.1997384959102042
-11.21608040201005            0.19973846957277488
-11.100502512562814           0.19973872297868445
-10.984924623115578           0.1997384628839335
-10.869346733668342           0.19973840597874087
-10.753768844221106           0.1997382040500376
-10.638190954773869           0.19973840837770931
-10.522613065326633           0.19973839897602172
-10.407035175879397           0.19973838010282088
-10.291457286432161           0.19973840445544858
-10.175879396984925           0.19973835802612064
-10.06030150753769            0.1997383035347185
-9.944723618090451            0.1997383296197186
-9.829145728643216            0.1997383913302313
-9.71356783919598             0.19973830502067147
-9.597989949748744            0.19973829172166038
-9.482412060301508            0.19973829750177205
-9.366834170854272            0.1997382710231833
-9.251256281407034            0.19973826708978099
-9.135678391959798            0.1997382640511283
-9.020100502512562            0.19973825360909092
-8.904522613065327            0.19973825300319717
-8.78894472361809             0.19973813321107398
-8.673366834170855            0.19973858063793598
-8.557788944723619            0.19973817942385097
-8.442211055276381            0.19973854580063652
-8.326633165829145            0.1997381234001811
-8.21105527638191             0.19973823836932147
-8.095477386934673            0.19973814682912724
-7.9798994974874375           0.1997381521276005
-7.864321608040202            0.19973814075912658
-7.748743718592964            0.1997381303675103
-7.633165829145728            0.19973812398854734
-7.517587939698492            0.1997381106914422
-7.402010050251256            0.19973810229920408
-7.28643216080402             0.1997381140121599
-7.170854271356784            0.19973809527946063
-7.055276381909547            0.1997380100066833
-6.939698492462311            0.19973806682056072
-6.824120603015075            0.19973806645500206
-6.708542713567839            0.1997381020747453
-6.592964824120603            0.19973802708223073
-6.477386934673367            0.19973796252178053
-6.361809045226131            0.19973802128947138
-6.246231155778894            0.19973796594869175
-6.130653266331658            0.19973801333994243
-6.015075376884422            0.19973800833767305
-5.899497487437186            0.1997380055195096
-5.78391959798995             0.19973799236522966
-5.668341708542714            0.19973798830776623
-5.5527638190954764           0.19973796482175313
-5.4371859296482405           0.1997378918107018
-5.321608040201005            0.1997379569250884
-5.206030150753769            0.19973793153180489
-5.090452261306533            0.1997379107948689
-4.974874371859297            0.19973794478942522
-4.859296482412061            0.1997379657315781
-4.743718592964823            0.19973785440173383
-4.628140703517587            0.19973784753576976
-4.5125628140703515           0.199737749926355
-4.396984924623116            0.19973767176977678
-4.28140703517588             0.19973756635111298
-4.165829145728644            0.19973740319698263
-4.050251256281406            0.19973719536572043
-3.934673366834172            0.19973684259463376
-3.8190954773869343           0.19973636013311327
-3.7035175879396967           0.19973564987738948
-3.5879396984924625           0.19973462696577407
-3.472361809045225            0.1997331330089338
-3.3567839195979907           0.19973096705758062
-3.241206030150753            0.19972779546923167
-3.125628140703519            0.19972316844070312
-3.0100502512562812           0.1997164353007478
-2.8944723618090435           0.19970658757170479
-2.7788944723618094           0.19969224905413266
-2.6633165829145717           0.19967139675988638
-2.5477386934673376           0.19964102157568198
-2.4321608040201              0.1995967589749466
-2.316582914572866            0.19953234606063433
-2.201005025125628            0.1994386721295355
-2.0854271356783904           0.19930254797732092
-1.9698492462311563           0.19910491561078128
-1.8542713567839186           0.19881832125431997
-1.7386934673366845           0.19840327862948734
-1.6231155778894468           0.19780306578303128
-1.5075376884422127           0.19693673275254162
-1.391959798994975            0.19568875256325652
-1.2763819095477373           0.19389530484357007
-1.1608040201005032           0.19132500659130466
-1.0452261306532655           0.18765266975145897
-0.9296482412060314           0.1824239341028266
-0.8140703517587937           0.17500767912967785
-0.698492462311556            0.1645327325196418
-0.5829145728643219           0.14980478177089585
-0.46733668341708423          0.12919661264521068
-0.3517587939698501           0.10050563826698053
-0.23618090452261245          0.060768238724545086
-0.12060301507537828          0.006018847116704827
-0.005025125628140596         -0.06902265292448923
0.11055276381909708           -0.17135597191608556
0.22613065326633117           -0.3102255376564943
0.34170854271356893           -0.49779998073611065
0.457286432160803             -0.7500516700268994
0.5728643216080407            -1.0878936432912774
0.6884422110552748            -1.5386487954513963
0.8040201005025125            -2.1379471853254675
0.9195979899497502            -2.932174607065825
1.0351758793969843            -3.981644115749125
1.150753768844222             -5.364759235986138
1.266331658291456             -7.1835996549123555
1.3819095477386938            -9.571429582308633
1.4974874371859315            -12.702470934663973
1.6130653266331656            -16.80432825117853
1.7286432160804033            -22.174000498430583
1.8442211055276374            -29.198876771473582
1.959798994974875             -38.38428054661391
2.075376884422109             -50.389461602750316
2.190954773869347             -66.07456191842931
2.3065326633165846            -86.56189459755151
2.4221105527638187            -113.31590097946483
2.5376884422110564            -148.24748205615353
2.6532663316582905            -193.85013639916826
2.768844221105528             -255.12561540844322
