-20.0                         0.236003573813978
-19.884422110552762           0.23600406932586981
-19.768844221105528           0.23600352366794866
-19.65326633165829            0.23600288651868304
-19.537688442211056           0.2360034967024096
-19.42211055276382            0.23600357487778112
-19.306532663316585           0.23600356167548195
-19.190954773869347           0.23600339198239445
-19.07537688442211            0.23600348762562978
-18.959798994974875           0.23600341249303017
-18.844221105527637           0.23600378418424056
-18.728643216080403           0.2360034198181004
-18.613065326633166           0.23600328466069573
-18.49748743718593            0.23600334492871222
-18.381909547738694           0.2360040611289895
-18.266331658291456           0.2360032389569293
-18.150753768844222           0.23600331145237907
-18.035175879396984           0.23600285342310276
-17.91959798994975            0.23600322729918524
-17.804020100502512           0.2360032806554269
-17.688442211055275           0.23600335225247637
-17.57286432160804            0.23600322775574611
-17.457286432160803           0.23600302616784133
-17.34170854271357            0.2360031928957796
-17.22613065326633            0.23600331897130897
-17.110552763819094           0.23600300516697023
-16.99497487437186            0.23600309533041267
-16.87939698492462            0.23600321949067177
-16.763819095477388           0.2360031401239179
-16.64824120603015            0.2360031275549579
-16.532663316582916           0.2360029788227837
-16.417085427135678           0.23600305375211458
-16.301507537688444           0.2360030082995469
-16.185929648241206           0.23600297849254553
-16.07035175879397            0.23600302630317352
-15.954773869346734           0.23600261371790318
-15.839195979899497           0.23600290306606717
-15.72361809045226            0.23600290299374782
-15.608040201005025           0.2360027885020431
-15.492462311557789           0.23600282339556106
-15.376884422110553           0.23600265628178044
-15.261306532663315           0.23600287947400864
-15.145728643216081           0.23600279430189447
-15.030150753768844           0.23600303649005921
-14.914572864321608           0.23600267140528425
-14.798994974874372           0.23600246703592895
-14.683417085427136           0.2360027521401846
-14.5678391959799             0.23600277178832413
-14.452261306532662           0.23600274045362557
-14.336683417085428           0.2360026722390972
-14.22110552763819            0.2360025720098663
-14.105527638190955           0.23600267912519513
-13.989949748743719           0.23600217752883812
-13.874371859296481           0.23600256682029674
-13.758793969849247           0.2360031552949596
-13.64321608040201            0.23600262852340514
-13.527638190954773           0.23600253923788506
-13.412060301507537           0.2360026019788851
-13.296482412060302           0.23600279504416746
-13.180904522613066           0.23600257009336909
-13.065326633165828           0.23600223734578066
-12.949748743718594           0.2360026042415799
-12.834170854271356           0.2360022462006442
-12.71859296482412            0.23600265394475164
-12.603015075376884           0.23600219470148603
-12.487437185929648           0.23600252167767413
-12.371859296482413           0.23600250940637862
-12.256281407035175           0.23600252507015243
-12.14070351758794            0.2360024236381664
-12.025125628140703           0.23600260280835866
-11.909547738693467           0.23600233183210212
-11.793969849246231           0.23600229796699002
-11.678391959798995           0.2360023864648052
-11.56281407035176            0.23600236713821815
-11.447236180904522           0.2360024668849973
-11.331658291457286           0.23600238987887928
-11.21608040201005            0.23600234974789236
-11.100502512562814           0.23600267726238278
-10.984924623115578           0.2360023610798113
-10.869346733668342           0.23600227869330453
-10.753768844221106           0.23600198878791362
-10.638190954773869           0.2360022971051039
-10.522613065326633           0.23600226584317083
-10.407035175879397           0.23600227162766516
-10.291457286432161           0.23600238486275776
-10.175879396984925           0.2360022417029205
-10.06030150753769            0.23600216557480136
-9.944723618090451            0.2360022100858535
-9.829145728643216            0.2360022553160815
-9.71356783919598             0.2360022404266079
-9.597989949748744            0.2360021710136538
-9.482412060301508            0.23600217852385533
-9.366834170854272            0.23600216093181275
-9.251256281407034            0.23600215238867217
-9.135678391959798            0.23600215066934108
-9.020100502512562            0.2360021651525101
-8.904522613065327            0.23600208968846226
-8.78894472361809             0.2360019508821683
-8.673366834170855            0.23600260192744396
-8.557788944723619            0.23600206773301194
-8.442211055276381            0.23600256171663223
-8.326633165829145            0.23600195025780385
-8.21105527638191             0.23600211966401186
-8.095477386934673            0.23600202409530527
-7.9798994974874375           0.2360020370226806
-7.864321608040202            0.23600202103552145
-7.748743718592964            0.2360020033714361
-7.633165829145728            0.23600201269254417
-7.517587939698492            0.23600196515135435
-7.402010050251256            0.2360020208734546
-7.28643216080402             0.23600200650268183
-7.170854271356784            0.2360019785432021
-7.055276381909547            0.23600184145920539
-6.939698492462311            0.23600194727878326
-6.824120603015075            0.2360019552659041
-6.708542713567839            0.2360019689182283
-6.592964824120603            0.23600190827204623
-6.477386934673367            0.23600182984905058
-6.361809045226131            0.23600190059741447
-6.246231155778894            0.23600183893223203
-6.130653266331658            0.23600190239493005
-6.015075376884422            0.2360018991774928
-5.899497487437186            0.23600190998271858
-5.78391959798995             0.23600188088910107
-5.668341708542714            0.23600187793749264
-5.5527638190954764           0.23600183565753166
-5.4371859296482405           0.236001747089945
-5.321608040201005            0.2360018422462013
-5.206030150753769            0.23600182427247995
-5.090452261306533            0.23600181462914893
-4.974874371859297            0.23600188156919774
-4.859296482412061            0.2360019412045155
-4.743718592964823            0.2360018156892949
-4.628140703517587            0.23600185310227764
-4.5125628140703515           0.23600178359703997
-4.396984924623116            0.236001783050145
-4.28140703517588             0.23600178584677758
-4.165829145728644            0.23600177217859147
-4.050251256281406            0.2360017829779826
-3.934673366834172            0.2360017618882336
-3.8190954773869343           0.236001754946832
-3.7035175879396967           0.23600172583131895
-3.5879396984924625           0.23600170753732333
-3.472361809045225            0.23600167539901276
-3.3567839195979907           0.23600164330306253
-3.241206030150753            0.23600156525277682
-3.125628140703519            0.23600145083480087
-3.0100502512562812           0.23600127675456004
-2.8944723618090435           0.23600095294448373
-2.7788944723618094           0.2360004263212989
-2.6633165829145717           0.23599963090005247
-2.5477386934673376           0.23599829778307252
-2.4321608040201              0.23599603232454477
-2.316582914572866            0.23599226584244523
-2.201005025125628            0.23598600697476
-2.0854271356783904           0.23597560228235803
-1.9698492462311563           0.2359583165947591
-1.8542713567839186           0.23592966674374324
-1.7386934673366845           0.23588228965054847
-1.6231155778894468           0.2358039504938201
-1.5075376884422127           0.23567488168223322
-1.391959798994975            0.23546260534476499
-1.2763819095477373           0.2351146640559175
-1.1608040201005032           0.23454658467049555
-1.0452261306532655           0.23362329834592427
-0.9296482412060314           0.23213093296421763
-0.8140703517587937           0.2297342596313549
-0.698492462311556            0.225914243935812
-0.5829145728643219           0.2198791781151418
-0.46733668341708423          0.2104398427753025
-0.3517587939698501           0.19584177231388955
-0.23618090452261245          0.1735447151327311
-0.12060301507537828          0.13994119282207512
-0.005025125628140596         0.09000444796793969
0.11055276381909708           0.016853185266633822
0.22613065326633117           -0.08878749847898042
0.34170854271356893           -0.2392599780486915
0.457286432160803             -0.45083015335767435
0.5728643216080407            -0.7447891130122093
0.6884422110552748            -1.148883193319485
0.8040201005025125            -1.699175387425312
0.9195979899497502            -2.442464754354547
1.0351758793969843            -3.439434599614098
1.150753768844222             -4.768795369724058
1.266331658291456             -6.532860944411373
1.3819095477386938            -8.865076744911299
1.4974874371859315            -11.939828356212976
1.6130653266331656            -15.984875796092494
1.7286432160804033            -21.297350126473155
1.8442211055276374            -28.264740855100264
1.959798994974875             -37.39244476387717
2.075376884422109             -49.33976524043184
2.190954773869347             -64.96688385060379
2.3065326633165846            -85.39614317748145
2.4221105527638187            -112.09200665673605
2.5376884422110564            -146.96539192764308
2.6532663316582905            -192.50981015441417
2.768844221105528             -253.72734907678492
