-20.0                         0.9755269092175114
-19.884422110552762           0.9755279191973331
-19.768844221105528           0.9755267816903412
-19.65326633165829            0.9755257561983386
-19.537688442211056           0.9755268200958239
-19.42211055276382            0.9755266328163762
-19.306532663316585           0.9755269377542741
-19.190954773869347           0.9755254867421784
-19.07537688442211            0.9755269972444057
-18.959798994974875           0.9755266657694894
-18.844221105527637           0.9755279361584313
-18.728643216080403           0.9755265413510942
-18.613065326633166           0.9755268051489796
-18.49748743718593            0.9755265919362996
-18.381909547738694           0.9755288461323546
-18.266331658291456           0.9755264495495798
-18.150753768844222           0.9755265266943963
-18.035175879396984           0.9755266435138786
-17.91959798994975            0.9755264880444351
-17.804020100502512           0.9755269366102591
-17.688442211055275           0.9755266779240012
-17.57286432160804            0.9755261874903702
-17.457286432160803           0.9755262266901756
-17.34170854271357            0.9755264045448026
-17.22613065326633            0.9755264644936791
-17.110552763819094           0.9755261807940192
-16.99497487437186            0.9755266286815039
-16.87939698492462            0.9755261231321952
-16.763819095477388           0.9755268384474929
-16.64824120603015            0.9755262093845957
-16.532663316582916           0.9755262696168945
-16.417085427135678           0.9755262246678787
-16.301507537688444           0.9755256680014414
-16.185929648241206           0.9755262340028987
-16.07035175879397            0.9755264886167774
-15.954773869346734           0.9755251823018999
-15.839195979899497           0.9755261410025842
-15.72361809045226            0.9755262447504096
-15.608040201005025           0.9755268774280864
-15.492462311557789           0.975526126015202
-15.376884422110553           0.9755260474153323
-15.261306532663315           0.9755262185151782
-15.145728643216081           0.9755261323713366
-15.030150753768844           0.9755269743775671
-14.914572864321608           0.9755258706151072
-14.798994974874372           0.9755251719586702
-14.683417085427136           0.975526128933407
-14.5678391959799             0.9755260551311726
-14.452261306532662           0.9755260145252886
-14.336683417085428           0.9755259366683262
-14.22110552763819            0.9755263992621127
-14.105527638190955           0.9755258880028204
-13.989949748743719           0.9755250114908655
-13.874371859296481           0.9755257384704119
-13.758793969849247           0.9755264455291721
-13.64321608040201            0.9755258353647024
-13.527638190954773           0.9755251802647169
-13.412060301507537           0.9755258733935552
-13.296482412060302           0.9755257172608527
-13.180904522613066           0.9755260053221787
-13.065326633165828           0.9755254653181201
-12.949748743718594           0.9755258666069182
-12.834170854271356           0.9755253869378702
-12.71859296482412            0.9755260495949837
-12.603015075376884           0.9755252941507888
-12.487437185929648           0.9755258800370393
-12.371859296482413           0.975525658480591
-12.256281407035175           0.9755259477192308
-12.14070351758794            0.9755257236452245
-12.025125628140703           0.9755255573891
-11.909547738693467           0.9755255467106257
-11.793969849246231           0.9755254516667612
-11.678391959798995           0.9755257013052009
-11.56281407035176            0.9755256423779085
-11.447236180904522           0.9755259998055935
-11.331658291457286           0.9755257067170775
-11.21608040201005            0.975525628496321
-11.100502512562814           0.9755259473328459
-10.984924623115578           0.9755256948250071
-10.869346733668342           0.9755255593468044
-10.753768844221106           0.9755249175700165
-10.638190954773869           0.9755256964538941
-10.522613065326633           0.9755254742190314
-10.407035175879397           0.975525689233891
-10.291457286432161           0.975526341942921
-10.175879396984925           0.9755255316292091
-10.06030150753769            0.9755253991515038
-9.944723618090451            0.975525533174399
-9.829145728643216            0.9755252035127521
-9.71356783919598             0.9755259842205652
-9.597989949748744            0.9755255114391302
-9.482412060301508            0.9755254787773163
-9.366834170854272            0.9755255745086455
-9.251256281407034            0.9755254836530924
-9.135678391959798            0.9755254224479739
-9.020100502512562            0.975525605500984
-8.904522613065327            0.9755250594725737
-8.78894472361809             0.9755249782162779
-8.673366834170855            0.9755264731496995
-8.557788944723619            0.9755254458570768
-8.442211055276381            0.9755264115048605
-8.326633165829145            0.9755250054062421
-8.21105527638191             0.9755251819922153
-8.095477386934673            0.9755254811262383
-7.9798994974874375           0.9755253830469003
-7.864321608040202            0.9755253393111879
-7.748743718592964            0.9755252699761959
-7.633165829145728            0.975525386784061
-7.517587939698492            0.9755251285766203
-7.402010050251256            0.9755256272770344
-7.28643216080402             0.9755253485091648
-7.170854271356784            0.9755252810454282
-7.055276381909547            0.975525016759984
-6.939698492462311            0.9755252694266702
-6.824120603015075            0.9755252897529794
-6.708542713567839            0.97552513923896
-6.592964824120603            0.9755252589491963
-6.477386934673367            0.9755252315791049
-6.361809045226131            0.9755252483687602
-6.246231155778894            0.9755251414874024
-6.130653266331658            0.9755252279838286
-6.015075376884422            0.9755252309887972
-5.899497487437186            0.9755252914228071
-5.78391959798995             0.9755251775084567
-5.668341708542714            0.9755251983162456
-5.5527638190954764           0.9755250471654126
-5.4371859296482405           0.9755249186862653
-5.321608040201005            0.9755250423346478
-5.206030150753769            0.9755251170079895
-5.090452261306533            0.9755252104147065
-4.974874371859297            0.9755251417374445
-4.859296482412061            0.9755253383203257
-4.743718592964823            0.9755251393142165
-4.628140703517587            0.9755252363989183
-4.5125628140703515           0.9755250805850626
-4.396984924623116            0.9755250955006068
-4.28140703517588             0.9755251183011767
-4.165829145728644            0.9755250959401814
-4.050251256281406            0.9755250045881841
-3.934673366834172            0.9755251165927329
-3.8190954773869343           0.9755251323356451
-3.7035175879396967           0.9755250724367784
-3.5879396984924625           0.975525086202242
-3.472361809045225            0.9755250724254767
-3.3567839195979907           0.9755250921594497
-3.241206030150753            0.9755250412460679
-3.125628140703519            0.9755250312061206
-3.0100502512562812           0.9755250348288464
-2.8944723618090435           0.9755250666572541
-2.7788944723618094           0.9755249162488961
-2.6633165829145717           0.9755250152418441
-2.5477386934673376           0.9755250177879505
-2.4321608040201              0.9755250119938618
-2.316582914572866            0.9755250152724845
-2.201005025125628            0.9755250289781165
-2.0854271356783904           0.975525017204567
-1.9698492462311563           0.9755249779233689
-1.8542713567839186           0.9755249195539334
-1.7386934673366845           0.9755249417511931
-1.6231155778894468           0.9755248918681513
-1.5075376884422127           0.9755249465578191
-1.391959798994975            0.9755248686297605
-1.2763819095477373           0.9755247304673317
-1.1608040201005032           0.9755243240943745
-1.0452261306532655           0.9755231664866495
-0.9296482412060314           0.9755200385756038
-0.8140703517587937           0.9755116925350239
-0.698492462311556            0.9754889681610871
-0.5829145728643219           0.9754292766051175
-0.46733668341708423          0.9752742025221565
-0.3517587939698501           0.9748797604971909
-0.23618090452261245          0.9739027719833696
-0.12060301507537828          0.9715621626669834
-0.005025125628140596         0.9661808924299233
0.11055276381909708           0.954405234834042
0.22613065326633117           0.9300622394965196
0.34170854271356893           0.8827713798860287
0.457286432160803             0.7965738801969876
0.5728643216080407            0.6487946098842746
0.6884422110552748            0.4090623628405358
0.8040201005025125            0.038119607899365957
0.9195979899497502            -0.5140072319469543
1.0351758793969843            -1.3107862833359964
1.150753768844222             -2.433143331936109
1.266331658291456             -3.9849995908127327
1.3819095477386938            -6.10094024098946
1.4974874371859315            -8.956268322688071
1.6130653266331656            -12.779547704253751
1.7286432160804033            -17.868557894078663
1.8442211055276374            -24.61125972816831
1.959798994974875             -33.51338051585582
2.075376884422109             -45.23445758524394
2.190954773869347             -60.634840930895756
2.3065326633165846            -80.83699613481352
2.4221105527638187            -107.30547745353607
2.5376884422110564            -141.9512701649166
2.6532663316582905            -187.26793614539864
2.768844221105528             -248.2588817401015
