-20.0                         0.4167782889903285
-19.884422110552762           0.4167789597406814
-19.768844221105528           0.4167782212420835
-19.65326633165829            0.4167774014645144
-19.537688442211056           0.41677818061405497
-19.42211055276382            0.4167782196011567
-19.306532663316585           0.41677834061992186
-19.190954773869347           0.416777713847336
-19.07537688442211            0.41677825275001695
-18.959798994974875           0.4167780862572442
-18.844221105527637           0.41677888004781855
-18.728643216080403           0.41677813007837866
-18.613065326633166           0.41677801952957366
-18.49748743718593            0.4167780437267497
-18.381909547738694           0.41677932461060385
-18.266331658291456           0.41677790210971555
-18.150753768844222           0.416777987131293
-18.035175879396984           0.4167775899082198
-17.91959798994975            0.4167779252436029
-17.804020100502512           0.4167780885616199
-17.688442211055275           0.41677816588792793
-17.57286432160804            0.4167778354517892
-17.457286432160803           0.41677767887287454
-17.34170854271357            0.41677792075944725
-17.22613065326633            0.4167780925665553
-17.110552763819094           0.4167776369278589
-16.99497487437186            0.4167778400965698
-16.87939698492462            0.4167779020791142
-16.763819095477388           0.416777952754862
-16.64824120603015            0.4167778250284969
-16.532663316582916           0.41677759875027953
-16.417085427135678           0.416777711014354
-16.301507537688444           0.41677752765036374
-16.185929648241206           0.4167776787478514
-16.07035175879397            0.4167777701958194
-15.954773869346734           0.4167770564522068
-15.839195979899497           0.41677757677973426
-15.72361809045226            0.4167775942698085
-15.608040201005025           0.41677763420268543
-15.492462311557789           0.41677751328813806
-15.376884422110553           0.4167772622185908
-15.261306532663315           0.4167776026143427
-15.145728643216081           0.41677748760356964
-15.030150753768844           0.41677800450969416
-14.914572864321608           0.4167773252312579
-14.798994974874372           0.4167769124691014
-14.683417085427136           0.4167774646039516
-14.5678391959799             0.41677744809541584
-14.452261306532662           0.4167774125845827
-14.336683417085428           0.41677735251957326
-14.22110552763819            0.41677733662892263
-14.105527638190955           0.4167773372475811
-13.989949748743719           0.4167766936564651
-13.874371859296481           0.41677721423841846
-13.758793969849247           0.4167779237198985
-13.64321608040201            0.41677729533456465
-13.527638190954773           0.41677701618307744
-13.412060301507537           0.4167772821633902
-13.296482412060302           0.41677745102855074
-13.180904522613066           0.41677728699768085
-13.065326633165828           0.4167768413135534
-12.949748743718594           0.4167773083052207
-12.834170854271356           0.4167768703363134
-12.71859296482412            0.4167774004478986
-12.603015075376884           0.4167767638334368
-12.487437185929648           0.4167772469933566
-12.371859296482413           0.4167771930404615
-12.256281407035175           0.4167772608007264
-12.14070351758794            0.4167771150249387
-12.025125628140703           0.41677725299012003
-11.909547738693467           0.4167769931550499
-11.793969849246231           0.4167768887336054
-11.678391959798995           0.4167770763837497
-11.56281407035176            0.41677704961664214
-11.447236180904522           0.41677723524758625
-11.331658291457286           0.416777099165862
-11.21608040201005            0.4167770392308129
-11.100502512562814           0.4167774129519889
-10.984924623115578           0.4167770773765886
-10.869346733668342           0.41677696346522686
-10.753768844221106           0.41677654697336103
-10.638190954773869           0.41677701172821857
-10.522613065326633           0.41677692931000526
-10.407035175879397           0.4167770023533366
-10.291457286432161           0.4167772826879658
-10.175879396984925           0.4167769386272698
-10.06030150753769            0.41677683475801236
-9.944723618090451            0.4167769059633159
-9.829145728643216            0.4167768620244622
-9.71356783919598             0.4167770753837608
-9.597989949748744            0.41677686910936373
-9.482412060301508            0.4167768692452029
-9.366834170854272            0.4167768860731108
-9.251256281407034            0.4167768559357043
-9.135678391959798            0.41677684563303263
-9.020100502512562            0.4167769258166608
-8.904522613065327            0.4167766791860166
-8.78894472361809             0.41677654937368824
-8.673366834170855            0.41677750008951125
-8.557788944723619            0.41677678287921904
-8.442211055276381            0.4167774521805149
-8.326633165829145            0.4167765599626106
-8.21105527638191             0.41677676469577235
-8.095477386934673            0.4167767401521946
-7.9798994974874375           0.4167767441672647
-7.864321608040202            0.41677671740679534
-7.748743718592964            0.4167766859384733
-7.633165829145728            0.41677672650779823
-7.517587939698492            0.41677660231154373
-7.402010050251256            0.4167768121237666
-7.28643216080402             0.4167767182477256
-7.170854271356784            0.4167766742382693
-7.055276381909547            0.4167764728161805
-6.939698492462311            0.4167766439800852
-6.824120603015075            0.41677666311900685
-6.708542713567839            0.4167766258542503
-6.592964824120603            0.4167766124826058
-6.477386934673367            0.41677653294906775
-6.361809045226131            0.4167766003872843
-6.246231155778894            0.41677652884209787
-6.130653266331658            0.4167766099524217
-6.015075376884422            0.4167766119318449
-5.899497487437186            0.4167766465612102
-5.78391959798995             0.4167765792917544
-5.668341708542714            0.41677657940633883
-5.5527638190954764           0.416776494850892
-5.4371859296482405           0.4167763945162368
-5.321608040201005            0.41677650818695056
-5.206030150753769            0.4167765087063431
-5.090452261306533            0.41677652328715237
-4.974874371859297            0.4167765868720305
-4.859296482412061            0.4167766881316804
-4.743718592964823            0.4167765228123162
-4.628140703517587            0.41677657622787123
-4.5125628140703515           0.41677647127180745
-4.396984924623116            0.4167764845216716
-4.28140703517588             0.4167764947621699
-4.165829145728644            0.41677647615572905
-4.050251256281406            0.41677646435905913
-3.934673366834172            0.41677647924447403
-3.8190954773869343           0.41677648244623994
-3.7035175879396967           0.4167764478286204
-3.5879396984924625           0.41677644605213143
-3.472361809045225            0.41677643554564037
-3.3567839195979907           0.4167764476817421
-3.241206030150753            0.41677641551500094
-3.125628140703519            0.4167764121315872
-3.0100502512562812           0.41677641546004046
-2.8944723618090435           0.4167763930035678
-2.7788944723618094           0.4167763215029631
-2.6633165829145717           0.4167763551077928
-2.5477386934673376           0.4167763674212993
-2.4321608040201              0.41677633808870446
-2.316582914572866            0.4167762862035883
-2.201005025125628            0.4167761908645025
-2.0854271356783904           0.4167759832533967
-1.9698492462311563           0.4167755489624038
-1.8542713567839186           0.41677469464880174
-1.7386934673366845           0.41677307610193
-1.6231155778894468           0.4167697650741984
-1.5075376884422127           0.4167632844847905
-1.391959798994975            0.4167503061445615
-1.2763819095477373           0.4167245869617123
-1.1608040201005032           0.41667386490863306
-1.0452261306532655           0.4165742948124118
-0.9296482412060314           0.4163801487548433
-0.8140703517587937           0.4160045256657306
-0.698492462311556            0.41528456576380274
-0.5829145728643219           0.4139214357650536
-0.46733668341708423          0.41137734167678713
-0.3517587939698501           0.40671115971040284
-0.23618090452261245          0.39832729710169146
-0.12060301507537828          0.3836179763105965
-0.005025125628140596         0.3584902255417592
0.11055276381909708           0.31678686699622083
0.22613065326633117           0.2496221116960746
0.34170854271356893           0.1446439773206005
0.457286432160803             -0.014801934006056033
0.5728643216080407            -0.25068294515994105
0.6884422110552748            -0.5915839842282954
0.8040201005025125            -1.0744494603506698
0.9195979899497502            -1.7469128770837585
1.0351758793969843            -2.6703875613076833
1.150753768844222             -3.924173719703502
1.266331658291456             -5.611023229110452
1.3819095477386938            -7.864705569623178
1.4974874371859315            -10.859882660485978
1.6130653266331656            -14.824566797795978
1.7286432160804033            -20.056097990387514
1.8442211055276374            -26.942121147463123
1.959798994974875             -35.98814431010828
2.075376884422109             -47.85355094905247
2.190954773869347             -63.398581041711694
2.3065326633165846            -83.74562025552976
2.4221105527638187            -110.35916408395263
2.5376884422110564            -145.1501541821888
2.6532663316582905            -190.61211980209515
2.768844221105528             -251.74762545869447
