-20.0                         0.2000409738455634
-19.884422110552762           0.20004133343729077
-19.768844221105528           0.20004093075717147
-19.65326633165829            0.20004043804566388
-19.537688442211056           0.20004090687647502
-19.42211055276382            0.200040974451027
-19.306532663316585           0.2000409178019781
-19.190954773869347           0.2000409448392232
-19.07537688442211            0.20004085476791755
-18.959798994974875           0.2000408234490034
-18.844221105527637           0.2000409475534696
-18.728643216080403           0.20004079810561973
-18.613065326633166           0.20004068740842706
-18.49748743718593            0.20004074623741025
-18.381909547738694           0.2000411046063558
-18.266331658291456           0.20004066351944141
-18.150753768844222           0.20004071416894104
-18.035175879396984           0.20004032202760513
-17.91959798994975            0.20004063221899554
-17.804020100502512           0.2000406360948339
-17.688442211055275           0.20004066708964738
-17.57286432160804            0.20004063830718521
-17.457286432160803           0.2000404632473964
-17.34170854271357            0.20004056819888277
-17.22613065326633            0.20004063298473204
-17.110552763819094           0.20004045692764405
-16.99497487437186            0.20004049116963588
-16.87939698492462            0.20004057092760935
-16.763819095477388           0.20004048597408824
-16.64824120603015            0.20004049738376478
-16.532663316582916           0.2000404242573061
-16.417085427135678           0.20004046954981622
-16.301507537688444           0.20004045363502904
-16.185929648241206           0.20004037499301358
-16.07035175879397            0.20004040605868542
-15.954773869346734           0.2000401771674351
-15.839195979899497           0.20004031912671855
-15.72361809045226            0.2000403093968033
-15.608040201005025           0.20004018578405375
-15.492462311557789           0.2000402338206342
-15.376884422110553           0.20004015480235635
-15.261306532663315           0.20004026417199294
-15.145728643216081           0.20004020596642488
-15.030150753768844           0.2000402882733656
-14.914572864321608           0.2000401061886464
-14.798994974874372           0.20004003663085307
-14.683417085427136           0.20004015133363012
-14.5678391959799             0.2000401746700651
-14.452261306532662           0.20004014779841586
-14.336683417085428           0.2000400862886232
-14.22110552763819            0.20004000125362978
-14.105527638190955           0.2000400967528957
-13.989949748743719           0.20003971489540226
-13.874371859296481           0.20004000238693234
-13.758793969849247           0.2000404389697267
-13.64321608040201            0.2000400387543483
-13.527638190954773           0.20004004137923037
-13.412060301507537           0.20004000899716923
-13.296482412060302           0.20004015152880403
-13.180904522613066           0.20003997014571626
-13.065326633165828           0.20003974101627464
-12.949748743718594           0.20003998650973256
-12.834170854271356           0.20003970998306098
-12.71859296482412            0.20004001011773123
-12.603015075376884           0.20003971070757495
-12.487437185929648           0.20003990561610818
-12.371859296482413           0.20003989883173506
-12.256281407035175           0.20003990591042564
-12.14070351758794            0.20003982979856508
-12.025125628140703           0.2000399729844173
-11.909547738693467           0.20003975951469843
-11.793969849246231           0.20003976751317587
-11.678391959798995           0.2000397932665038
-11.56281407035176            0.20003977847305607
-11.447236180904522           0.20003982553797536
-11.331658291457286           0.20003977831438333
-11.21608040201005            0.20003975221831785
-11.100502512562814           0.2000400038299085
-10.984924623115578           0.20003974521785575
-10.869346733668342           0.2000396888063598
-10.753768844221106           0.20003948859077986
-10.638190954773869           0.2000396909148134
-10.522613065326633           0.20003968181247725
-10.407035175879397           0.20003966265355663
-10.291457286432161           0.20003968558636598
-10.175879396984925           0.2000396406323215
-10.06030150753769            0.2000395865675273
-9.944723618090451            0.2000396122930167
-9.829145728643216            0.20003967392768432
-9.71356783919598             0.20003958702568342
-9.597989949748744            0.20003957442965978
-9.482412060301508            0.2000395801201026
-9.366834170854272            0.20003955360410217
-9.251256281407034            0.20003954967874255
-9.135678391959798            0.20003954658206496
-9.020100502512562            0.20003953585300047
-8.904522613065327            0.20003953620553147
-8.78894472361809             0.20003941705180284
-8.673366834170855            0.20003986054860554
-8.557788944723619            0.20003946200116668
-8.442211055276381            0.20003982581693974
-8.326633165829145            0.20003940704431858
-8.21105527638191             0.20003952073856976
-8.095477386934673            0.20003942963832552
-7.9798994974874375           0.20003943473722013
-7.864321608040202            0.2000394234333448
-7.748743718592964            0.2000394131655998
-7.633165829145728            0.20003940653728053
-7.517587939698492            0.2000393936968445
-7.402010050251256            0.2000393845002695
-7.28643216080402             0.2000393964493853
-7.170854271356784            0.20003937787069898
-7.055276381909547            0.20003929360733172
-6.939698492462311            0.20003934948547386
-6.824120603015075            0.20003934896705122
-6.708542713567839            0.2000393848445988
-6.592964824120603            0.2000393097603463
-6.477386934673367            0.20003924556021782
-6.361809045226131            0.20003930394791755
-6.246231155778894            0.20003924873375498
-6.130653266331658            0.20003929575765353
-6.015075376884422            0.20003929068891507
-5.899497487437186            0.20003928759933587
-5.78391959798995             0.20003927454959414
-5.668341708542714            0.20003927033750024
-5.5527638190954764           0.2000392469258533
-5.4371859296482405           0.20003917405076727
-5.321608040201005            0.2000392380811213
-5.206030150753769            0.2000392120675664
-5.090452261306533            0.20003919041317478
-4.974874371859297            0.20003922253983797
-4.859296482412061            0.200039241186539
-4.743718592964823            0.20003912795699047
-4.628140703517587            0.20003911705911398
-4.5125628140703515           0.20003901439266694
-4.396984924623116            0.20003892845362561
-4.28140703517588             0.20003881201955373
-4.165829145728644            0.2000386333686047
-4.050251256281406            0.2000384034596229
-3.934673366834172            0.20003801945796784
-3.8190954773869343           0.20003749276568175
-3.7035175879396967           0.20003672016320995
-3.5879396984924625           0.2000356089886088
-3.472361809045225            0.20003399051926551
-3.3567839195979907           0.20003164898973952
-3.241206030150753            0.2000282304627202
-3.125628140703519            0.2000232562335866
-3.0100502512562812           0.20001603584623767
-2.8944723618090435           0.20000550566536388
-2.7788944723618094           0.19999021291894464
-2.6633165829145717           0.19996802853189682
-2.5477386934673376           0.1999357985457259
-2.4321608040201              0.1998889598642575
-2.316582914572866            0.199820978601645
-2.201005025125628            0.1997223768669441
-2.0854271356783904           0.19957947070316118
-1.9698492462311563           0.19937253990853138
-1.8542713567839186           0.19907325110093854
-1.7386934673366845           0.19864095995409414
-1.6231155778894468           0.19801743716665457
-1.5075376884422127           0.19711979134825544
-1.391959798994975            0.19583003272174448
-1.2763819095477373           0.1939812643800003
-1.1608040201005032           0.1913383322711819
-1.0452261306532655           0.18757152621837772
-0.9296482412060314           0.18222119871011708
-0.8140703517587937           0.1746502293106517
-0.698492462311556            0.163980871794136
-0.5829145728643219           0.14901190433123945
-0.46733668341708423          0.1281092135837417
-0.3517587939698501           0.09906375196562701
-0.23618090452261245          0.05890635409462429
-0.12060301507537828          0.003667287401853616
-0.005025125628140596         -0.07193596618778224
0.11055276381909708           -0.17490351560136563
0.22613065326633117           -0.3144781320751628
0.34170854271356893           -0.5028248821870529
0.457286432160803             -0.7559109852206456
0.5728643216080407            -1.0946431840859274
0.6884422110552748            -1.5463374220442074
0.8040201005025125            -2.1466166187452864
0.9195979899497502            -2.941859660533232
1.0351758793969843            -3.992373313154818
1.150753768844222             -5.376555813293305
1.266331658291456             -7.196482757795664
1.3819095477386938            -9.585415121386113
1.4974874371859315            -12.717571818971681
1.6130653266331656            -16.820554486742346
1.7286432160804033            -22.19135959681548
1.8442211055276374            -29.21737432993081
1.959798994974875             -38.4039207530888
2.075376884422109             -50.410247607536164
2.190954773869347             -66.09649610152098
2.3065326633165846            -86.5849787629995
2.4221105527638187            -113.34013649826673
2.5376884422110564            -148.2728699722621
2.6532663316582905            -193.87667750868962
2.768844221105528             -255.15330385065425
