-20.0                         0.21639077287441164
-19.884422110552762           0.21639107788954762
-19.768844221105528           0.21639073182372345
-19.65326633165829            0.2163902982081132
-19.537688442211056           0.21639070687797446
-19.42211055276382            0.21639076284171246
-19.306532663316585           0.21639070330844531
-19.190954773869347           0.2163907667378829
-19.07537688442211            0.21639064280878084
-18.959798994974875           0.21639062197552184
-18.844221105527637           0.21639067840693282
-18.728643216080403           0.2163905884584509
-18.613065326633166           0.21639049119375328
-18.49748743718593            0.21639054409860867
-18.381909547738694           0.21639078586244073
-18.266331658291456           0.21639046920805347
-18.150753768844222           0.2163905087010344
-18.035175879396984           0.21639016424706958
-17.91959798994975            0.2163904320426136
-17.804020100502512           0.21639042401749592
-17.688442211055275           0.21639043970709976
-17.57286432160804            0.2163904300546766
-17.457286432160803           0.21639027512784592
-17.34170854271357            0.21639035877344354
-17.22613065326633            0.2163904003616772
-17.110552763819094           0.2163902720445741
-16.99497487437186            0.21639028965501306
-16.87939698492462            0.21639034544788532
-16.763819095477388           0.21639026882809992
-16.64824120603015            0.2163902817028062
-16.532663316582916           0.21639023108902156
-16.417085427135678           0.2163902676655398
-16.301507537688444           0.21639025072647206
-16.185929648241206           0.21639017144952644
-16.07035175879397            0.21639019660125558
-15.954773869346734           0.21639002921922784
-15.839195979899497           0.21639012116365525
-15.72361809045226            0.2163901080789332
-15.608040201005025           0.2163899979959918
-15.492462311557789           0.21639003547148877
-15.376884422110553           0.21638998620543248
-15.261306532663315           0.21639005661898997
-15.145728643216081           0.2163900080671157
-15.030150753768844           0.21639004642518955
-14.914572864321608           0.2163899167602675
-14.798994974874372           0.2163898878260432
-14.683417085427136           0.2163899496085237
-14.5678391959799             0.21638996931463797
-14.452261306532662           0.21638994453317917
-14.336683417085428           0.21638988853736557
-14.22110552763819            0.21638981912270816
-14.105527638190955           0.21638989660036517
-13.989949748743719           0.2163895658302815
-13.874371859296481           0.21638981205899102
-13.758793969849247           0.2163901774729507
-13.64321608040201            0.21638983657076372
-13.527638190954773           0.21638985920632559
-13.412060301507537           0.21638980650348613
-13.296482412060302           0.21638991982809314
-13.180904522613066           0.21638976806374785
-13.065326633165828           0.21638958191547528
-12.949748743718594           0.21638977478325452
-12.834170854271356           0.2163895338420463
-12.71859296482412            0.216389788980153
-12.603015075376884           0.21638955270409094
-12.487437185929648           0.21638969769491964
-12.371859296482413           0.21638969004843037
-12.256281407035175           0.21638969616624676
-12.14070351758794            0.21638962902336992
-12.025125628140703           0.21638974736785296
-11.909547738693467           0.21638956685405855
-11.793969849246231           0.2163895836102877
-11.678391959798995           0.21638959198953472
-11.56281407035176            0.21638957870278247
-11.447236180904522           0.21638960844904398
-11.331658291457286           0.21638957042596055
-11.21608040201005            0.21638954876420716
-11.100502512562814           0.216389762232251
-10.984924623115578           0.21638953605965908
-10.869346733668342           0.21638948923317708
-10.753768844221106           0.2163893228990211
-10.638190954773869           0.21638948572982408
-10.522613065326633           0.21638948145918296
-10.407035175879397           0.21638945811862287
-10.291457286432161           0.21638945595321676
-10.175879396984925           0.21638943666259752
-10.06030150753769            0.2163893910134414
-9.944723618090451            0.21638940963311112
-9.829145728643216            0.2163894667915399
-9.71356783919598             0.2163893742803583
-9.597989949748744            0.21638937250576543
-9.482412060301508            0.21638937603099062
-9.366834170854272            0.2163893497569765
-9.251256281407034            0.21638934544175223
-9.135678391959798            0.21638934107132612
-9.020100502512562            0.21638932612150166
-8.904522613065327            0.21638934120360634
-8.78894472361809             0.21638923688085226
-8.673366834170855            0.2163896028801443
-8.557788944723619            0.2163892579390928
-8.442211055276381            0.21638957024205843
-8.326633165829145            0.21638922277400738
-8.21105527638191             0.2163893100134087
-8.095477386934673            0.21638922983713196
-7.9798994974874375           0.21638923086868855
-7.864321608040202            0.21638922062092725
-7.748743718592964            0.21638921258760604
-7.633165829145728            0.2163892014830002
-7.517587939698492            0.21638919585104416
-7.402010050251256            0.21638917419385564
-7.28643216080402             0.21638918858097855
-7.170854271356784            0.21638917261740884
-7.055276381909547            0.21638910763303643
-6.939698492462311            0.2163891451209143
-6.824120603015075            0.21638914120223196
-6.708542713567839            0.21638917977868782
-6.592964824120603            0.2163891036341825
-6.477386934673367            0.21638904585134053
-6.361809045226131            0.21638909369236062
-6.246231155778894            0.2163890386727169
-6.130653266331658            0.2163890745670806
-6.015075376884422            0.21638906321246987
-5.899497487437186            0.2163890484696409
-5.78391959798995             0.21638902727453654
-5.668341708542714            0.2163890071986395
-5.5527638190954764           0.2163889671145711
-5.4371859296482405           0.2163888741468005
-5.321608040201005            0.2163888839107661
-5.206030150753769            0.2163888025088012
-5.090452261306533            0.21638870391987977
-4.974874371859297            0.2163886183434594
-4.859296482412061            0.21638848283098808
-4.743718592964823            0.21638818481465286
-4.628140703517587            0.21638789457333943
-4.5125628140703515           0.2163874220789989
-4.396984924623116            0.2163868188093662
-4.28140703517588             0.21638599425077307
-4.165829145728644            0.21638484899113455
-4.050251256281406            0.21638329441678683
-3.934673366834172            0.21638110305369404
-3.8190954773869343           0.21637810632991944
-3.7035175879396967           0.21637396668868678
-3.5879396984924625           0.21636826143150747
-3.472361809045225            0.21636038572313987
-3.3567839195979907           0.21634952770847485
-3.241206030150753            0.2163345366800146
-3.125628140703519            0.21631385064021105
-3.0100502512562812           0.21628532938978934
-2.8944723618090435           0.21624596903765214
-2.7788944723618094           0.21619171618799768
-2.6633165829145717           0.2161169708235356
-2.5477386934673376           0.21601398597899701
-2.4321608040201              0.21587212221556223
-2.316582914572866            0.2156768384331269
-2.201005025125628            0.21540817590692388
-2.0854271356783904           0.2150388104875981
-1.9698492462311563           0.214531390160888
-1.8542713567839186           0.21383496484978257
-1.7386934673366845           0.21288013804668207
-1.6231155778894468           0.2115725347305968
-1.5075376884422127           0.2097843089989893
-1.391959798994975            0.20734238847421485
-1.2763819095477373           0.2040134038720861
-1.1608040201005032           0.19948345954494914
-1.0452261306532655           0.1933315454615142
-0.9296482412060314           0.18499472576825934
-0.8140703517587937           0.17372236982601927
-0.698492462311556            0.15851616378966493
-0.5829145728643219           0.13805191098605157
-0.46733668341708423          0.11057624600563538
-0.3517587939698501           0.0737716902651358
-0.23618090452261245          0.0245789946272868
-0.12060301507537828          -0.04103626148924153
-0.005025125628140596         -0.12839024887648612
0.11055276381909708           -0.2444823263712245
0.22613065326633117           -0.3985195755960231
0.34170854271356893           -0.6025989008232375
0.457286432160803             -0.872592047218206
0.5728643216080407            -1.229290075970894
0.6884422110552748            -1.6998810959627628
0.8040201005025125            -2.319856032504391
0.9195979899497502            -3.1354650928370256
1.0351758793969843            -4.206896998232582
1.150753768844222             -5.61245012358786
1.266331658291456             -7.4541223756669055
1.3819095477386938            -9.86511271489564
1.4974874371859315            -13.019581871916717
1.6130653266331656            -17.145074793965325
1.7286432160804033            -22.538539016668512
1.8442211055276374            -29.587324020070028
1.959798994974875             -38.79672402167884
2.075376884422109             -50.825967201077816
2.190954773869347             -66.53517946996023
2.3065326633165846            -87.04666190033436
2.4221105527638187            -113.8248467738171
2.5376884422110564            -148.780628235556
2.6532663316582905            -194.40749966460194
2.768844221105528             -255.70707269487536
