-20.0                         0.8888162790417246
-19.884422110552762           0.8888172361158745
-19.768844221105528           0.8888161603992607
-19.65326633165829            0.8888151486763421
-19.537688442211056           0.8888161710016479
-19.42211055276382            0.8888160259178183
-19.306532663316585           0.8888163254225623
-19.190954773869347           0.8888149602202227
-19.07537688442211            0.8888163447916112
-18.959798994974875           0.8888160310516611
-18.844221105527637           0.8888172765042818
-18.728643216080403           0.8888159505945271
-18.613065326633166           0.8888161380852033
-18.49748743718593            0.8888159722142995
-18.381909547738694           0.8888181073632014
-18.266331658291456           0.8888158211928684
-18.150753768844222           0.8888159003989291
-18.035175879396984           0.8888159231175787
-17.91959798994975            0.8888158654566536
-17.804020100502512           0.8888162714278747
-17.688442211055275           0.8888160850591744
-17.57286432160804            0.8888155784963236
-17.457286432160803           0.8888155970507249
-17.34170854271357            0.8888158025883013
-17.22613065326633            0.8888158897816784
-17.110552763819094           0.8888155485346125
-16.99497487437186            0.8888159689120054
-16.87939698492462            0.8888155606835813
-16.763819095477388           0.8888161628379785
-16.64824120603015            0.8888156166639616
-16.532663316582916           0.8888156000320092
-16.417085427135678           0.8888156016861146
-16.301507537688444           0.8888150906644308
-16.185929648241206           0.8888156089268084
-16.07035175879397            0.8888158393711346
-15.954773869346734           0.8888146104219965
-15.839195979899497           0.8888155106582488
-15.72361809045226            0.8888155956651039
-15.608040201005025           0.888816139963906
-15.492462311557789           0.8888154879447092
-15.376884422110553           0.8888153591277208
-15.261306532663315           0.8888155852515309
-15.145728643216081           0.8888154885263913
-15.030150753768844           0.888816311322091
-14.914572864321608           0.8888152415674271
-14.798994974874372           0.8888145708792088
-14.683417085427136           0.8888154838578188
-14.5678391959799             0.8888154107505031
-14.452261306532662           0.888815370470306
-14.336683417085428           0.8888153029046797
-14.22110552763819            0.888815684058288
-14.105527638190955           0.8888152557571515
-13.989949748743719           0.888814411158988
-13.874371859296481           0.8888151127492684
-13.758793969849247           0.8888158319880328
-13.64321608040201            0.8888152066714587
-13.527638190954773           0.8888145999181694
-13.412060301507537           0.8888152364817661
-13.296482412060302           0.8888151398330322
-13.180904522613066           0.8888153500057363
-13.065326633165828           0.8888148135800659
-12.949748743718594           0.8888152406335725
-12.834170854271356           0.8888147601996375
-12.71859296482412            0.8888154110493879
-12.603015075376884           0.8888146564712223
-12.487437185929648           0.8888152437782566
-12.371859296482413           0.8888150467425282
-12.256281407035175           0.8888153034917715
-12.14070351758794            0.8888150860101525
-12.025125628140703           0.8888149719043975
-11.909547738693467           0.888814916903412
-11.793969849246231           0.8888148047164842
-11.678391959798995           0.8888150596481407
-11.56281407035176            0.8888150072659302
-11.447236180904522           0.8888153410497139
-11.331658291457286           0.8888150719108306
-11.21608040201005            0.888814994516253
-11.100502512562814           0.8888153281323983
-10.984924623115578           0.8888150590206251
-10.869346733668342           0.8888149235410923
-10.753768844221106           0.8888143116193673
-10.638190954773869           0.8888150465144199
-10.522613065326633           0.8888148454211353
-10.407035175879397           0.888815045657173
-10.291457286432161           0.8888156437320929
-10.175879396984925           0.8888148983818268
-10.06030150753769            0.8888147681097355
-9.944723618090451            0.8888148912936622
-9.829145728643216            0.888814605443319
-9.71356783919598             0.8888153116507647
-9.597989949748744            0.8888148677967347
-9.482412060301508            0.8888148401922348
-9.366834170854272            0.888814926938931
-9.251256281407034            0.8888148438448689
-9.135678391959798            0.888814790696594
-9.020100502512562            0.8888149681024613
-8.904522613065327            0.8888144523642032
-8.78894472361809             0.8888143654025858
-8.673366834170855            0.8888157883379639
-8.557788944723619            0.8888148008764459
-8.442211055276381            0.8888157285023165
-8.326633165829145            0.8888143905984482
-8.21105527638191             0.8888145745137731
-8.095477386934673            0.888814821877596
-7.9798994974874375           0.8888147429672547
-7.864321608040202            0.8888146999915936
-7.748743718592964            0.8888146365918274
-7.633165829145728            0.8888147422466869
-7.517587939698492            0.8888144973011459
-7.402010050251256            0.8888149657886507
-7.28643216080402             0.8888147097763357
-7.170854271356784            0.8888146443969183
-7.055276381909547            0.8888143844283998
-6.939698492462311            0.8888146291013517
-6.824120603015075            0.8888146511244197
-6.708542713567839            0.8888145162728598
-6.592964824120603            0.8888146158336917
-6.477386934673367            0.8888145778831666
-6.361809045226131            0.8888146041026646
-6.246231155778894            0.8888145034529822
-6.130653266331658            0.8888145914838622
-6.015075376884422            0.8888145963182434
-5.899497487437186            0.8888146555354115
-5.78391959798995             0.8888145429527808
-5.668341708542714            0.8888145601131334
-5.5527638190954764           0.8888144147105164
-5.4371859296482405           0.8888142929794265
-5.321608040201005            0.8888144144528523
-5.206030150753769            0.8888144769278942
-5.090452261306533            0.8888145601612613
-4.974874371859297            0.8888145163933857
-4.859296482412061            0.8888146996530417
-4.743718592964823            0.8888145030652794
-4.628140703517587            0.8888145927920181
-4.5125628140703515           0.8888144409890819
-4.396984924623116            0.8888144590156273
-4.28140703517588             0.8888144804973347
-4.165829145728644            0.888814457399242
-4.050251256281406            0.8888143782073835
-3.934673366834172            0.8888144763584491
-3.8190954773869343           0.8888144901588845
-3.7035175879396967           0.8888144335065176
-3.5879396984924625           0.88881444450695
-3.472361809045225            0.8888144312944037
-3.3567839195979907           0.8888144511938293
-3.241206030150753            0.8888143997051581
-3.125628140703519            0.8888143930875964
-3.0100502512562812           0.8888143972029988
-2.8944723618090435           0.8888144196575425
-2.7788944723618094           0.8888142818427798
-2.6633165829145717           0.8888143714588836
-2.5477386934673376           0.8888143784841134
-2.4321608040201              0.8888143730897433
-2.316582914572866            0.8888143753878683
-2.201005025125628            0.8888143886416267
-2.0854271356783904           0.8888143775898562
-1.9698492462311563           0.8888143389159476
-1.8542713567839186           0.888814281480752
-1.7386934673366845           0.8888142993769181
-1.6231155778894468           0.8888142418881018
-1.5075376884422127           0.888814269290778
-1.391959798994975            0.8888141344886744
-1.2763819095477373           0.8888138385213274
-1.1608040201005032           0.8888130411462144
-1.0452261306532655           0.8888109086183577
-0.9296482412060314           0.8888053757356705
-0.8140703517587937           0.8887911533941739
-0.698492462311556            0.8887543754813075
-0.5829145728643219           0.8886617091198697
-0.46733668341708423          0.8884312800688391
-0.3517587939698501           0.887870141405607
-0.23618090452261245          0.8865390240608408
-0.12060301507537828          0.8834828474851985
-0.005025125628140596         0.8767409716732348
0.11055276381909708           0.8625570898075344
0.22613065326633117           0.8342817800332305
0.34170854271356893           0.7810956482674517
0.457286432160803             0.6867740673600988
0.5728643216080407            0.5286279902104478
0.6884422110552748            0.276500417498751
0.8040201005025125            -0.10852033340936527
0.9195979899497502            -0.676033555699046
1.0351758793969843            -1.4891728643401612
1.150753768844222             -2.628600065565115
1.266331658291456             -4.198048623442247
1.3819095477386938            -6.33197593775484
1.4974874371859315            -9.205588281067458
1.6130653266331656            -13.047368625285062
1.7286432160804033            -18.155033242145304
1.8442211055276374            -24.91649829391886
1.959798994974875             -33.837460584729875
2.075376884422109             -45.57743632564098
2.190954773869347             -60.996760571151206
2.3065326633165846            -81.21788814050362
2.4221105527638187            -107.70536542677392
2.5376884422110564            -142.37017189934323
2.6532663316582905            -187.70586510726923
2.768844221105528             -248.71574103658392
