-20.0                         0.2735645317154456
-19.884422110552762           0.2735650776580757
-19.768844221105528           0.27356447779320464
-19.65326633165829            0.27356378717638463
-19.537688442211056           0.27356444740961766
-19.42211055276382            0.273564521030455
-19.306532663316585           0.27356453870941055
-19.190954773869347           0.2735642573868044
-19.07537688442211            0.273564459189693
-18.959798994974875           0.27356436126694605
-18.844221105527637           0.2735648483011411
-18.728643216080403           0.27356438260588084
-18.613065326633166           0.27356424511397615
-18.49748743718593            0.27356430024682615
-18.381909547738694           0.2735651699901079
-18.266331658291456           0.27356418418679457
-18.150753768844222           0.2735642621548786
-18.035175879396984           0.2735638030744328
-17.91959798994975            0.27356418181427766
-17.804020100502512           0.2735642614275367
-17.688442211055275           0.27356434387820794
-17.57286432160804            0.273564166631632
-17.457286432160803           0.2735639676973989
-17.34170854271357            0.273564158767543
-17.22613065326633            0.2735643043917701
-17.110552763819094           0.2735639402350846
-16.99497487437186            0.2735640577160599
-16.87939698492462            0.27356418307366787
-16.763819095477388           0.2735641228858376
-16.64824120603015            0.27356408959929307
-16.532663316582916           0.2735639111305383
-16.417085427135678           0.27356399901726525
-16.301507537688444           0.27356392619948355
-16.185929648241206           0.27356393515286787
-16.07035175879397            0.273563991798387
-15.954773869346734           0.2735634997121088
-15.839195979899497           0.2735638513516007
-15.72361809045226            0.27356385545583145
-15.608040201005025           0.2735637666309963
-15.492462311557789           0.27356377532865317
-15.376884422110553           0.2735635765896572
-15.261306532663315           0.2735638416003887
-15.145728643216081           0.27356374632959024
-15.030150753768844           0.2735640631535923
-14.914572864321608           0.27356361346688507
-14.798994974874372           0.27356335076102456
-14.683417085427136           0.2735637095859208
-14.5678391959799             0.27356372225388026
-14.452261306532662           0.2735636895709898
-14.336683417085428           0.2735636220138568
-14.22110552763819            0.27356353120073507
-14.105527638190955           0.2735636241448348
-13.989949748743719           0.27356308046989114
-13.874371859296481           0.2735635076225376
-13.758793969849247           0.2735641406201339
-13.64321608040201            0.2735635765538577
-13.527638190954773           0.27356343934524774
-13.412060301507537           0.2735635525702404
-13.296482412060302           0.2735637511757657
-13.180904522613066           0.27356352753438645
-13.065326633165828           0.2735631592009969
-12.949748743718594           0.27356356345209726
-12.834170854271356           0.27356317881401654
-12.71859296482412            0.27356362422967195
-12.603015075376884           0.27356310859853733
-12.487437185929648           0.27356348412763426
-12.371859296482413           0.27356346489474254
-12.256281407035175           0.273563489132879
-12.14070351758794            0.2735633764842604
-12.025125628140703           0.273563555408082
-11.909547738693467           0.27356327624085536
-11.793969849246231           0.27356322183843484
-11.678391959798995           0.27356333869869137
-11.56281407035176            0.27356331749670376
-11.447236180904522           0.27356344007844474
-11.331658291457286           0.27356334877561284
-11.21608040201005            0.273563302811022
-11.100502512562814           0.2735636501218392
-10.984924623115578           0.2735633219035615
-10.869346733668342           0.2735632297728266
-10.753768844221106           0.27356290456163035
-10.638190954773869           0.27356325545213206
-10.522613065326633           0.27356321213448437
-10.407035175879397           0.2735632332643434
-10.291457286432161           0.2735633893234814
-10.175879396984925           0.2735631967660895
-10.06030150753769            0.27356311233238995
-9.944723618090451            0.273563164213904
-9.829145728643216            0.2735631917806129
-9.71356783919598             0.2735632273065447
-9.597989949748744            0.27356312517921455
-9.482412060301508            0.27356313175239827
-9.366834170854272            0.27356312151541884
-9.251256281407034            0.2735631086626136
-9.135678391959798            0.27356310607964673
-9.020100502512562            0.2735631359991481
-8.904522613065327            0.27356301832304974
-8.78894472361809             0.27356287858361783
-8.673366834170855            0.27356361241350086
-8.557788944723619            0.273563026434141
-8.442211055276381            0.27356357005823534
-8.326633165829145            0.2735628812702804
-8.21105527638191             0.2735630656376263
-8.095477386934673            0.2735629802467179
-7.9798994974874375           0.27356299371020615
-7.864321608040202            0.2735629751547134
-7.748743718592964            0.273562954084639
-7.633165829145728            0.2735629711508675
-7.517587939698492            0.2735629046649517
-7.402010050251256            0.2735629975385665
-7.28643216080402             0.27356296535178787
-7.170854271356784            0.2735629331160257
-7.055276381909547            0.27356277638359944
-6.939698492462311            0.27356290148643536
-6.824120603015075            0.2735629129023376
-6.708542713567839            0.27356291407886135
-6.592964824120603            0.2735628638960673
-6.477386934673367            0.2735627828817719
-6.361809045226131            0.2735628549277271
-6.246231155778894            0.2735627908692126
-6.130653266331658            0.2735628599875899
-6.015075376884422            0.2735628578914598
-5.899497487437186            0.27356287516968775
-5.78391959798995             0.2735628365629707
-5.668341708542714            0.27356283393920133
-5.5527638190954764           0.27356278096602554
-5.4371859296482405           0.2735626879011628
-5.321608040201005            0.27356279040455217
-5.206030150753769            0.273562775739676
-5.090452261306533            0.27356277046028843
-4.974874371859297            0.2735628414822512
-4.859296482412061            0.2735629116272931
-4.743718592964823            0.27356277330116285
-4.628140703517587            0.2735628150378111
-4.5125628140703515           0.273562736246314
-4.396984924623116            0.2735627395321576
-4.28140703517588             0.27356274462428076
-4.165829145728644            0.2735627303281034
-4.050251256281406            0.2735627379430544
-3.934673366834172            0.27356272608940146
-3.8190954773869343           0.2735627246169703
-3.7035175879396967           0.2735626986943373
-3.5879396984924625           0.27356269212853723
-3.472361809045225            0.27356267825817165
-3.3567839195979907           0.2735626784373912
-3.241206030150753            0.2735626467002428
-3.125628140703519            0.2735626168779911
-3.0100502512562812           0.27356257997123257
-2.8944723618090435           0.2735624813456783
-2.7788944723618094           0.27356231449397495
-2.6633165829145717           0.27356212464545027
-2.5477386934673376           0.27356177423889305
-2.4321608040201              0.2735611095587609
-2.316582914572866            0.273559947678914
-2.201005025125628            0.27355791617553293
-2.0854271356783904           0.27355434950571034
-1.9698492462311563           0.27354808994930385
-1.8542713567839186           0.2735371549853331
-1.7386934673366845           0.27351812547585924
-1.6231155778894468           0.27348490369205686
-1.5075376884422127           0.27342724265835544
-1.391959798994975            0.27332721035384777
-1.2763819095477373           0.2731543374181119
-1.1608040201005032           0.27285682949931245
-1.0452261306532655           0.27234727085469684
-0.9296482412060314           0.2714796921837636
-0.8140703517587937           0.27001292352925016
-0.698492462311556            0.2675538175941719
-0.5829145728643219           0.2634723062908065
-0.46733668341708423          0.256776311474669
-0.3517587939698501           0.24593720584952303
-0.23618090452261245          0.22865391834295964
-0.12060301507537828          0.20154784193139869
-0.005025125628140596         0.15978224906231045
0.11055276381909708           0.0966000469155021
0.22613065326633117           0.0027667342638178546
0.34170854271356893           -0.13410718784732725
0.457286432160803             -0.3304111665422719
0.5728643216080407            -0.6076145758024931
0.6884422110552748            -0.9936712249270808
0.8040201005025125            -1.5248575358035084
0.9195979899497502            -2.2481743114657045
1.0351758793969843            -3.2244827117368007
1.150753768844222             -4.532638304036226
1.266331658291456             -6.275063942327175
1.3819095477386938            -8.585287181334223
1.4974874371859315            -11.637765349526473
1.6130653266331656            -15.660325070556304
1.7286432160804033            -20.950153168806672
1.8442211055276374            -27.894781010628094
1.959798994974875             -36.999635596129025
2.075376884422109             -48.924042210953594
2.190954773869347             -64.52819847699242
2.3065326633165846            -84.9344588682015
2.4221105527638187            -111.60729569545136
2.5376884422110564            -146.45763326276622
2.6532663316582905            -191.97898776317678
2.768844221105528             -253.1735802325638
