-20.0                         0.312655436011068
-19.884422110552762           0.31265602258411124
-19.768844221105528           0.31265537836453217
-19.65326633165829            0.3126546448532817
-19.537688442211056           0.3126553445872348
-19.42211055276382            0.31265541067800035
-19.306532663316585           0.3126554585958966
-19.190954773869347           0.31265507387643476
-19.07537688442211            0.3126553749209051
-18.959798994974875           0.31265525629499935
-18.844221105527637           0.31265584198101054
-18.728643216080403           0.3126552878474996
-18.613065326633166           0.31265515310472314
-18.49748743718593            0.31265520131294944
-18.381909547738694           0.31265620115972936
-18.266331658291456           0.31265507677578575
-18.150753768844222           0.31265515803693184
-18.035175879396984           0.31265470871136847
-17.91959798994975            0.31265508252076224
-17.804020100502512           0.31265518652697194
-17.688442211055275           0.3126552734327795
-17.57286432160804            0.3126550484445852
-17.457286432160803           0.31265485768977114
-17.34170854271357            0.3126550675740265
-17.22613065326633            0.3126552258226866
-17.110552763819094           0.31265482510566467
-16.99497487437186            0.3126549676674569
-16.87939698492462            0.3126550839704345
-16.763819095477388           0.31265504906361186
-16.64824120603015            0.31265499241965383
-16.532663316582916           0.31265479266591945
-16.417085427135678           0.31265489053870144
-16.301507537688444           0.3126547882237697
-16.185929648241206           0.3126548368064721
-16.07035175879397            0.31265490247419736
-15.954773869346734           0.3126543418404778
-15.839195979899497           0.31265474639227336
-15.72361809045226            0.3126547542587674
-15.608040201005025           0.31265469691963105
-15.492462311557789           0.3126546739076887
-15.376884422110553           0.31265445292310495
-15.261306532663315           0.31265474826889117
-15.145728643216081           0.31265464542797944
-15.030150753768844           0.31265502630142866
-14.914572864321608           0.3126545037648682
-14.798994974874372           0.31265419237440956
-14.683417085427136           0.31265461320180266
-14.5678391959799             0.3126546180033976
-14.452261306532662           0.31265458433621746
-14.336683417085428           0.3126545185030559
-14.22110552763819            0.3126544434636516
-14.105527638190955           0.31265451566689995
-13.989949748743719           0.3126539388384203
-13.874371859296481           0.31265439654990995
-13.758793969849247           0.3126550599370628
-13.64321608040201            0.3126544703204061
-13.527638190954773           0.3126542899820197
-13.412060301507537           0.3126544491153471
-13.296482412060302           0.3126546452526604
-13.180904522613066           0.31265443172381574
-13.065326633165828           0.3126540363316863
-12.949748743718594           0.31265446616015435
-12.834170854271356           0.31265406200932494
-12.71859296482412            0.3126545365337749
-12.603015075376884           0.31265397804720574
-12.487437185929648           0.3126543911753859
-12.371859296482413           0.31265436356507387
-12.256281407035175           0.31265439813097573
-12.14070351758794            0.31265427551622743
-12.025125628140703           0.3126544476224453
-11.909547738693467           0.3126541683227037
-11.793969849246231           0.3126540967842102
-11.678391959798995           0.3126542372606343
-11.56281407035176            0.3126542144382325
-11.447236180904522           0.31265435661947905
-11.331658291457286           0.31265425224643
-11.21608040201005            0.31265420156114454
-11.100502512562814           0.3126545610914415
-10.984924623115578           0.31265422700763656
-10.869346733668342           0.31265412728636194
-10.753768844221106           0.312653772865422
-10.638190954773869           0.3126541595150379
-10.522613065326633           0.31265410491062634
-10.407035175879397           0.3126541409083258
-10.291457286432161           0.3126543347945125
-10.175879396984925           0.31265409728132476
-10.06030150753769            0.3126540062603428
-9.944723618090451            0.3126540642528726
-9.829145728643216            0.31265407276868323
-9.71356783919598             0.3126541583996874
-9.597989949748744            0.3126540255612551
-9.482412060301508            0.31265403067733694
-9.366834170854272            0.3126540279816871
-9.251256281407034            0.31265401051144803
-9.135678391959798            0.31265400638170376
-9.020100502512562            0.3126540510530761
-8.904522613065327            0.31265389454996223
-8.78894472361809             0.31265375632578074
-8.673366834170855            0.3126545591247707
-8.557788944723619            0.31265393077801373
-8.442211055276381            0.3126545149947857
-8.326633165829145            0.3126537616341278
-8.21105527638191             0.31265395530311607
-8.095477386934673            0.31265388393964316
-7.9798994974874375           0.3126538962365072
-7.864321608040202            0.31265387527118466
-7.748743718592964            0.31265385114344046
-7.633165829145728            0.3126538751940112
-7.517587939698492            0.31265379132975996
-7.402010050251256            0.3126539188968519
-7.28643216080402             0.3126538691745153
-7.170854271356784            0.3126538332389439
-7.055276381909547            0.3126536611530294
-6.939698492462311            0.3126538016767232
-6.824120603015075            0.3126538158068677
-6.708542713567839            0.31265380552095906
-6.592964824120603            0.31265376569374653
-6.477386934673367            0.31265368386815007
-6.361809045226131            0.31265375563232434
-6.246231155778894            0.3126536894521026
-6.130653266331658            0.3126537628656423
-6.015075376884422            0.3126537619321997
-5.899497487437186            0.3126537847917519
-5.78391959798995             0.31265373744045977
-5.668341708542714            0.3126537353596877
-5.5527638190954764           0.31265367273935424
-5.4371859296482405           0.3126535768292057
-5.321608040201005            0.3126536840341861
-5.206030150753769            0.3126536731823883
-5.090452261306533            0.3126536729167646
-4.974874371859297            0.312653744538854
-4.859296482412061            0.3126538240008405
-4.743718592964823            0.31265367604468103
-4.628140703517587            0.31265372134781616
-4.5125628140703515           0.3126536343704899
-4.396984924623116            0.31265364085697345
-4.28140703517588             0.3126536475566166
-4.165829145728644            0.31265363198727175
-4.050251256281406            0.31265363462328294
-3.934673366834172            0.3126536302187851
-3.8190954773869343           0.31265363053272405
-3.7035175879396967           0.3126536025238465
-3.5879396984924625           0.31265359833689144
-3.472361809045225            0.31265358736905596
-3.3567839195979907           0.31265359443652113
-3.241206030150753            0.3126535682138597
-3.125628140703519            0.31265355611413653
-3.0100502512562812           0.31265354790943695
-2.8944723618090435           0.3126534997241962
-2.7788944723618094           0.3126534098545392
-2.6633165829145717           0.3126533687251651
-2.5477386934673376           0.3126532665929148
-2.4321608040201              0.31265302744434187
-2.316582914572866            0.3126525943453115
-2.201005025125628            0.312651807925426
-2.0854271356783904           0.31265035897366766
-1.9698492462311563           0.3126476920803098
-1.8542713567839186           0.31264283122781117
-1.7386934673366845           0.31263403468255485
-1.6231155778894468           0.31261795155499017
-1.5075376884422127           0.3125888413660532
-1.391959798994975            0.31253604004138247
-1.2763819095477373           0.3124407041043791
-1.1608040201005032           0.3122693217528822
-1.0452261306532655           0.3119627245862305
-0.9296482412060314           0.31141763336526107
-0.8140703517587937           0.31045566435897354
-0.698492462311556            0.3087729764261619
-0.5829145728643219           0.30586148589249423
-0.46733668341708423          0.3008874778258924
-0.3517587939698501           0.29251553745265635
-0.23618090452261245          0.27866271469033294
-0.12060301507537828          0.2561734816006291
-0.005025125628140596         0.22041093833750156
0.11055276381909708           0.16476413268474957
0.22613065326633117           0.08006724083986594
0.34170854271356893           -0.04608740743454436
0.457286432160803             -0.23018665523225856
0.5728643216080407            -0.49385564167994495
0.6884422110552748            -0.8652358822360388
0.8040201005025125            -1.380798971704793
0.9195979899497502            -2.087730041960241
1.0351758793969843            -3.0470517734596823
1.150753768844222             -4.337750597214874
1.266331658291456             -6.06234688852225
1.3819095477386938            -8.354440772643262
1.4974874371859315            -11.388551926157794
1.6130653266331656            -15.392564188850907
1.7286432160804033            -20.66371192984459
1.8442211055276374            -27.589561976126213
1.959798994974875             -36.675566779660194
2.075376884422109             -48.58106998328832
2.190954773869347             -64.1662826193748
2.3065326633165846            -84.55356906530317
2.4221105527638187            -111.20740900756323
2.5376884422110564            -146.03873227948677
2.6532663316582905            -191.5410592407658
2.768844221105528             -252.7167209360814
