-20.0                         0.9701711226410861
-19.884422110552762           0.9701721293050692
-19.768844221105528           0.9701709956471428
-19.65326633165829            0.9701699708570445
-19.537688442211056           0.970171032164133
-19.42211055276382            0.9701708475622132
-19.306532663316585           0.9701711523878189
-19.190954773869347           0.9701697062992112
-19.07537688442211            0.9701712092446421
-18.959798994974875           0.9701708787961355
-18.844221105527637           0.9701721480476976
-18.728643216080403           0.9701707572111257
-18.613065326633166           0.9701710161731836
-18.49748743718593            0.9701708059777584
-18.381909547738694           0.9701730530620175
-18.266331658291456           0.9701706629781879
-18.150753768844222           0.9701707402535216
-18.035175879396984           0.9701708511574455
-17.91959798994975            0.9701707019088353
-17.804020100502512           0.9701711478622091
-17.688442211055275           0.9701708937780573
-17.57286432160804            0.970170401951174
-17.457286432160803           0.9701704400334327
-17.34170854271357            0.9701706197256362
-17.22613065326633            0.9701706814131793
-17.110552763819094           0.9701703939498398
-16.99497487437186            0.970170840273513
-16.87939698492462            0.9701703407012863
-16.763819095477388           0.9701710490051146
-16.64824120603015            0.9701704250477281
-16.532663316582916           0.9701704803038569
-16.417085427135678           0.9701704384302389
-16.301507537688444           0.9701698844277258
-16.185929648241206           0.9701704476481503
-16.07035175879397            0.9701707008205317
-15.954773869346734           0.9701693991624221
-15.839195979899497           0.970170354313925
-15.72361809045226            0.9701704568417938
-15.608040201005025           0.9701710841649356
-15.492462311557789           0.9701703388481211
-15.376884422110553           0.9701702569717301
-15.261306532663315           0.9701704316782056
-15.145728643216081           0.9701703448484655
-15.030150753768844           0.9701711859266602
-14.914572864321608           0.9701700839963797
-14.798994974874372           0.9701693869441418
-14.683417085427136           0.9701703413416831
-14.5678391959799             0.9701702674970668
-14.452261306532662           0.9701702269041137
-14.336683417085428           0.9701701497635005
-14.22110552763819            0.970170607312542
-14.105527638190955           0.9701701011574324
-13.989949748743719           0.9701692266034866
-13.874371859296481           0.970169952057451
-13.758793969849247           0.9701706599342756
-13.64321608040201            0.9701700487508141
-13.527638190954773           0.9701693965636056
-13.412060301507537           0.9701700862742995
-13.296482412060302           0.9701699338611024
-13.180904522613066           0.9701702170945294
-13.065326633165828           0.9701696772191768
-12.949748743718594           0.9701700802077027
-12.834170854271356           0.9701696004477466
-12.71859296482412            0.9701702624320552
-12.603015075376884           0.970169506917146
-12.487437185929648           0.9701700930201386
-12.371859296482413           0.9701698729319921
-12.256281407035175           0.9701701602330498
-12.14070351758794            0.9701699364992983
-12.025125628140703           0.9701697734801958
-11.909547738693467           0.9701697600483004
-11.793969849246231           0.9701696638094116
-11.678391959798995           0.9701699139020501
-11.56281407035176            0.9701698553927098
-11.447236180904522           0.9701702113787716
-11.331658291457286           0.9701699197666626
-11.21608040201005            0.9701698415803127
-11.100502512562814           0.9701701613676044
-10.984924623115578           0.970169907816686
-10.869346733668342           0.9701697723148525
-10.753768844221106           0.9701691323520162
-10.638190954773869           0.9701699085532063
-10.522613065326633           0.9701696876130658
-10.407035175879397           0.9701699017987464
-10.291457286432161           0.9701705511403877
-10.175879396984925           0.970169744769069
-10.06030150753769            0.9701696124157977
-9.944723618090451            0.9701697457492204
-9.829145728643216            0.9701694187861913
-9.71356783919598             0.9701701950372092
-9.597989949748744            0.9701697239213773
-9.482412060301508            0.9701696915671464
-9.366834170854272            0.9701697867777743
-9.251256281407034            0.9701696963790815
-9.135678391959798            0.9701696356603773
-9.020100502512562            0.9701698184762162
-8.904522613065327            0.9701692741726764
-8.78894472361809             0.9701691925881898
-8.673366834170855            0.9701706831533876
-8.557788944723619            0.9701696582687912
-8.442211055276381            0.9701706216182813
-8.326633165829145            0.9701692196586625
-8.21105527638191             0.9701693967035199
-8.095477386934673            0.9701696926597126
-7.9798994974874375           0.9701695957801738
-7.864321608040202            0.9701695520690607
-7.748743718592964            0.9701694831002784
-7.633165829145728            0.9701695992263919
-7.517587939698492            0.9701693417652314
-7.402010050251256            0.9701698387425587
-7.28643216080402             0.970169561316297
-7.170854271356784            0.970169493968208
-7.055276381909547            0.970169229910904
-6.939698492462311            0.9701694821171982
-6.824120603015075            0.9701695025624512
-6.708542713567839            0.9701693530020535
-6.592964824120603            0.9701694714711587
-6.477386934673367            0.9701694434291517
-6.361809045226131            0.9701694608131384
-6.246231155778894            0.9701693543228469
-6.130653266331658            0.9701694409315749
-6.015075376884422            0.9701694440706774
-5.899497487437186            0.9701695044517108
-5.78391959798995             0.970169390564
-5.668341708542714            0.9701694111458784
-5.5527638190954764           0.9701692603066279
-5.4371859296482405           0.9701691322742045
-5.321608040201005            0.9701692557693323
-5.206030150753769            0.9701693296870316
-5.090452261306533            0.9701694224988718
-4.974874371859297            0.970169355376629
-4.859296482412061            0.9701695511502483
-4.743718592964823            0.9701693522767861
-4.628140703517587            0.9701694489017032
-4.5125628140703515           0.9701692933000989
-4.396984924623116            0.9701693084374251
-4.28140703517588             0.9701693311637929
-4.165829145728644            0.9701693087448199
-4.050251256281406            0.9701692181410713
-3.934673366834172            0.9701693293050708
-3.8190954773869343           0.9701693449273209
-3.7035175879396967           0.9701692852242698
-3.5879396984924625           0.9701692988171778
-3.472361809045225            0.9701692850746925
-3.3567839195979907           0.9701693048347576
-3.241206030150753            0.9701692538484661
-3.125628140703519            0.9701692440412151
-3.0100502512562812           0.9701692476972212
-2.8944723618090435           0.9701692789383444
-2.7788944723618094           0.9701691293080701
-2.6633165829145717           0.9701692277195086
-2.5477386934673376           0.9701692305508527
-2.4321608040201              0.970169224784396
-2.316582914572866            0.9701692280008046
-2.201005025125628            0.9701692416907277
-2.0854271356783904           0.9701692299630602
-1.9698492462311563           0.9701691907234912
-1.8542713567839186           0.9701691324364202
-1.7386934673366845           0.9701691544456692
-1.6231155778894468           0.9701691043023067
-1.5075376884422127           0.9701691578045166
-1.391959798994975            0.9701690775693492
-1.2763819095477373           0.9701689325759018
-1.1608040201005032           0.970168509007408
-1.0452261306532655           0.9701673075503221
-0.9296482412060314           0.9701640690078306
-0.8140703517587937           0.9701554460638606
-0.698492462311556            0.9701320443421585
-0.5829145728643219           0.9700707263897133
-0.46733668341708423          0.9699118494312688
-0.3517587939698501           0.9695088006076462
-0.23618090452261245          0.9685131089615244
-0.12060301507537828          0.9661338554594748
-0.005025125628140596         0.9606775024813943
0.11055276381909708           0.948766221113926
0.22613065326633117           0.9241976607351945
0.34170854271356893           0.8765632739851098
0.457286432160803             0.7898863635547051
0.5728643216080407            0.6414895518708336
0.6884422110552748            0.4010140725644688
0.8040201005025125            0.02922356635294227
0.9195979899497502            -0.5238322825956657
1.0351758793969843            -1.321600713439199
1.150753768844222             -2.4449910200755807
1.266331658291456             -3.9979127014896036
1.3819095477386938            -6.11494299310661
1.4974874371859315            -8.971378949860393
1.6130653266331656            -12.795779457127034
1.7286432160804033            -17.88592013877352
1.8442211055276374            -24.62975909340645
1.959798994974875             -33.533021765520765
2.075376884422109             -45.2552441948093
2.190954773869347             -60.656775465688234
2.3065326633165846            -80.86008050526783
2.4221105527638187            -107.32971309204841
2.5376884422110564            -141.9766581510219
2.6532663316582905            -187.29447729588912
2.768844221105528             -248.28657018231254
