-20.0                         0.2126024134044835
-19.884422110552762           0.2126027266458636
-19.768844221105528           0.21260237206818064
-19.65326633165829            0.2126019294597978
-19.537688442211056           0.21260234735069003
-19.42211055276382            0.21260240526583304
-19.306532663316585           0.21260234573114678
-19.190954773869347           0.2126024051417294
-19.07537688442211            0.2126022848956352
-18.959798994974875           0.21260226272846228
-18.844221105527637           0.2126023281233977
-18.728643216080403           0.21260223023457073
-18.613065326633166           0.21260213087805252
-18.49748743718593            0.21260218485715407
-18.381909547738694           0.21260244308857554
-18.266331658291456           0.21260210882911848
-18.150753768844222           0.2126021500690865
-18.035175879396984           0.21260179779356406
-17.91959798994975            0.21260207248573082
-17.804020100502512           0.21260206598973622
-17.688442211055275           0.21260208384340168
-17.57286432160804            0.21260207195120404
-17.457286432160803           0.21260191376569196
-17.34170854271357            0.21260200048052408
-17.22613065326633            0.21260204539939137
-17.110552763819094           0.21260191033826542
-16.99497487437186            0.21260193026860222
-16.87939698492462            0.2126019896502246
-16.763819095477388           0.21260191157828803
-16.64824120603015            0.2126019244306379
-16.532663316582916           0.21260187079670764
-16.417085427135678           0.21260190859006675
-16.301507537688444           0.21260189209991115
-16.185929648241206           0.21260181237515602
-16.07035175879397            0.21260183843032143
-15.954773869346734           0.2126016622376967
-15.839195979899497           0.21260176134804878
-15.72361809045226            0.21260174874666618
-15.608040201005025           0.21260163621329758
-15.492462311557789           0.21260167563679455
-15.376884422110553           0.21260162224264262
-15.261306532663315           0.21260169813212568
-15.145728643216081           0.2126016481856548
-15.030150753768844           0.21260169238732188
-14.914572864321608           0.21260155561121508
-14.798994974874372           0.21260152116567005
-14.683417085427136           0.21260159025371134
-14.5678391959799             0.21260161065090422
-14.452261306532662           0.21260158554717898
-14.336683417085428           0.21260152864464116
-14.22110552763819            0.21260145672127287
-14.105527638190955           0.2126015372005848
-13.989949748743719           0.21260119861607543
-13.874371859296481           0.21260145109686385
-13.758793969849247           0.21260182751215911
-13.64321608040201            0.21260147743047228
-13.527638190954773           0.21260149768977207
-13.412060301507537           0.21260144738782166
-13.296482412060302           0.2126015652760762
-13.180904522613066           0.21260140880905298
-13.065326633165828           0.21260121619996317
-12.949748743718594           0.21260141700248472
-12.834170854271356           0.21260117062103004
-12.71859296482412            0.21260143259065467
-12.603015075376884           0.21260118696641683
-12.487437185929648           0.21260133926509042
-12.371859296482413           0.21260133180426494
-12.256281407035175           0.21260133805354564
-12.14070351758794            0.21260126958106632
-12.025125628140703           0.21260139190785315
-11.909547738693467           0.21260120620892486
-11.793969849246231           0.2126012219764897
-11.678391959798995           0.21260123265765993
-11.56281407035176            0.2126012191611966
-11.447236180904522           0.21260125136935845
-11.331658291457286           0.21260121204143634
-11.21608040201005            0.21260118976558512
-11.100502512562814           0.21260140921024312
-10.984924623115578           0.2126011778487061
-10.869346733668342           0.21260112962553313
-10.753768844221106           0.2126009582613183
-10.638190954773869           0.21260112693942113
-10.522613065326633           0.21260112208543566
-10.407035175879397           0.21260109919200962
-10.291457286432161           0.21260110037576377
-10.175879396984925           0.2126010777086131
-10.06030150753769            0.21260103081462853
-9.944723618090451            0.2126010504882749
-9.829145728643216            0.2126011086599305
-9.71356783919598             0.21260101626175612
-9.597989949748744            0.21260101324695335
-9.482412060301508            0.21260101713847795
-9.366834170854272            0.2126009907152749
-9.251256281407034            0.21260098652007503
-9.135678391959798            0.2126009823506213
-9.020100502512562            0.21260096785873092
-8.904522613065327            0.21260098126567734
-8.78894472361809             0.21260087447820925
-8.673366834170855            0.21260125195788734
-8.557788944723619            0.21260089894362227
-8.442211055276381            0.21260121901048265
-8.326633165829145            0.21260086101219533
-8.21105527638191             0.21260095231043527
-8.095477386934673            0.21260087026993071
-7.9798994974874375           0.21260087191559385
-7.864321608040202            0.21260086154343494
-7.748743718592964            0.21260085321452601
-7.633165829145728            0.2126008427278072
-7.517587939698492            0.21260083625997553
-7.402010050251256            0.2126008160624345
-7.28643216080402             0.21260083037821167
-7.170854271356784            0.21260081411526294
-7.055276381909547            0.21260074641500348
-6.939698492462311            0.2126007866721389
-6.824120603015075            0.21260078339005448
-6.708542713567839            0.21260082198515431
-6.592964824120603            0.21260074605707371
-6.477386934673367            0.21260068762301887
-6.361809045226131            0.21260073767963575
-6.246231155778894            0.21260068328408552
-6.130653266331658            0.2126007218062825
-6.015075376884422            0.2126007126643404
-5.899497487437186            0.21260070131082232
-5.78391959798995             0.21260068375548205
-5.668341708542714            0.21260066917891624
-5.5527638190954764           0.21260063587771252
-5.4371859296482405           0.2126005514566983
-5.321608040201005            0.21260057695554388
-5.206030150753769            0.21260051390986645
-5.090452261306533            0.21260044035032274
-4.974874371859297            0.21260039055906482
-4.859296482412061            0.21260030236119595
-4.743718592964823            0.21260006440494056
-4.628140703517587            0.2125998592159264
-4.5125628140703515           0.21259949971486358
-4.396984924623116            0.21259905047895078
-4.28140703517588             0.21259843374734
-4.165829145728644            0.21259756831241203
-4.050251256281406            0.21259639112859566
-3.934673366834172            0.21259470694153484
-3.8190954773869343           0.21259239249389136
-3.7035175879396967           0.21258916873142017
-3.5879396984924625           0.2125846927165304
-3.472361809045225            0.21257846420667295
-3.3567839195979907           0.21256981108956238
-3.241206030150753            0.21255776664444725
-3.125628140703519            0.2125410133100443
-3.0100502512562812           0.2125177324084513
-2.8944723618090435           0.2124853418855179
-2.7788944723618094           0.21244034223751743
-2.6633165829145717           0.21237785685795046
-2.5477386934673376           0.21229107735057065
-2.4321608040201              0.2121705790518145
-2.316582914572866            0.2120033865056856
-2.201005025125628            0.21177154479938326
-2.0854271356783904           0.21145027832512328
-1.9698492462311563           0.21100545269693177
-1.8542713567839186           0.21039014684488563
-1.7386934673366845           0.20953996148677792
-1.6231155778894468           0.20836664850093947
-1.5075376884422127           0.20674978893803828
-1.391959798994975            0.20452517726176958
-1.2763819095477373           0.2014698661598961
-1.1608040201005032           0.1972819821912435
-1.0452261306532655           0.19155408891659836
-0.9296482412060314           0.1837382049919694
-0.8140703517587937           0.173099709343325
-0.698492462311556            0.15865686088495773
-0.5829145728643219           0.13910194512891683
-0.46733668341708423          0.11269718424769329
-0.3517587939698501           0.07713891104609935
-0.23618090452261245          0.029379013731733572
-0.12060301507537828          -0.034609279353016824
-0.005025125628140596         -0.12013861466838197
0.11055276381909708           -0.2342093211205793
0.22613065326633117           -0.38603399117534765
0.34170854271356893           -0.5877192798331613
0.457286432160803             -0.8551502992303508
0.5728643216080407            -1.2091342206688496
0.6884422110552748            -1.6768769892088613
0.8040201005025125            -2.2938880482345283
0.9195979899497502            -3.1064357838505576
1.0351758793969843            -4.1747257061127225
1.150753768844222             -5.577070468969328
1.266331658291456             -7.415479143018111
1.3819095477386938            -9.823159670241717
1.4974874371859315            -12.974281287682148
1.6130653266331656            -17.096397281253665
1.7286432160804033            -22.486462412452106
1.8442211055276374            -29.53183174586851
1.959798994974875             -38.73780363580735
2.075376884422109             -50.763609322970744
2.190954773869347             -66.46937700029653
2.3065326633165846            -86.97740945056344
2.4221105527638187            -113.75214024468177
2.5376884422110564            -148.70446450320918
2.6532663316582905            -194.32787634540523
2.768844221105528             -255.62400736824222
