-20.0                         0.201710842943809
-19.884422110552762           0.20171119167676552
-19.768844221105528           0.20171080028857738
-19.65326633165829            0.20171031924142005
-19.537688442211056           0.20171077628512132
-19.42211055276382            0.20171084181889729
-19.306532663316585           0.20171078402362988
-19.190954773869347           0.201710820163204
-19.07537688442211            0.2017107215604968
-18.959798994974875           0.2017106926393599
-18.844221105527637           0.20171080174508293
-18.728643216080403           0.20171066540959595
-18.613065326633166           0.2017105572906208
-18.49748743718593            0.20171061516946828
-18.381909547738694           0.20171094898893524
-18.266331658291456           0.20171053406555692
-18.150753768844222           0.2017105825834018
-18.035175879396984           0.2017101991018599
-17.91959798994975            0.2017105015176604
-17.804020100502512           0.20171050268847943
-17.688442211055275           0.20171053047875492
-17.57286432160804            0.201710506327777
-17.457286432160803           0.20171033496564947
-17.34170854271357            0.20171043549936454
-17.22613065326633            0.20171049548670594
-17.110552763819094           0.2017103294568933
-16.99497487437186            0.20171036015344843
-16.87939698492462            0.20171043516535458
-16.763819095477388           0.20171035158642212
-16.64824120603015            0.20171036355354388
-16.532663316582916           0.20171029536093285
-16.417085427135678           0.20171033878791894
-16.301507537688444           0.20171032308245287
-16.185929648241206           0.2017102435954501
-16.07035175879397            0.2017102734919636
-15.954773869346734           0.20171005740442136
-15.839195979899497           0.20171018896128984
-15.72361809045226            0.20171017853781417
-15.608040201005025           0.20171005705111136
-15.492462311557789           0.2017101034849953
-15.376884422110553           0.2017100307995262
-15.261306532663315           0.20171013195387624
-15.145728643216081           0.20171007574145908
-15.030150753768844           0.20171014833408626
-14.914572864321608           0.20170997766566573
-14.798994974874372           0.2017099169243048
-14.683417085427136           0.20171002028670632
-14.5678391959799             0.20171004309183882
-14.452261306532662           0.20171001662576812
-14.336683417085428           0.2017099561114113
-14.22110552763819            0.2017098739460813
-14.105527638190955           0.2017099662649057
-13.989949748743719           0.2017095944291734
-13.874371859296481           0.20170987374664506
-13.758793969849247           0.2017102965390253
-13.64321608040201            0.20170990780617817
-13.527638190954773           0.2017099152084512
-13.412060301507537           0.201709877956643
-13.296482412060302           0.20171001491934815
-13.180904522613066           0.20170983908189835
-13.065326633165828           0.2017096185056438
-12.949748743718594           0.20170985356834445
-12.834170854271356           0.20170958402033645
-12.71859296482412            0.20170987526759834
-12.603015075376884           0.20170958859357416
-12.487437185929648           0.2017097733273134
-12.371859296482413           0.2017097664527017
-12.256281407035175           0.2017097733079881
-12.14070351758794            0.2017096990131276
-12.025125628140703           0.20170983758950647
-11.909547738693467           0.20170963036861106
-11.793969849246231           0.20170964051835014
-11.678391959798995           0.20170966242315885
-11.56281407035176            0.20170964794939278
-11.447236180904522           0.20170969138618547
-11.331658291457286           0.20170964609893133
-11.21608040201005            0.20170962095083794
-11.100502512562814           0.20170986527153753
-10.984924623115578           0.20170961272763557
-10.869346733668342           0.20170955827927622
-10.753768844221106           0.20170936489997535
-10.638190954773869           0.20170955923503664
-10.522613065326633           0.20170955127557488
-10.407035175879397           0.20170953104870523
-10.291457286432161           0.2017095484539068
-10.175879396984925           0.20170950922038744
-10.06030150753769            0.2017094568576262
-9.944723618090451            0.20170948114854373
-9.829145728643216            0.20170954233334112
-9.71356783919598             0.2017094533678444
-9.597989949748744            0.20170944342650807
-9.482412060301508            0.20170944873937202
-9.366834170854272            0.2017094221232276
-9.251256281407034            0.20170941820202776
-9.135678391959798            0.20170941486643654
-9.020100502512562            0.20170940306460125
-8.904522613065327            0.20170940703847268
-8.78894472361809             0.20170929053949888
-8.673366834170855            0.2017097183651342
-8.557788944723619            0.20170933049745546
-8.442211055276381            0.2017096840555413
-8.326633165829145            0.2017092797388191
-8.21105527638191             0.20170938827916338
-8.095477386934673            0.2017092990503836
-7.9798994974874375           0.2017093033447473
-7.864321608040202            0.20170929228897141
-7.748743718592964            0.20170928250732043
-7.633165829145728            0.2017092749071899
-7.517587939698492            0.2017092638038803
-7.402010050251256            0.2017092515697537
-7.28643216080402             0.20170926435694694
-7.170854271356784            0.2017092463795753
-7.055276381909547            0.20170916612625903
-6.939698492462311            0.20170921828514524
-6.824120603015075            0.20170921715616036
-6.708542713567839            0.20170925397527578
-6.592964824120603            0.20170917859206955
-6.477386934673367            0.2017091158421787
-6.361809045226131            0.20170917262840277
-6.246231155778894            0.20170911788874232
-6.130653266331658            0.20170916337211858
-6.015075376884422            0.2017091579490833
-5.899497487437186            0.2017091536742342
-5.78391959798995             0.2017091408188059
-5.668341708542714            0.20170913573601001
-5.5527638190954764           0.20170911223211435
-5.4371859296482405           0.20170903945311341
-5.321608040201005            0.20170909844257512
-5.206030150753769            0.20170906903764715
-5.090452261306533            0.20170904243849164
-4.974874371859297            0.20170906527282786
-4.859296482412061            0.20170907225623477
-4.743718592964823            0.201708947984914
-4.628140703517587            0.20170891618816472
-4.5125628140703515           0.20170878669589265
-4.396984924623116            0.20170866057635164
-4.28140703517588             0.20170848760320292
-4.165829145728644            0.2017082298091139
-4.050251256281406            0.20170788801850478
-3.934673366834172            0.20170734691853737
-3.8190954773869343           0.20170659925535606
-3.7035175879396967           0.2017055171507147
-3.5879396984924625           0.20170397108988744
-3.472361809045225            0.20170174339827954
-3.3567839195979907           0.2016985488922158
-3.241206030150753            0.2016939389367632
-3.125628140703519            0.2016873014092114
-3.0100502512562812           0.2016777631479238
-2.8944723618090435           0.20166400912015575
-2.7788944723618094           0.20164424011251317
-2.6633165829145717           0.20161585099560508
-2.5477386934673376           0.20157504198619935
-2.4321608040201              0.20151637145815668
-2.316582914572866            0.20143211565267263
-2.201005025125628            0.20131119651682364
-2.0854271356783904           0.2011377903875912
-1.9698492462311563           0.20088933514996807
-1.8542713567839186           0.20053375183089808
-1.7386934673366845           0.20002550354566984
-1.6231155778894468           0.19930004277488367
-1.5075376884422127           0.19826640549815402
-1.391959798994975            0.19679644340226374
-1.2763819095477373           0.19471067191450417
-1.1608040201005032           0.19175863221587816
-1.0452261306532655           0.18759240880655328
-0.9296482412060314           0.1817312382298753
-0.8140703517587937           0.17351422653811535
-0.698492462311556            0.16203778050497294
-0.5829145728643219           0.1460737173595501
-0.46733668341708423          0.12396120261909306
-0.3517587939698501           0.09346635349819125
-0.23618090452261245          0.05159886352493566
-0.12060301507537828          -0.0056267052347068825
-0.005025125628140596         -0.08350171486668803
0.11055276381909708           -0.18902738090663768
0.22613065326633117           -0.3314396708262394
0.34170854271356893           -0.5228895084865482
0.457286432160803             -0.7793238569911983
0.5728643216080407            -1.1216247648989774
0.6884422110552748            -1.577080909060617
0.8040201005025125            -2.1812871762691612
0.9195979899497502            -2.980595282654136
1.0351758793969843            -4.035287213128684
1.150753768844222             -5.423740339031042
1.266331658291456             -7.248014095587567
1.3819095477386938            -9.641356647234488
1.4974874371859315            -12.777974991603955
1.6130653266331656            -16.885459218789588
1.7286432160804033            -22.260795868812778
1.8442211055276374            -29.29136449323521
1.959798994974875             -38.48248153795025
2.075376884422109             -50.49339160274752
2.190954773869347             -66.18423281990806
2.3065326633165846            -86.67731541661504
2.4221105527638187            -113.43707856868754
2.5376884422110564            -148.37442163389196
2.6532663316582905            -193.98284194513118
2.768844221105528             -255.2640576194985
