-20.0                         0.35248485606918745
-19.884422110552762           0.35248547775430206
-19.768844221105528           0.3524847946233157
-19.65326633165829            0.3524840244942492
-19.537688442211056           0.3524847577659913
-19.42211055276382            0.35248481444945967
-19.306532663316585           0.35248489160794316
-19.190954773869347           0.35248440952727766
-19.07537688442211            0.3524848051488098
-18.959798994974875           0.35248466721062877
-18.844221105527637           0.35248534011441085
-18.728643216080403           0.3524847057769514
-18.613065326633166           0.35248457772359837
-18.49748743718593            0.3524846176288611
-18.381909547738694           0.35248573340251926
-18.266331658291456           0.3524844857525179
-18.150753768844222           0.35248456906664144
-18.035175879396984           0.3524841361931946
-17.91959798994975            0.35248449877631255
-17.804020100502512           0.3524846261462748
-17.688442211055275           0.3524847125893862
-17.57286432160804            0.35248444394277567
-17.457286432160803           0.3524842647221783
-17.34170854271357            0.35248448946613586
-17.22613065326633            0.35248465565816556
-17.110552763819094           0.3524842279595803
-16.99497487437186            0.35248439445374785
-16.87939698492462            0.35248449429609235
-16.763819095477388           0.3524844893844527
-16.64824120603015            0.3524844070039721
-16.532663316582916           0.35248419256895347
-16.417085427135678           0.35248429788487246
-16.301507537688444           0.35248416481291245
-16.185929648241206           0.3524842532004511
-16.07035175879397            0.35248432837041743
-15.954773869346734           0.35248370548706404
-15.839195979899497           0.35248415748330303
-15.72361809045226            0.35248416900513757
-15.608040201005025           0.35248414703906633
-15.492462311557789           0.352484088483425
-15.376884422110553           0.35248385185809766
-15.261306532663315           0.3524841694966113
-15.145728643216081           0.3524840608593267
-15.030150753768844           0.3524844985713385
-14.914572864321608           0.3524839109726334
-14.798994974874372           0.35248355705164897
-14.683417085427136           0.3524840325498148
-14.5678391959799             0.35248402913604265
-14.452261306532662           0.35248399467472497
-14.336683417085428           0.35248393101056374
-14.22110552763819            0.3524838761728368
-14.105527638190955           0.3524839232436899
-13.989949748743719           0.35248331825415646
-13.874371859296481           0.352483802328428
-13.758793969849247           0.35248448777241254
-13.64321608040201            0.3524838795768429
-13.527638190954773           0.352483659284989
-13.412060301507537           0.35248386134057086
-13.296482412060302           0.3524840498396087
-13.180904522613066           0.35248385217936934
-13.065326633165828           0.3524834347716557
-12.949748743718594           0.3524838828854133
-12.834170854271356           0.3524834634654801
-12.71859296482412            0.35248396204538307
-12.603015075376884           0.3524833689847473
-12.487437185929648           0.3524838128789555
-12.371859296482413           0.3524837757898685
-12.256281407035175           0.3524838221768722
-12.14070351758794            0.3524836902760031
-12.025125628140703           0.35248385143703975
-11.909547738693467           0.35248357699137295
-11.793969849246231           0.35248349097740206
-11.678391959798995           0.35248365172332713
-11.56281407035176            0.35248362737689753
-11.447236180904522           0.35248378727343815
-11.331658291457286           0.352483670427973
-11.21608040201005            0.3524836157551554
-11.100502512562814           0.3524839830441803
-10.984924623115578           0.3524836466301672
-10.869346733668342           0.35248354067997534
-10.753768844221106           0.3524831605562446
-10.638190954773869           0.35248357916360035
-10.522613065326633           0.35248351366840497
-10.407035175879397           0.3524835642033152
-10.291457286432161           0.35248379294999777
-10.175879396984925           0.3524835130387244
-10.06030150753769            0.3524834164873154
-9.944723618090451            0.35248347989556983
-9.829145728643216            0.35248346855970264
-9.71356783919598             0.35248360389110855
-9.597989949748744            0.35248344177335544
-9.482412060301508            0.35248344512419677
-9.366834170854272            0.35248345000827397
-9.251256281407034            0.35248342773428454
-9.135678391959798            0.3524834215437951
-9.020100502512562            0.35248348038424787
-8.904522613065327            0.3524832875115736
-8.78894472361809             0.35248315203384445
-8.673366834170855            0.3524840158694751
-8.557788944723619            0.35248335054585817
-8.442211055276381            0.35248397017615746
-8.326633165829145            0.3524831595732606
-8.21105527638191             0.35248335920359625
-8.095477386934673            0.35248330444259873
-7.9798994974874375           0.3524833143235971
-7.864321608040202            0.3524832910523263
-7.748743718592964            0.35248326403285135
-7.633165829145728            0.35248329465028594
-7.517587939698492            0.35248319451680754
-7.402010050251256            0.35248335499484423
-7.28643216080402             0.3524832880047909
-7.170854271356784            0.35248324873979503
-7.055276381909547            0.35248306393185697
-6.939698492462311            0.352483217522959
-6.824120603015075            0.352483233879581
-6.708542713567839            0.3524832128037722
-6.592964824120603            0.3524831832396216
-6.477386934673367            0.35248310170140207
-6.361809045226131            0.3524831722656933
-6.246231155778894            0.3524831040316978
-6.130653266331658            0.35248318088870234
-6.015075376884422            0.3524831811148135
-5.899497487437186            0.352483208916276
-5.78391959798995             0.35248315343598235
-5.668341708542714            0.3524831520800686
-5.5527638190954764           0.352483080539312
-5.4371859296482405           0.3524829826075306
-5.321608040201005            0.3524830930178064
-5.206030150753769            0.3524830863377203
-5.090452261306533            0.3524830915479953
-4.974874371859297            0.352483161429456
-4.859296482412061            0.35248324959025096
-4.743718592964823            0.3524830939352763
-4.628140703517587            0.3524831424823742
-4.5125628140703515           0.35248304810634473
-4.396984924623116            0.35248305745135544
-4.28140703517588             0.35248306558579995
-4.165829145728644            0.3524830487685386
-4.050251256281406            0.35248304598726954
-3.934673366834172            0.3524830489652121
-3.8190954773869343           0.35248305049791967
-3.7035175879396967           0.3524830198859055
-3.5879396984924625           0.3524830167592289
-3.472361809045225            0.352483006309718
-3.3567839195979907           0.3524830160171515
-3.241206030150753            0.3524829884416214
-3.125628140703519            0.3524829818241604
-3.0100502512562812           0.35248298164201297
-2.8944723618090435           0.35248294936123636
-2.7788944723618094           0.35248287748399953
-2.6633165829145717           0.3524828847125497
-2.5477386934673376           0.35248286133809326
-2.4321608040201              0.35248276352393665
-2.316582914572866            0.35248258322904535
-2.201005025125628            0.3524822478718588
-2.0854271356783904           0.3524815980937097
-1.9698492462311563           0.35248034571526343
-1.8542713567839186           0.352477980951635
-1.7386934673366845           0.352473576676283
-1.6231155778894468           0.35246517112015047
-1.5075376884422127           0.3524494135941485
-1.391959798994975            0.3524196688824693
-1.2763819095477373           0.35236385158587247
-1.1608040201005032           0.3522595852644115
-1.0452261306532655           0.3520657545616242
-0.9296482412060314           0.3517077338689004
-0.8140703517587937           0.3510514458813114
-0.698492462311556            0.3498593723144671
-0.5829145728643219           0.3477188797560113
-0.46733668341708423          0.34392692730898994
-0.3517587939698501           0.33731636197876325
-0.23618090452261245          0.3260048757125966
-0.12060301507537828          0.3070540470987324
-0.005025125628140596         0.27603379193372396
0.11055276381909708           0.22649704129718726
0.22613065326633117           0.14937003202366078
0.34170854271356893           0.032250279398253354
0.457286432160803             -0.14142691664670332
0.5728643216080407            -0.3934277107297501
0.6884422110552748            -0.7520702721497176
0.8040201005025125            -1.2540123050342808
0.9195979899497502            -1.946614969897291
1.0351758793969843            -2.8910545932499625
1.150753768844222             -4.166441421480415
1.266331658291456             -5.875387538520237
1.3819095477386938            -8.151560613038757
1.4974874371859315            -11.169537564281024
1.6130653266331656            -15.157254258265757
1.7286432160804033            -20.41198802684012
1.8442211055276374            -27.32133756689775
1.959798994974875             -36.39077809347867
2.075376884422109             -48.27966960185988
2.190954773869347             -63.84823503319542
2.3065326633165846            -84.21884753818142
2.4221105527638187            -110.85599332514103
2.5376884422110564            -145.67060710965455
2.6532663316582905            -191.15621292642126
2.768844221105528             -252.3152385240211
