-20.0                         0.20414708646908075
-19.884422110552762           0.20414742431196095
-19.768844221105528           0.20414704423392055
-19.65326633165829            0.2041465749256881
-19.537688442211056           0.2041470200606678
-19.42211055276382            0.20414708340495605
-19.306532663316585           0.20414702475891433
-19.190954773869347           0.2041470690827386
-19.07537688442211            0.20414696283103545
-18.959798994974875           0.20414693615715487
-18.844221105527637           0.20414703098287942
-18.728643216080403           0.20414690716494088
-18.613065326633166           0.20414680168395113
-18.49748743718593            0.20414685849460318
-18.381909547738694           0.20414716835324426
-18.266331658291456           0.20414677897931086
-18.150753768844222           0.20414682531244183
-18.035175879396984           0.2041464509465448
-17.91959798994975            0.20414674522210083
-17.804020100502512           0.20414674385174425
-17.688442211055275           0.20414676849867947
-17.57286432160804            0.2041467485702845
-17.457286432160803           0.20414658108372793
-17.34170854271357            0.2041466772765132
-17.22613065326633            0.20414673253161114
-17.110552763819094           0.20414657631037147
-16.99497487437186            0.20414660357109243
-16.87939698492462            0.2041466737877849
-16.763819095477388           0.20414659174764552
-16.64824120603015            0.2041466041320112
-16.532663316582916           0.2041465406659773
-16.417085427135678           0.20414658229216862
-16.301507537688444           0.204146566569266
-16.185929648241206           0.20414648661245194
-16.07035175879397            0.20414651533635023
-15.954773869346734           0.20414631181036788
-15.839195979899497           0.2041464331544555
-15.72361809045226            0.2041464220477072
-15.608040201005025           0.20414630300043016
-15.492462311557789           0.2041463475528203
-15.376884422110553           0.20414628102683693
-15.261306532663315           0.2041463741602308
-15.145728643216081           0.20414631991198856
-15.030150753768844           0.20414638324481718
-14.914572864321608           0.20414622353247905
-14.798994974874372           0.20414617127979676
-14.683417085427136           0.20414626366252855
-14.5678391959799             0.20414628583413494
-14.452261306532662           0.2041462597805198
-14.336683417085428           0.20414620031862357
-14.22110552763819            0.20414612117148212
-14.105527638190955           0.20414621007545103
-13.989949748743719           0.20414584836179206
-13.874371859296481           0.20414611946602107
-13.758793969849247           0.20414652823122154
-13.64321608040201            0.20414615118218654
-13.527638190954773           0.20414616297922483
-13.412060301507537           0.20414612125678777
-13.296482412060302           0.2041462524946783
-13.180904522613066           0.20414608241554902
-13.065326633165828           0.20414587042548504
-12.949748743718594           0.20414609499083583
-12.834170854271356           0.20414583249522378
-12.71859296482412            0.20414611479508768
-12.603015075376884           0.2041458408222999
-12.487437185929648           0.20414601546122382
-12.371859296482413           0.204146008449904
-12.256281407035175           0.20414601510467306
-12.14070351758794            0.2041459426135931
-12.025125628140703           0.20414607638424814
-11.909547738693467           0.20414587560091246
-11.793969849246231           0.20414588770630054
-11.678391959798995           0.20414590594529336
-11.56281407035176            0.2041458917829923
-11.447236180904522           0.20414593167104736
-11.331658291457286           0.2041458882711274
-11.21608040201005            0.2041458640418722
-11.100502512562814           0.20414610089501356
-10.984924623115578           0.20414585463526727
-10.869346733668342           0.20414580212948955
-10.753768844221106           0.20414561555888328
-10.638190954773869           0.20414580194756665
-10.522613065326633           0.20414579504321914
-10.407035175879397           0.20414577386666796
-10.291457286432161           0.20414578599187494
-10.175879396984925           0.204145752187696
-10.06030150753769            0.20414570151891342
-9.944723618090451            0.20414572438128256
-9.829145728643216            0.20414578488638208
-9.71356783919598             0.204145694340073
-9.597989949748744            0.20414568680413234
-9.482412060301508            0.20414569171018584
-9.366834170854272            0.20414566507116
-9.251256281407034            0.20414566111084131
-9.135678391959798            0.2041456575267687
-9.020100502512562            0.20414564477026959
-8.904522613065327            0.20414565202602364
-8.78894472361809             0.20414553834159435
-8.673366834170855            0.20414595057761858
-8.557788944723619            0.2041455734107456
-8.442211055276381            0.2041459166891759
-8.326633165829145            0.20414552673620667
-8.21105527638191             0.20414563004335576
-8.095477386934673            0.20414554285582368
-7.9798994974874375           0.20414554633853638
-7.864321608040202            0.20414553551408632
-7.748743718592964            0.20414552620233206
-7.633165829145728            0.20414551767118386
-7.517587939698492            0.2041455081609014
-7.402010050251256            0.20414549317279537
-7.28643216080402             0.2041455066276165
-7.170854271356784            0.20414548922447498
-7.055276381909547            0.20414541292728255
-6.939698492462311            0.2041454614029858
-6.824120603015075            0.20414545965693595
-6.708542713567839            0.2041454972595426
-6.592964824120603            0.20414542167159397
-6.477386934673367            0.20414536036221304
-6.361809045226131            0.20414541538692327
-6.246231155778894            0.20414536103029757
-6.130653266331658            0.20414540480241233
-6.015075376884422            0.2041453988050441
-5.899497487437186            0.20414539308007476
-5.78391959798995             0.20414537991760556
-5.668341708542714            0.2041453733639826
-5.5527638190954764           0.20414534887899416
-5.4371859296482405           0.20414527511781425
-5.321608040201005            0.20414532745426206
-5.206030150753769            0.20414529254124372
-5.090452261306533            0.2041452580660583
-4.974874371859297            0.20414526750326975
-4.859296482412061            0.20414525724161414
-4.743718592964823            0.20414511425474402
-4.628140703517587            0.2041450510280594
-4.5125628140703515           0.20414488028003852
-4.396984924623116            0.20414469432866794
-4.28140703517588             0.20414443796870277
-4.165829145728644            0.204144064437999
-4.050251256281406            0.2041435609372995
-3.934673366834172            0.2041427952431101
-3.8190954773869343           0.20414173503176
-3.7035175879396967           0.2041402195188026
-3.5879396984924625           0.20413807133613493
-3.472361809045225            0.2041350091789126
-3.3567839195979907           0.20413065905906516
-3.241206030150753            0.204124452081546
-3.125628140703519            0.20411560931730036
-3.0100502512562812           0.20410303118124573
-2.8944723618090435           0.2040850946973639
-2.7788944723618094           0.20405958117810505
-2.6633165829145717           0.2040233162996365
-2.5477386934673376           0.20397173604777052
-2.4321608040201              0.2038983717034163
-2.316582914572866            0.2037941249471248
-2.201005025125628            0.20364609106321638
-2.0854271356783904           0.20343603306553593
-1.9698492462311563           0.2031382224006697
-1.8542713567839186           0.20271645799549007
-1.7386934673366845           0.20211988547515708
-1.6231155778894468           0.2012771759151416
-1.5075376884422127           0.20008881065789846
-1.391959798994975            0.1984160130263667
-1.2763819095477373           0.19606629709143106
-1.1608040201005032           0.19277359853258838
-1.0452261306532655           0.18817167549441013
-0.9296482412060314           0.18175877676667102
-0.8140703517587937           0.1728506733131859
-0.698492462311556            0.16051871085625796
-0.5829145728643219           0.14350887692752806
-0.46733668341708423          0.12013503761520652
-0.3517587939698501           0.08814007657592325
-0.23618090452261245          0.04451417120956072
-0.12060301507537828          -0.014742351683663764
-0.005025125628140596         -0.09492854803908085
0.11055276381909708           -0.2030460268479966
0.22613065326633117           -0.3483237197779949
0.34170854271356893           -0.5428986226229475
0.457286432160803             -0.8026980052080546
0.5728643216080407            -1.1485799997511315
0.6884422110552748            -1.607806875082739
0.8040201005025125            -2.2159463142530442
0.9195979899497502            -3.0193235920137913
1.0351758793969843            -4.078196507735833
1.150753768844222             -5.470922020542656
1.266331658291456             -7.299543720072117
1.3819095477386938            -9.697297166564947
1.4974874371859315            -12.838377581882241
1.6130653266331656            -16.950363614946944
1.7286432160804033            -22.330231946537413
1.8442211055276374            -29.365354543786616
1.959798994974875             -38.56104225718903
2.075376884422109             -50.576535559684665
2.190954773869347             -66.27196951593538
2.3065326633165846            -86.76965205715177
2.4221105527638187            -113.53402063145094
2.5376884422110564            -148.47597329103536
2.6532663316582905            -194.0890063789428
2.768844221105528             -255.37481138834272
