-20.0                         0.8862447535320109
-19.884422110552762           0.8862457090609188
-19.768844221105528           0.8862446351603952
-19.65326633165829            0.8862436239268153
-19.537688442211056           0.8862446450290175
-19.42211055276382            0.8862445011587873
-19.306532663316585           0.8862448003820396
-19.190954773869347           0.8862434379283357
-19.07537688442211            0.8862448186457095
-18.959798994974875           0.8862445054692354
-18.844221105527637           0.8862457499627214
-18.728643216080403           0.8862444262482481
-18.613065326633166           0.8862446115456573
-18.49748743718593            0.8862444470279173
-18.381909547738694           0.8862465785149292
-18.266331658291456           0.8862442957936338
-18.150753768844222           0.8862443750590566
-18.035175879396984           0.886244395043883
-17.91959798994975            0.8862443401857537
-17.804020100502512           0.886244744884615
-17.688442211055275           0.886244560584055
-17.57286432160804            0.886244053755609
-17.457286432160803           0.8862440716171256
-17.34170854271357            0.8862442779040041
-17.22613065326633            0.8862443658735816
-17.110552763819094           0.8862440230372594
-16.99497487437186            0.8862444425290523
-16.87939698492462            0.8862440371970138
-16.763819095477388           0.8862446360122068
-16.64824120603015            0.8862440922992307
-16.532663316582916           0.8862440735164144
-16.417085427135678           0.8862440764455376
-16.301507537688444           0.8862435668584662
-16.185929648241206           0.8862440836150997
-16.07035175879397            0.8862443133183809
-15.954773869346734           0.8862430867292651
-15.839195979899497           0.8862439851971601
-15.72361809045226            0.8862440696810661
-15.608040201005025           0.886244611307525
-15.492462311557789           0.8862439622552762
-15.376884422110553           0.8862438320455671
-15.261306532663315           0.8862440596855143
-15.145728643216081           0.8862439626659367
-15.030150753768844           0.8862447847510796
-14.914572864321608           0.8862437161505691
-14.798994974874372           0.8862430463592824
-14.683417085427136           0.886243957956155
-14.5678391959799             0.8862438849153136
-14.452261306532662           0.886243844648349
-14.336683417085428           0.8862437773447455
-14.22110552763819            0.8862441560944003
-14.105527638190955           0.8862437302607942
-13.989949748743719           0.8862428866172645
-13.874371859296481           0.886243587430899
-13.758793969849247           0.8862443069935659
-13.64321608040201            0.8862436812736074
-13.527638190954773           0.8862430759945289
-13.412060301507537           0.8862437108393445
-13.296482412060302           0.8862436159281362
-13.180904522613066           0.8862438238033814
-13.065326633165828           0.8862432875333677
-12.949748743718594           0.886243715291078
-12.834170854271356           0.8862432348590641
-12.71859296482412            0.8862438853271828
-12.603015075376884           0.8862431308431418
-12.487437185929648           0.8862437181214449
-12.371859296482413           0.8862435218354626
-12.256281407035175           0.8862437775877331
-12.14070351758794            0.88624356033649
-12.025125628140703           0.8862434477672105
-11.909547738693467           0.8862433914621889
-11.793969849246231           0.8862432788406021
-11.678391959798995           0.8862435338604511
-11.56281407035176            0.8862434816646878
-11.447236180904522           0.8862438147368331
-11.331658291457286           0.8862435463097381
-11.21608040201005            0.8862434689485171
-11.100502512562814           0.8862438029819041
-10.984924623115578           0.8862435333878558
-10.869346733668342           0.886243397921327
-10.753768844221106           0.8862427869018727
-10.638190954773869           0.8862435204740241
-10.522613065326633           0.8862433200129414
-10.407035175879397           0.8862435197668158
-10.291457286432161           0.8862441162166549
-10.175879396984925           0.8862433728300122
-10.06030150753769            0.8862432426303027
-9.944723618090451            0.8862433655029718
-9.829145728643216            0.8862430809558419
-9.71356783919598             0.886243784877296
-9.597989949748744            0.8862433419459449
-9.482412060301508            0.8862433144936281
-9.366834170854272            0.8862434009556416
-9.251256281407034            0.8862433181034011
-9.135678391959798            0.8862432651991692
-9.020100502512562            0.8862434423785731
-8.904522613065327            0.8862429276173891
-8.78894472361809             0.8862428404738675
-8.673366834170855            0.8862442612301525
-8.557788944723619            0.8862432749789603
-8.442211055276381            0.8862442014492822
-8.326633165829145            0.8862428656085446
-8.21105527638191             0.8862430497368927
-8.095477386934673            0.8862432955569671
-7.9798994974874375           0.8862432172055502
-7.864321608040202            0.886243174264107
-7.748743718592964            0.8862431110404269
-7.633165829145728            0.8862432163609012
-7.517587939698492            0.8862429718474872
-7.402010050251256            0.8862434393626806
-7.28643216080402             0.8862431840589505
-7.170854271356784            0.8862431187484799
-7.055276381909547            0.8862428589291547
-6.939698492462311            0.8862431033468267
-6.824120603015075            0.8862431254123648
-6.708542713567839            0.8862429910328685
-6.592964824120603            0.8862430899942447
-6.477386934673367            0.8862430517400388
-6.361809045226131            0.8862430782327445
-6.246231155778894            0.8862429777644631
-6.130653266331658            0.8862430658311797
-6.015075376884422            0.8862430707085238
-5.899497487437186            0.8862431298774845
-5.78391959798995             0.886243017364282
-5.668341708542714            0.8862430344170588
-5.5527638190954764           0.8862428892081456
-5.4371859296482405           0.8862427676614689
-5.321608040201005            0.8862428890798808
-5.206030150753769            0.8862429511946741
-5.090452261306533            0.8862430341092858
-4.974874371859297            0.8862429910697461
-4.859296482412061            0.8862431739270223
-4.743718592964823            0.8862429774202847
-4.628140703517587            0.886243066931825
-4.5125628140703515           0.8862429152669398
-4.396984924623116            0.8862429333695656
-4.28140703517588             0.8862429548083935
-4.165829145728644            0.8862429316951808
-4.050251256281406            0.8862428528654316
-3.934673366834172            0.8862429505977336
-3.8190954773869343           0.8862429643409115
-3.7035175879396967           0.886242907787427
-3.5879396984924625           0.8862429187069376
-3.472361809045225            0.8862429055113284
-3.3567839195979907           0.8862429254073791
-3.241206030150753            0.8862428739214737
-3.125628140703519            0.886242867393853
-3.0100502512562812           0.8862428715222489
-2.8944723618090435           0.8862428937034387
-2.7788944723618094           0.8862427562620739
-2.6633165829145717           0.8862428456013134
-2.5477386934673376           0.8862428527547156
-2.4321608040201              0.8862428473706057
-2.316582914572866            0.8862428496403122
-2.201005025125628            0.8862428628738084
-2.0854271356783904           0.8862428518415556
-1.9698492462311563           0.8862428131808012
-1.8542713567839186           0.8862427557540408
-1.7386934673366845           0.8862427734663637
-1.6231155778894468           0.8862427156058539
-1.5075376884422127           0.8862427418536246
-1.391959798994975            0.8862426045383841
-1.2763819095477373           0.8862423019224177
-1.1608040201005032           0.8862414883226166
-1.0452261306532655           0.8862393161463425
-0.9296482412060314           0.8862336874380844
-0.8140703517587937           0.8862192360329958
-0.698492462311556            0.886181921729402
-0.5829145728643219           0.8860880239227368
-0.46733668341708423          0.8858548419558953
-0.3517587939698501           0.8852877473267219
-0.23618090452261245          0.883944257284069
-0.12060301507537828          0.8808636321690244
-0.005025125628140596         0.8740762764739025
0.11055276381909708           0.8598135601428857
0.22613065326633117           0.8314119551623241
0.34170854271356893           0.7780395731849323
0.457286432160803             0.6834647116376836
0.5728643216080407            0.5249986375811044
0.6884422110552748            0.27249110958184436
0.8040201005025125            -0.11295920561171659
0.9195979899497502            -0.6809405779253079
1.0351758793969843            -1.4945768189972635
1.150753768844222             -2.6345220020946942
1.266331658291456             -4.204504082967257
1.3819095477386938            -6.338976698011076
1.4974874371859315            -9.213143252768187
1.6130653266331656            -13.055484311264733
1.7286432160804033            -18.163714257254984
1.8442211055276374            -24.925747915542477
1.959798994974875             -33.84728117459756
2.075376884422109             -45.587829610263015
2.190954773869347             -61.007727826871495
2.3065326633165846            -81.22943031894613
2.4221105527638187            -107.71748324207772
2.5376884422110564            -142.38286589008908
2.6532663316582905            -187.71913568116616
2.768844221105528             -248.72958525768945
