-20.0                         0.6714889786154555
-19.884422110552762           0.6714898080617938
-19.768844221105528           0.6714888836961078
-19.65326633165829            0.6714879319914154
-19.537688442211056           0.6714888507153028
-19.42211055276382            0.6714888003769134
-19.306532663316585           0.6714890499609751
-19.190954773869347           0.6714879625134216
-19.07537688442211            0.6714889949304427
-18.959798994974875           0.6714887372711716
-18.844221105527637           0.6714898509015137
-18.728643216080403           0.6714887434056452
-18.613065326633166           0.671488763721111
-18.49748743718593            0.6714887007036319
-18.381909547738694           0.6714904953833492
-18.266331658291456           0.6714885413447433
-18.150753768844222           0.6714886250317056
-18.035175879396984           0.6714884305345046
-17.91959798994975            0.6714885872528646
-17.804020100502512           0.6714888840721216
-17.688442211055275           0.6714888526388453
-17.57286432160804            0.6714883692922291
-17.457286432160803           0.6714883154060197
-17.34170854271357            0.6714885662878498
-17.22613065326633            0.6714887103265363
-17.110552763819094           0.6714882647534833
-16.99497487437186            0.6714885974853929
-16.87939698492462            0.6714884292937906
-16.763819095477388           0.6714887570851661
-16.64824120603015            0.671488415690267
-16.532663316582916           0.6714882499243616
-16.417085427135678           0.6714883351845051
-16.301507537688444           0.6714879608005776
-16.185929648241206           0.6714883326082168
-16.07035175879397            0.6714884977338826
-15.954773869346734           0.671487482963457
-15.839195979899497           0.6714882249640015
-15.72361809045226            0.6714882722579811
-15.608040201005025           0.6714885835641434
-15.492462311557789           0.6714881831945407
-15.376884422110553           0.6714879600968746
-15.261306532663315           0.6714882857534925
-15.145728643216081           0.6714881699065083
-15.030150753768844           0.6714889002012498
-14.914572864321608           0.6714879611375644
-14.798994974874372           0.6714873823361924
-14.683417085427136           0.6714881601025436
-14.5678391959799             0.6714881023189422
-14.452261306532662           0.6714880637297856
-14.336683417085428           0.6714880093069014
-14.22110552763819            0.671488192739776
-14.105527638190955           0.6714879716268168
-13.989949748743719           0.6714872106790107
-13.874371859296481           0.6714878406027491
-13.758793969849247           0.6714885770050929
-13.64321608040201            0.6714879290614983
-13.527638190954773           0.6714874566960995
-13.412060301507537           0.6714879383188317
-13.296482412060302           0.6714879806905498
-13.180904522613066           0.6714880023932821
-13.065326633165828           0.6714874901799337
-12.949748743718594           0.6714879619442814
-12.834170854271356           0.6714874881890723
-12.71859296482412            0.6714880987530059
-12.603015075376884           0.6714873688851901
-12.487437185929648           0.6714879367295545
-12.371859296482413           0.6714878060464695
-12.256281407035175           0.6714879743527611
-12.14070351758794            0.6714877830033259
-12.025125628140703           0.671487795017457
-11.909547738693467           0.6714876339494626
-11.793969849246231           0.671487501655329
-11.678391959798995           0.6714877485094859
-11.56281407035176            0.6714877100839199
-11.447236180904522           0.6714879810335761
-11.331658291457286           0.6714877723921995
-11.21608040201005            0.6714876997924681
-11.100502512562814           0.6714880631939986
-10.984924623115578           0.6714877563079477
-10.869346733668342           0.671487625152074
-10.753768844221106           0.6714870939541319
-10.638190954773869           0.6714877128146969
-10.522613065326633           0.6714875658094552
-10.407035175879397           0.6714877166701056
-10.291457286432161           0.6714881752858728
-10.175879396984925           0.6714876036404097
-10.06030150753769            0.6714874815203346
-9.944723618090451            0.6714875800948527
-9.829145728643216            0.6714874051540287
-9.71356783919598             0.6714879025297558
-9.597989949748744            0.6714875504865017
-9.482412060301508            0.6714875359491024
-9.366834170854272            0.6714875948458872
-9.251256281407034            0.6714875343213349
-9.135678391959798            0.671487502146446
-9.020100502512562            0.6714876484350552
-8.904522613065327            0.6714872327084269
-8.78894472361809             0.6714871279192306
-8.673366834170855            0.6714883554521054
-8.557788944723619            0.6714874777435932
-8.442211055276381            0.6714883005351634
-8.326633165829145            0.6714871474195688
-8.21105527638191             0.6714873473594297
-8.095477386934673            0.6714874643483154
-7.9798994974874375           0.6714874297015266
-7.864321608040202            0.6714873918734376
-7.748743718592964            0.6714873432825371
-7.633165829145728            0.6714874199952288
-7.517587939698492            0.671487219829344
-7.402010050251256            0.6714875899422541
-7.28643216080402             0.6714874006666038
-7.170854271356784            0.671487342746687
-7.055276381909547            0.6714871005481146
-6.939698492462311            0.6714873192623454
-6.824120603015075            0.6714873429645039
-6.708542713567839            0.6714872498455019
-6.592964824120603            0.6714872982707331
-6.477386934673367            0.6714872370784777
-6.361809045226131            0.6714872848801039
-6.246231155778894            0.6714871987505296
-6.130653266331658            0.6714872874655321
-6.015075376884422            0.6714872935816918
-5.899497487437186            0.6714873458814896
-5.78391959798995             0.6714872456939764
-5.668341708542714            0.6714872541009542
-5.5527638190954764           0.6714871300657111
-5.4371859296482405           0.6714870208628916
-5.321608040201005            0.6714871391012207
-5.206030150753769            0.671487171714767
-5.090452261306533            0.6714872251138949
-4.974874371859297            0.6714872392744244
-4.859296482412061            0.6714873869857727
-4.743718592964823            0.6714871996802162
-4.628140703517587            0.6714872719451526
-4.5125628140703515           0.6714871359991225
-4.396984924623116            0.6714871567717423
-4.28140703517588             0.6714871739050424
-4.165829145728644            0.6714871510091294
-4.050251256281406            0.6714871027003524
-3.934673366834172            0.6714871639339951
-3.8190954773869343           0.671487172941573
-3.7035175879396967           0.67148712529032
-3.5879396984924625           0.6714871297857572
-3.472361809045225            0.6714871179756902
-3.3567839195979907           0.6714871359951408
-3.241206030150753            0.671487088811687
-3.125628140703519            0.6714870872200522
-3.0100502512562812           0.6714870920115419
-2.8944723618090435           0.6714870925232468
-2.7788944723618094           0.671486986283054
-2.6633165829145717           0.6714870526953832
-2.5477386934673376           0.6714870693907128
-2.4321608040201              0.6714870643370606
-2.316582914572866            0.671487063804592
-2.201005025125628            0.6714870727581103
-2.0854271356783904           0.671487060069184
-1.9698492462311563           0.6714870151165373
-1.8542713567839186           0.6714869401880147
-1.7386934673366845           0.6714868986725642
-1.6231155778894468           0.6714867084740418
-1.5075376884422127           0.671486410461878
-1.391959798994975            0.671485553019654
-1.2763819095477373           0.6714835612910752
-1.1608040201005032           0.6714789007255523
-1.0452261306532655           0.6714680140254383
-0.9296482412060314           0.6714428515730094
-0.8140703517587937           0.6713851440469394
-0.698492462311556            0.6712537395572924
-0.5829145728643219           0.6709591766475098
-0.46733668341708423          0.6703088363354355
-0.3517587939698501           0.6689014997872565
-0.23618090452261245          0.6659304552981343
-0.12060301507537828          0.6598440866238388
-0.005025125628140596         0.6478125277935242
0.11055276381909708           0.6249796610774407
0.22613065326633117           0.5835427789709094
0.34170854271356893           0.5117620235577448
0.457286432160803             0.39299056832300455
0.5728643216080407            0.20470942840885303
0.6884422110552748            -0.08259303596658171
0.8040201005025125            -0.5069393626248887
0.9195979899497502            -1.1170127408393227
1.0351758793969843            -1.9751397806446365
1.150753768844222             -3.1613455588005057
1.266331658291456             -4.778907938864994
1.3819095477386938            -6.961969838119892
1.4974874371859315            -9.885494192122165
1.6130653266331656            -13.777757141806797
1.7286432160804033            -18.936311492441156
1.8442211055276374            -25.74895676882788
1.959798994974875             -34.72130938376859
2.075376884422109             -46.51282946583728
2.190954773869347             -61.98381215094529
2.3065326633165846            -82.25668336593871
2.4221105527638187            -108.79596831781345
2.5376884422110564            -143.51263078253172
2.6532663316582905            -188.90021659198976
2.768844221105528             -249.9617209360814
