-20.0                         0.2150718397395745
-19.884422110552762           0.21507214749804074
-19.768844221105528           0.21507179859445635
-19.65326633165829            0.21507136197592425
-19.537688442211056           0.21507177372727354
-19.42211055276382            0.21507183034882096
-19.306532663316585           0.21507177079928852
-19.190954773869347           0.21507183294453108
-19.07537688442211            0.21507171018898935
-18.959798994974875           0.2150716889203965
-18.844221105527637           0.2150717482921219
-18.728643216080403           0.21507165573638218
-18.613065326633166           0.21507155777189507
-18.49748743718593            0.215071611042015
-18.381909547738694           0.21507185825237668
-18.266331658291456           0.2150715357736098
-18.150753768844222           0.215071575851434
-18.035175879396984           0.21507122876599877
-17.91959798994975            0.21507149888002297
-17.804020100502512           0.21507149135476988
-17.688442211055275           0.2150715077596486
-17.57286432160804            0.21507149738449347
-17.457286432160803           0.21507134136342573
-17.34170854271357            0.21507142602708948
-17.22613065326633            0.21507146871846528
-17.110552763819094           0.21507133817160604
-16.99497487437186            0.2150713565484477
-16.87939698492462            0.2150714135349363
-16.763819095477388           0.21507133642487763
-16.64824120603015            0.21507134929915306
-16.532663316582916           0.21507129769325536
-16.417085427135678           0.21507133467230286
-16.301507537688444           0.21507131789238534
-16.185929648241206           0.2150712384466513
-16.07035175879397            0.21507126390045023
-15.954773869346734           0.2150710935988404
-15.839195979899497           0.21507118791763255
-15.72361809045226            0.21507117499312478
-15.608040201005025           0.21507106407929055
-15.492462311557789           0.21507110221590967
-15.376884422110553           0.21507105158858966
-15.261306532663315           0.215071123811452
-15.145728643216081           0.21507107479701004
-15.030150753768844           0.2150711150730354
-14.914572864321608           0.21507098306756395
-14.798994974874372           0.21507095232081114
-14.683417085427136           0.21507101651200577
-14.5678391959799             0.21507103645370043
-14.452261306532662           0.2150710115645522
-14.336683417085428           0.2150709552637271
-14.22110552763819            0.2150708850084805
-14.105527638190955           0.21507096349608587
-13.989949748743719           0.21507063011556687
-13.874371859296481           0.21507087843076306
-13.758793969849247           0.2150712475229347
-13.64321608040201            0.21507090355110087
-13.527638190954773           0.21507092541942363
-13.412060301507537           0.21507087349130452
-13.296482412060302           0.2150709883422524
-13.180904522613066           0.21507083500259047
-13.065326633165828           0.2150706467014423
-12.949748743718594           0.215070842213695
-12.834170854271356           0.21507059945551357
-12.71859296482412            0.2150708568735844
-12.603015075376884           0.21507061748830858
-12.487437185929648           0.21507076490642738
-12.371859296482413           0.21507075732352615
-12.256281407035175           0.2150707634853338
-12.14070351758794            0.21507069589972125
-12.025125628140703           0.21507081557990546
-11.909547738693467           0.21507063333010487
-11.793969849246231           0.2150706497698128
-11.678391959798995           0.21507065890414714
-11.56281407035176            0.21507064554822852
-11.447236180904522           0.2150706761095093
-11.331658291457286           0.21507063765435527
-11.21608040201005            0.21507061579002912
-11.100502512562814           0.21507083125940096
-10.984924623115578           0.21507060334523473
-10.869346733668342           0.21507055605504147
-10.753768844221106           0.2150703880465119
-10.638190954773869           0.21507055282311136
-10.522613065326633           0.21507054836359502
-10.407035175879397           0.21507052516529315
-10.291457286432161           0.21507052409938116
-10.175879396984925           0.21507050370204261
-10.06030150753769            0.2150704576387754
-9.944723618090451            0.2150704766092316
-9.829145728643216            0.21507053411797863
-9.71356783919598             0.21507044161731403
-9.597989949748744            0.21507043944382412
-9.482412060301508            0.21507044309261664
-9.366834170854272            0.21507041676479147
-9.251256281407034            0.2150704124917604
-9.135678391959798            0.21507040818857626
-9.020100502512562            0.21507039338497502
-8.904522613065327            0.21507040792933535
-8.78894472361809             0.21507030277617656
-8.673366834170855            0.21507067259618662
-8.557788944723619            0.2150703249628953
-8.442211055276381            0.21507063985540598
-8.326633165829145            0.21507028888445134
-8.21105527638191             0.21507037747931948
-8.095477386934673            0.21507029667434577
-7.9798994974874375           0.21507029791078874
-7.864321608040202            0.21507028762341407
-7.748743718592964            0.21507027949393775
-7.633165829145728            0.215070268594062
-7.517587939698492            0.21507026269422036
-7.402010050251256            0.215070241509829
-7.28643216080402             0.2150702558865447
-7.170854271356784            0.21507023982990953
-7.055276381909547            0.2150701739519561
-6.939698492462311            0.21507021236813756
-6.824120603015075            0.2150702086737333
-6.708542713567839            0.21507024728289006
-6.592964824120603            0.21507017122524688
-6.477386934673367            0.2150701132545848
-6.361809045226131            0.2150701618809336
-6.246231155778894            0.21507010712403954
-6.130653266331658            0.2150701439705993
-6.015075376884422            0.21507013345441753
-5.899497487437186            0.2150701199728544
-5.78391959798995             0.21507010017395267
-5.668341708542714            0.21507008216965207
-5.5527638190954764           0.21507004466662666
-5.4371859296482405           0.21506995496465872
-5.321608040201005            0.21506997053214982
-5.206030150753769            0.21506989598455453
-5.090452261306533            0.215069806713459
-4.974874371859297            0.21506973435581575
-4.859296482412061            0.21506961631817073
-4.743718592964823            0.2150693405701185
-4.628140703517587            0.2150690816408617
-4.5125628140703515           0.21506865070754735
-4.396984924623116            0.21506810389746653
-4.28140703517588             0.21506735532525395
-4.165829145728644            0.21506631212925625
-4.050251256281406            0.21506489484418617
-3.934673366834172            0.2150628875279322
-3.8190954773869343           0.2150601377551599
-3.7035175879396967           0.21505632878671416
-3.5879396984924625           0.215051066189519
-3.472361809045225            0.2150437821289967
-3.3567839195979907           0.21503371403094804
-3.241206030150753            0.2150197759162184
-3.125628140703519            0.2150004915143385
-3.0100502512562812           0.21497383309478102
-2.8944723618090435           0.21493694391425958
-2.7788944723618094           0.21488596323227135
-2.6633165829145717           0.2148155419089833
-2.5477386934673376           0.21471825757267096
-2.4321608040201              0.2145838896624154
-2.316582914572866            0.21439843533793368
-2.201005025125628            0.21414262272300347
-2.0854271356783904           0.21378999860035708
-1.9698492462311563           0.21330430718482785
-1.8542713567839186           0.21263596682686975
-1.7386934673366845           0.2117172730074223
-1.6231155778894468           0.2104559187012528
-1.5075376884422127           0.2087265568900757
-1.391959798994975            0.20635908913820927
-1.2763819095477373           0.20312363067901848
-1.1608040201005032           0.19871029284176703
-1.0452261306532655           0.19270257568953464
-0.9296482412060314           0.18454249728673303
-0.8140703517587937           0.17348471482893735
-0.698492462311556            0.15853637277132304
-0.5829145728643219           0.13837868801944028
-0.46733668341708423          0.111263401137589
-0.3517587939698501           0.07487754520167057
-0.23618090452261245          0.026165497480870412
-0.12060301507537828          -0.038904684658222805
-0.005025125628140596         -0.1256480478670161
0.11055276381909708           -0.2410642999918343
0.22613065326633117           -0.39436235985049184
0.34170854271356893           -0.5976423598168666
0.457286432160803             -0.8667804618388513
0.5728643216080407            -1.2225730484999968
0.6884422110552748            -1.6922141224862128
0.8040201005025125            -2.3112007327721846
0.9195979899497502            -3.125789103322563
1.0351758793969843            -4.196173516583097
1.150753768844222             -5.600657080320234
1.266331658291456             -7.441241403784148
1.3819095477386938            -9.851128428912482
1.4974874371859315            -13.004481713264488
1.6130653266331656            -17.1288489772533
1.7286432160804033            -22.52118016067909
1.8442211055276374            -29.568826602356996
1.959798994974875             -38.77708389714476
2.075376884422109             -50.80518124409573
2.190954773869347             -66.51324531480083
2.3065326633165846            -87.0235777512271
2.4221105527638187            -113.80061126458344
2.5376884422110564            -148.75524032505393
2.6532663316582905            -194.38095855836733
2.768844221105528             -255.6793842526643
