-20.0                         0.5221483928883196
-19.884422110552762           0.5221491332243781
-19.768844221105528           0.5221483142545139
-19.65326633165829            0.5221474297747908
-19.537688442211056           0.5221482718247185
-19.42211055276382            0.5221482770443481
-19.306532663316585           0.5221484603465124
-19.190954773869347           0.5221476231318086
-19.07537688442211            0.5221483785950006
-18.959798994974875           0.5221481706005631
-18.844221105527637           0.5221491230881046
-18.728643216080403           0.5221482090947437
-18.613065326633166           0.5221481420876745
-18.49748743718593            0.5221481348839988
-18.381909547738694           0.5221496490384808
-18.266331658291456           0.5221479820861533
-18.150753768844222           0.5221480675421549
-18.035175879396984           0.5221477448899259
-17.91959798994975            0.5221480179220492
-17.804020100502512           0.522148237594892
-17.688442211055275           0.5221482821226797
-17.57286432160804            0.5221478712144184
-17.457286432160803           0.5221477568322564
-17.34170854271357            0.5221480124516601
-17.22613065326633            0.5221481802644161
-17.110552763819094           0.5221477093975613
-16.99497487437186            0.522147969116538
-16.87939698492462            0.5221479476529419
-16.763819095477388           0.5221481040755946
-16.64824120603015            0.5221478934585123
-16.532663316582916           0.5221476737437913
-16.417085427135678           0.5221477849703027
-16.301507537688444           0.5221475198775238
-16.185929648241206           0.5221477682652085
-16.07035175879397            0.52214788879687
-15.954773869346734           0.522147041860977
-15.839195979899497           0.5221476608355816
-15.72361809045226            0.5221476891371992
-15.608040201005025           0.5221478383858668
-15.492462311557789           0.5221476062851718
-15.376884422110553           0.5221473529423151
-15.261306532663315           0.5221477043478321
-15.145728643216081           0.5221475849650941
-15.030150753768844           0.5221482068183912
-14.914572864321608           0.5221474030818384
-14.798994974874372           0.5221469113851264
-14.683417085427136           0.5221475686947491
-14.5678391959799             0.5221475325236364
-14.452261306532662           0.522147495598649
-14.336683417085428           0.5221474401162013
-14.22110552763819            0.5221474999625527
-14.105527638190955           0.5221474140760666
-13.989949748743719           0.5221467174223494
-13.874371859296481           0.5221472881742847
-13.758793969849247           0.5221480182977258
-13.64321608040201            0.5221473731181681
-13.527638190954773           0.5221470078196462
-13.412060301507537           0.5221473688526005
-13.296482412060302           0.5221474925557277
-13.180904522613066           0.5221473978228858
-13.065326633165828           0.5221469179179301
-12.949748743718594           0.5221473973222595
-12.834170854271356           0.5221469391375773
-12.71859296482412            0.5221475088923616
-12.603015075376884           0.5221468219557768
-12.487437185929648           0.5221473509872181
-12.371859296482413           0.5221472665176288
-12.256281407035175           0.5221473737855153
-12.14070351758794            0.5221472074069503
-12.025125628140703           0.5221472980069785
-11.909547738693467           0.5221470734011651
-11.793969849246231           0.522146949611132
-11.678391959798995           0.5221471696466795
-11.56281407035176            0.5221471385938579
-11.447236180904522           0.5221473618323653
-11.331658291457286           0.5221471953377843
-11.21608040201005            0.5221471289147637
-11.100502512562814           0.5221475033289239
-10.984924623115578           0.5221471762571261
-10.869346733668342           0.5221470530361522
-10.753768844221106           0.5221465850460747
-10.638190954773869           0.5221471173014348
-10.522613065326633           0.5221470079319712
-10.407035175879397           0.5221471154822538
-10.291457286432161           0.5221474730121621
-10.175879396984925           0.5221470308415991
-10.06030150753769            0.5221469178055537
-9.944723618090451            0.522147000581362
-9.829145728643216            0.5221469025285642
-9.71356783919598             0.522147238323705
-9.597989949748744            0.5221469664503628
-9.482412060301508            0.5221469607526151
-9.366834170854272            0.522146996117599
-9.251256281407034            0.522146953107335
-9.135678391959798            0.5221469345520379
-9.020100502512562            0.5221470457578437
-8.904522613065327            0.5221467214950993
-8.78894472361809             0.5221466021360619
-8.673366834170855            0.5221476767421822
-8.557788944723619            0.522146886873697
-8.442211055276381            0.5221476256888465
-8.326633165829145            0.5221466168510784
-8.21105527638191             0.5221468228716218
-8.095477386934673            0.522146853888061
-7.9798994974874375           0.522146844355109
-7.864321608040202            0.5221468124504183
-7.748743718592964            0.5221467738940753
-7.633165829145728            0.5221468298379768
-7.517587939698492            0.5221466708174358
-7.402010050251256            0.5221469532664827
-7.28643216080402             0.5221468177527593
-7.170854271356784            0.5221467671796616
-7.055276381909547            0.5221465452113144
-6.939698492462311            0.5221467392478234
-6.824120603015075            0.5221467613396084
-6.708542713567839            0.5221466997180716
-6.592964824120603            0.5221467122559408
-6.477386934673367            0.5221466387332606
-6.361809045226131            0.5221466990914778
-6.246231155778894            0.522146621845216
-6.130653266331658            0.5221467075460088
-6.015075376884422            0.5221467118778076
-5.899497487437186            0.5221467553730138
-5.78391959798995             0.5221466719247764
-5.668341708542714            0.522146675078984
-5.5527638190954764           0.5221465720816398
-5.4371859296482405           0.522146468447311
-5.321608040201005            0.5221465848340844
-5.206030150753769            0.5221465980731822
-5.090452261306533            0.5221466287312558
-4.974874371859297            0.5221466755442677
-4.859296482412061            0.52214679681268
-4.743718592964823            0.52214662013998
-4.628140703517587            0.5221466812495537
-4.5125628140703515           0.5221465616208197
-4.396984924623116            0.5221465794888529
-4.28140703517588             0.5221465928237288
-4.165829145728644            0.5221465719013945
-4.050251256281406            0.5221465450420796
-3.934673366834172            0.522146579368199
-3.8190954773869343           0.522146585050178
-3.7035175879396967           0.5221465445900778
-3.5879396984924625           0.5221465451827582
-3.472361809045225            0.5221465342121009
-3.3567839195979907           0.5221465492413259
-3.241206030150753            0.5221465096963173
-3.125628140703519            0.5221465082447191
-3.0100502512562812           0.5221465127972338
-2.8944723618090435           0.5221464998477837
-2.7788944723618094           0.5221464151989785
-2.6633165829145717           0.5221464652149408
-2.5477386934673376           0.522146485584872
-2.4321608040201              0.5221464773850374
-2.316582914572866            0.5221464683969026
-2.201005025125628            0.5221464589289582
-2.0854271356783904           0.5221464148137518
-1.9698492462311563           0.5221463021036635
-1.8542713567839186           0.5221460805676471
-1.7386934673366845           0.5221457126624321
-1.6231155778894468           0.5221448351781351
-1.5075376884422127           0.5221430794856325
-1.391959798994975            0.5221391903241179
-1.2763819095477373           0.5221308720838045
-1.1608040201005032           0.5221131603321608
-1.0452261306532655           0.5220755912451792
-0.9296482412060314           0.5219965008788154
-0.8140703517587937           0.5218313005686754
-0.698492462311556            0.5214893773072145
-0.5829145728643219           0.5207910700112869
-0.46733668341708423          0.519386281598473
-0.3517587939698501           0.5166131084102819
-0.23618090452261245          0.5112621363442726
-0.12060301507537828          0.5012124873306758
-0.005025125628140596         0.48291635639262037
0.11055276381909708           0.4507376282760024
0.22613065326633117           0.39618397319531035
0.34170854271356893           0.30708346744928394
0.457286432160803             0.16671773364122636
0.5728643216080407            -0.04715393349465322
0.6884422110552748            -0.36352168794089457
0.8040201005025125            -0.8197825125934111
0.9195979899497502            -1.46400455159115
1.0351758793969843            -2.357978736946709
1.150753768844222             -3.5813060225750304
1.266331658291456             -5.236957751290032
1.3819095477386938            -7.458860864228499
1.4974874371859315            -10.42180607690755
1.6130653266331656            -14.35391979082277
1.7286432160804033            -19.552634686431244
1.8442211055276374            -26.40566342209223
1.959798994974875             -35.41856179217822
2.075376884422109             -47.25074720187183
2.190954773869347             -62.76248413333903
2.3065326633165846            -83.07617618913864
2.4221105527638187            -109.6563321279813
2.5376884422110564            -144.41390349683928
2.6532663316582905            -189.84242697105742
2.768844221105528             -250.94466063457386
