-20.0                         0.5124450018717019
-19.884422110552762           0.5124457361466117
-19.768844221105528           0.5124449242670599
-19.65326633165829            0.5124440450606972
-19.537688442211056           0.5124448817379197
-19.42211055276382            0.5124448902732811
-19.306532663316585           0.5124450683631178
-19.190954773869347           0.5124442492804326
-19.07537688442211            0.5124449856054427
-18.959798994974875           0.5124447811923241
-18.844221105527637           0.5124457207990738
-18.728643216080403           0.5124448208355483
-18.613065326633166           0.5124447491315574
-18.49748743718593            0.5124447451027534
-18.381909547738694           0.5124462392407818
-18.266331658291456           0.5124445931010658
-18.150753768844222           0.5124446785968803
-18.035175879396984           0.5124443484272461
-17.91959798994975            0.512444627961705
-17.804020100502512           0.5124448425324454
-17.688442211055275           0.5124448908856436
-17.57286432160804            0.5124444863509675
-17.457286432160803           0.5124443679694578
-17.34170854271357            0.5124446229754105
-17.22613065326633            0.5124447916896191
-17.110552763819094           0.5124443209126224
-16.99497487437186            0.5124445755906177
-16.87939698492462            0.5124445626771175
-16.763819095477388           0.5124447087368563
-16.64824120603015            0.512444506135712
-16.532663316582916           0.5124442846191464
-16.417085427135678           0.5124443965598443
-16.301507537688444           0.5124441388837945
-16.185929648241206           0.5124443786399685
-16.07035175879397            0.5124444963862594
-15.954773869346734           0.5124436611075602
-15.839195979899497           0.5124442715021329
-15.72361809045226            0.5124442987325627
-15.608040201005025           0.5124444376454934
-15.492462311557789           0.5124442161279258
-15.376884422110553           0.5124439620666449
-15.261306532663315           0.5124443136021534
-15.145728643216081           0.5124441943535184
-15.030150753768844           0.5124448076356433
-14.914572864321608           0.5124440142399314
-14.798994974874372           0.5124435291014114
-14.683417085427136           0.512444177548927
-14.5678391959799             0.5124441430579644
-14.452261306532662           0.5124441062532071
-14.336683417085428           0.5124440504579174
-14.22110552763819            0.5124441028457642
-14.105527638190955           0.5124440253231031
-13.989949748743719           0.5124433332020628
-13.874371859296481           0.5124438996952942
-13.758793969849247           0.5124446286199886
-13.64321608040201            0.5124439843603055
-13.527638190954773           0.5124436265678205
-13.412060301507537           0.5124439792481754
-13.296482412060302           0.5124441076255057
-13.180904522613066           0.5124440059563657
-13.065326633165828           0.5124435287305849
-12.949748743718594           0.5124440077285124
-12.834170854271356           0.5124435510138068
-12.71859296482412            0.512444117578041
-12.603015075376884           0.512443434444497
-12.487437185929648           0.5124439600023551
-12.371859296482413           0.5124438784495958
-12.256281407035175           0.5124439819055783
-12.14070351758794            0.5124438173232997
-12.025125628140703           0.5124439126394599
-11.909547738693467           0.5124436843659189
-11.793969849246231           0.5124435618591088
-11.678391959798995           0.512443779430157
-11.56281407035176            0.5124437487986562
-11.447236180904522           0.5124439687441718
-11.331658291457286           0.5124438050170435
-11.21608040201005            0.5124437391043779
-11.100502512562814           0.512444113822159
-10.984924623115578           0.512443785711041
-10.869346733668342           0.5124436631957879
-10.753768844221106           0.5124431996483871
-10.638190954773869           0.5124437259738003
-10.522613065326633           0.5124436190650503
-10.407035175879397           0.512443723565821
-10.291457286432161           0.5124440742521983
-10.175879396984925           0.5124436408421467
-10.06030150753769            0.5124435285366834
-9.944723618090451            0.5124436102789759
-9.829145728643216            0.5124435172246282
-9.71356783919598             0.5124438420295077
-9.597989949748744            0.5124435758730541
-9.482412060301508            0.512443570732052
-9.366834170854272            0.5124436044519267
-9.251256281407034            0.5124435626165565
-9.135678391959798            0.5124435448819402
-9.020100502512562            0.5124436534409794
-8.904522613065327            0.5124433358423061
-8.78894472361809             0.5124432155053393
-8.673366834170855            0.5124442793910914
-8.557788944723619            0.5124434957532935
-8.442211055276381            0.5124442286092541
-8.326633165829145            0.5124432298727242
-8.21105527638191             0.5124434360281108
-8.095477386934673            0.5124434616976489
-7.9798994974874375           0.5124434535808327
-7.864321608040202            0.5124434221189134
-7.748743718592964            0.5124433842122109
-7.633165829145728            0.512443438772448
-7.517587939698492            0.5124432827454345
-7.402010050251256            0.51244355889543
-7.28643216080402             0.5124434270902822
-7.170854271356784            0.5124433770687243
-7.055276381909547            0.5124431567307566
-6.939698492462311            0.5124433488906397
-6.824120603015075            0.512443370780896
-6.708542713567839            0.5124433113147344
-6.592964824120603            0.5124433214911698
-6.477386934673367            0.5124432473050546
-6.361809045226131            0.5124433083901618
-6.246231155778894            0.5124432316876499
-6.130653266331658            0.512443317064428
-6.015075376884422            0.5124433212131247
-5.899497487437186            0.5124433639946009
-5.78391959798995             0.5124432818808743
-5.668341708542714            0.5124432847279166
-5.5527638190954764           0.5124431832958019
-5.4371859296482405           0.5124430799689088
-5.321608040201005            0.512443196184859
-5.206030150753769            0.5124432082137492
-5.090452261306533            0.5124432373759699
-4.974874371859297            0.512443285995705
-4.859296482412061            0.5124434054768036
-4.743718592964823            0.5124432296821169
-4.628140703517587            0.5124432900834209
-4.5125628140703515           0.5124431716871957
-4.396984924623116            0.5124431892205792
-4.28140703517588             0.5124432022858142
-4.165829145728644            0.5124431815448144
-4.050251256281406            0.5124431560791111
-3.934673366834172            0.5124431886255136
-3.8190954773869343           0.5124431940861053
-3.7035175879396967           0.5124431541325256
-3.5879396984924625           0.5124431544929483
-3.472361809045225            0.5124431435709786
-3.3567839195979907           0.5124431583628752
-3.241206030150753            0.5124431194374668
-3.125628140703519            0.5124431178909702
-3.0100502512562812           0.5124431223929468
-2.8944723618090435           0.5124431086084452
-2.7788944723618094           0.5124430253261122
-2.6633165829145717           0.5124430741729253
-2.5477386934673376           0.5124430945066479
-2.4321608040201              0.5124430856473599
-2.316582914572866            0.5124430751931834
-2.201005025125628            0.5124430626245868
-2.0854271356783904           0.5124430126588911
-1.9698492462311563           0.5124428878909391
-1.8542713567839186           0.5124426414423988
-1.7386934673366845           0.5124422214783122
-1.6231155778894468           0.5124412381948523
-1.5075376884422127           0.5124392674999967
-1.391959798994975            0.5124349469277716
-1.2763819095477373           0.5124257655833372
-1.1608040201005032           0.512406344729967
-1.0452261306532655           0.5123654256288247
-0.9296482412060314           0.5122798498306296
-0.8140703517587937           0.5121022797631454
-0.698492462311556            0.5117371924810464
-0.5829145728643219           0.5109964456099841
-0.46733668341708423          0.5095159478505715
-0.3517587939698501           0.5066119708811433
-0.23618090452261245          0.5010434393266896
-0.12060301507537828          0.4906475842023731
-0.005025125628140596         0.4718273368160526
0.11055276381909708           0.43889696914795207
0.22613065326633117           0.38332413725040426
0.34170854271356893           0.29291569620441243
0.457286432160803             0.15095509255577097
0.5728643216080407            -0.06477590325406417
0.6884422110552748            -0.3832314920814663
0.8040201005025125            -0.8417675074264986
0.9195979899497502            -1.4884122717304293
1.0351758793969843            -2.384922116411402
1.150753768844222             -3.610870514283173
1.266331658291456             -5.2692088362398115
1.3819095477386938            -7.493849801183171
1.4974874371859315            -10.459572612490579
1.6130653266331656            -14.394493550721998
1.7286432160804033            -19.59603711790486
1.8442211055276374            -26.45191002006078
1.959798994974875             -35.46766387316314
2.075376884422109             -47.30271312312477
2.190954773869347             -62.81732012078118
2.3065326633165846            -83.13388691193943
2.4221105527638187            -109.71692110571038
2.5376884422110564            -144.47737339286473
2.6532663316582905            -189.90877980679508
2.768844221105528             -251.0138817401015
