-20.0                         0.3438449669242187
-19.884422110552762           0.343845581381927
-19.768844221105528           0.3438449063074829
-19.65326633165829            0.3438441436623507
-19.537688442211056           0.3438448700773028
-19.42211055276382            0.34384492891967905
-19.306532663316585           0.3438449998669964
-19.190954773869347           0.3438445383426665
-19.07537688442211            0.3438449138886095
-18.959798994974875           0.3438447800182774
-18.844221105527637           0.3438454349234017
-18.728643216080403           0.34384481732464434
-18.613065326633166           0.34384468752650216
-18.49748743718593            0.34384472933038684
-18.381909547738694           0.34384582103353756
-18.266331658291456           0.34384459895273595
-18.150753768844222           0.34384468190300527
-18.035175879396984           0.34384424502505423
-17.91959798994975            0.343844610469438
-17.804020100502512           0.34384473286197
-17.688442211055275           0.34384481977719966
-17.57286432160804            0.3438445602268661
-17.457286432160803           0.34384437829872283
-17.34170854271357            0.3438446001281367
-17.22613065326633            0.34384476493626914
-17.110552763819094           0.34384434236993644
-16.99497487437186            0.3438445037704791
-16.87939698492462            0.3438446077031695
-16.763819095477388           0.343844595965097
-16.64824120603015            0.3438445193282925
-16.532663316582916           0.34384430755536205
-16.417085427135678           0.34384441147062683
-16.301507537688444           0.34384428511234677
-16.185929648241206           0.34384436491954284
-16.07035175879397            0.343844437992842
-15.954773869346734           0.34384382813415426
-15.839195979899497           0.3438442702487549
-15.72361809045226            0.343844280981684
-15.608040201005025           0.343844251113038
-15.492462311557789           0.3438442004996631
-15.376884422110553           0.3438439667707721
-15.261306532663315           0.3438442801811587
-15.145728643216081           0.34384417266529155
-15.030150753768844           0.3438445986293764
-14.914572864321608           0.3438440245198105
-14.798994974874372           0.3438436793541401
-14.683417085427136           0.34384414355328347
-14.5678391959799             0.34384414192479074
-14.452261306532662           0.34384410762341744
-14.336683417085428           0.34384404347255487
-14.22110552763819            0.3438439839589799
-14.105527638190955           0.34384403675970615
-13.989949748743719           0.343843437530611
-13.874371859296481           0.3438439161877136
-13.758793969849247           0.3438445974188383
-13.64321608040201            0.3438439927721182
-13.527638190954773           0.34384378087930134
-13.412060301507537           0.3438439738802795
-13.296482412060302           0.3438441643840576
-13.180904522613066           0.3438439629007951
-13.065326633165828           0.3438435499116238
-12.949748743718594           0.3438439945726128
-12.834170854271356           0.34384357816606675
-12.71859296482412            0.3438440718875135
-12.603015075376884           0.3438434857315044
-12.487437185929648           0.34384392345154363
-12.371859296482413           0.3438438884896848
-12.256281407035175           0.3438439322107797
-12.14070351758794            0.34384380227000994
-12.025125628140703           0.34384396607252016
-11.909547738693467           0.3438436902442131
-11.793969849246231           0.3438436071503345
-11.678391959798995           0.34384376376605125
-11.56281407035176            0.3438437397451448
-11.447236180904522           0.3438438959414513
-11.331658291457286           0.34384378175317765
-11.21608040201005            0.34384372788964057
-11.100502512562814           0.3438440937968869
-10.984924623115578           0.34384375765784114
-10.869346733668342           0.34384365295855396
-10.753768844221106           0.34384327815442745
-10.638190954773869           0.343843690106013
-10.522613065326633           0.3438436269378801
-10.407035175879397           0.34384367436152774
-10.291457286432161           0.34384389577980473
-10.175879396984925           0.3438436248519204
-10.06030150753769            0.3438435294224953
-9.944723618090451            0.34384359170527307
-9.829145728643216            0.34384358470441595
-9.71356783919598             0.343843709350341
-9.597989949748744            0.34384355344353645
-9.482412060301508            0.3438435571954604
-9.366834170854272            0.343843560445491
-9.251256281407034            0.3438435392198732
-9.135678391959798            0.34384353351210667
-9.020100502512562            0.34384358934355796
-8.904522613065327            0.3438434041357542
-8.78894472361809             0.34384326799371473
-8.673366834170855            0.34384411917093466
-8.557788944723619            0.3438434614785484
-8.442211055276381            0.343844073801337
-8.326633165829145            0.3438432750767957
-8.21105527638191             0.343843473638984
-8.095477386934673            0.3438434151153279
-7.9798994974874375           0.3438434256096067
-7.864321608040202            0.34384340282823034
-7.748743718592964            0.3438433764236483
-7.633165829145728            0.3438434056499716
-7.517587939698492            0.34384330894538856
-7.402010050251256            0.34384346245546304
-7.28643216080402             0.3438433991682472
-7.170854271356784            0.3438433605958456
-7.055276381909547            0.34384317835667966
-6.939698492462311            0.34384332928520955
-6.824120603015075            0.34384334519636317
-6.708542713567839            0.3438433264021254
-6.592964824120603            0.3438432946300907
-6.477386934673367            0.34384321295549086
-6.361809045226131            0.34384328383871327
-6.246231155778894            0.34384321604711165
-6.130653266331658            0.3438432922193844
-6.015075376884422            0.34384329219745174
-5.899497487437186            0.3438433189794695
-5.78391959798995             0.3438432652046744
-5.668341708542714            0.3438432636782855
-5.5527638190954764           0.34384319400930946
-5.4371859296482405           0.34384309646689964
-5.321608040201005            0.3438432062801822
-5.206030150753769            0.3438431986740379
-5.090452261306533            0.3438432026705259
-4.974874371859297            0.3438432730928951
-4.859296482412061            0.34384335941478833
-4.743718592964823            0.3438432052935204
-4.628140703517587            0.34384325315810393
-4.5125628140703515           0.343843160323117
-4.396984924623116            0.3438431690779963
-4.28140703517588             0.3438431769119259
-4.165829145728644            0.3438431603567939
-4.050251256281406            0.34384315876611443
-3.934673366834172            0.34384316014490646
-3.8190954773869343           0.3438431614329149
-3.7035175879396967           0.3438431313844607
-3.5879396984924625           0.3438431280610678
-3.472361809045225            0.34384311756769836
-3.3567839195979907           0.3438431268356509
-3.241206030150753            0.3438430997510955
-3.125628140703519            0.3438430923463777
-3.0100502512562812           0.3438430911099029
-2.8944723618090435           0.3438430565398339
-2.7788944723618094           0.3438429828132418
-2.6633165829145717           0.3438429831877181
-2.5477386934673376           0.34384294906557644
-2.4321608040201              0.343842831526554
-2.316582914572866            0.34384261527612975
-2.201005025125628            0.343842214555442
-2.0854271356783904           0.3438414470239328
-1.9698492462311563           0.34383998248286235
-1.8542713567839186           0.3438372365591844
-1.7386934673366845           0.34383214920425875
-1.6231155778894468           0.343822528397838
-1.5075376884422127           0.34380461957479197
-1.391959798994975            0.3437710946534938
-1.2763819095477373           0.34370868373858277
-1.1608040201005032           0.34359302274568587
-1.0452261306532655           0.3433797127642249
-0.9296482412060314           0.3429888167900202
-0.8140703517587937           0.3422778849786039
-0.698492462311556            0.34099661932778913
-0.5829145728643219           0.33871362552854106
-0.46733668341708423          0.334699658271734
-0.3517587939698501           0.32775313248178556
-0.23618090452261245          0.31594983563121415
-0.12060301507537828          0.29630505266944507
-0.005025125628140596         0.26434361820297797
0.11055276381909708           0.2135817651555807
0.22613065326633117           0.13492404600960378
0.34170854271356893           0.015965033172384985
0.457286432160803             -0.15984466064945108
0.5728643216080407            -0.41424181382684283
0.6884422110552748            -0.7755071864339753
0.8040201005025125            -1.28025884702946
0.9195979899497502            -1.975820430339305
1.0351758793969843            -2.9233355473099283
1.150753768844222             -4.20188812915489
1.266331658291456             -5.914070810434013
1.3819095477386938            -8.19353698823426
1.4974874371859315            -11.214851546253184
1.6130653266331656            -15.205939450178203
1.7286432160804033            -20.464069051040706
1.8442211055276374            -27.376832396995518
1.959798994974875             -36.44969996277375
2.075376884422109             -48.34202834335359
2.190954773869347             -63.91403800644435
2.3065326633165846            -84.28810028215528
2.4221105527638187            -110.92870002636703
2.5376884422110564            -145.74677094275748
2.6532663316582905            -191.23583630464944
2.768844221105528             -252.39830385065426
