-20.0                         0.30254865885476284
-19.884422110552762           0.3025492356512034
-19.768844221105528           0.3025486021669541
-19.65326633165829            0.30254787894290286
-19.537688442211056           0.3025485692389611
-19.42211055276382            0.30254863746698524
-19.306532663316585           0.3025486777177113
-19.190954773869347           0.3025483188682747
-19.07537688442211            0.3025485949801509
-18.959798994974875           0.3025484815104272
-18.844221105527637           0.30254904313902165
-18.728643216080403           0.30254851076611017
-18.613065326633166           0.30254837491315045
-18.49748743718593            0.3025484250371303
-18.381909547738694           0.3025493931300622
-18.266331658291456           0.30254830255303794
-18.150753768844222           0.3025483831127267
-18.035175879396984           0.3025479305424271
-17.91959798994975            0.30254830630490864
-17.804020100502512           0.3025484041789507
-17.688442211055275           0.3025484904520447
-17.57286432160804            0.30254827728982314
-17.457286432160803           0.30254808405895406
-17.34170854271357            0.3025482895384127
-17.22613065326633            0.30254844505857753
-17.110552763819094           0.302548052686634
-16.99497487437186            0.3025481889558032
-16.87939698492462            0.30254830836567315
-16.763819095477388           0.3025482664895782
-16.64824120603015            0.30254821606818916
-16.532663316582916           0.3025480210912195
-16.417085427135678           0.3025481166566414
-16.301507537688444           0.30254802204845055
-16.185929648241206           0.30254806043623206
-16.07035175879397            0.30254812375187606
-15.954773869346734           0.302547579967709
-15.839195979899497           0.3025479715800685
-15.72361809045226            0.30254797850091714
-15.608040201005025           0.3025479126672553
-15.492462311557789           0.302547898195347
-15.376884422110553           0.30254768220815825
-15.261306532663315           0.3025479706372288
-15.145728643216081           0.30254786954793594
-15.030150753768844           0.30254823478059883
-14.914572864321608           0.30254773007056923
-14.798994974874372           0.30254743047899463
-14.683417085427136           0.30254783622892617
-14.5678391959799             0.30254784309533733
-14.452261306532662           0.3025478096578564
-14.336683417085428           0.3025477433230577
-14.22110552763819            0.30254766376542136
-14.105527638190955           0.302547741762993
-13.989949748743719           0.3025471728551851
-13.874371859296481           0.3025476232137268
-13.758793969849247           0.30254827975608306
-13.64321608040201            0.3025476959006598
-13.527638190954773           0.30254752627044296
-13.412060301507537           0.3025476739643538
-13.296482412060302           0.3025478713026604
-13.180904522613066           0.3025476545513059
-13.065326633165828           0.30254726552394695
-12.949748743718594           0.3025476896089229
-12.834170854271356           0.30254728998134933
-12.71859296482412            0.30254775761709424
-12.603015075376884           0.30254720918846484
-12.487437185929648           0.30254761343837966
-12.371859296482413           0.3025475880900582
-12.256281407035175           0.3025476198572555
-12.14070351758794            0.30254749971838907
-12.025125628140703           0.3025476740304152
-11.909547738693467           0.3025473942080946
-11.793969849246231           0.30254732678795454
-11.678391959798995           0.30254746156751955
-11.56281407035176            0.3025474391468278
-11.447236180904522           0.3025475765192579
-11.331658291457286           0.3025474754233874
-11.21608040201005            0.3025474258680079
-11.100502512562814           0.30254778277205086
-10.984924623115578           0.30254744978699044
-10.869346733668342           0.30254735186068366
-10.753768844221106           0.3025470045255076
-10.638190954773869           0.3025473824496344
-10.522613065326633           0.30254733069042955
-10.407035175879397           0.30254736291172735
-10.291457286432161           0.3025475474390706
-10.175879396984925           0.3025473211559293
-10.06030150753769            0.3025472317054808
-9.944723618090451            0.30254728821275745
-9.829145728643216            0.3025473017031199
-9.71356783919598             0.30254737452675956
-9.597989949748744            0.3025472494093901
-9.482412060301508            0.302547254933855
-9.366834170854272            0.3025472502973712
-9.251256281407034            0.30254723403190614
-9.135678391959798            0.30254723035247993
-9.020100502512562            0.30254727129985237
-8.904522613065327            0.3025471244903024
-8.78894472361809             0.30254698572943667
-8.673366834170855            0.30254777175842157
-8.557788944723619            0.3025471536537667
-8.442211055276381            0.3025477280591009
-8.326633165829145            0.3025469904106547
-8.21105527638191             0.3025471820746532
-8.095477386934673            0.3025471068356273
-7.9798994974874375           0.30254711956315417
-7.864321608040202            0.3025470992044077
-7.748743718592964            0.3025470758398358
-7.633165829145728            0.302547098149004
-7.517587939698492            0.3025470186215761
-7.402010050251256            0.30254713748316064
-7.28643216080402             0.3025470922299779
-7.170854271356784            0.3025470572021318
-7.055276381909547            0.30254688875699964
-6.939698492462311            0.3025470255921263
-6.824120603015075            0.3025470390790285
-6.708542713567839            0.30254703165745317
-6.592964824120603            0.3025469891857765
-6.477386934673367            0.30254690744580187
-6.361809045226131            0.3025469793865324
-6.246231155778894            0.30254691373876613
-6.130653266331658            0.30254698614567
-6.015075376884422            0.30254698491292703
-5.899497487437186            0.3025470064096074
-5.78391959798995             0.3025469612374042
-5.668341708542714            0.3025469589989897
-5.5527638190954764           0.3025468987739366
-5.4371859296482405           0.3025468034929773
-5.321608040201005            0.30254690966559517
-5.206030150753769            0.3025468977981882
-5.090452261306533            0.30254689619741104
-4.974874371859297            0.3025469679192187
-4.859296482412061            0.30254704506585756
-4.743718592964823            0.3025468993601801
-4.628140703517587            0.30254694378947783
-4.5125628140703515           0.3025468588248212
-4.396984924623116            0.30254686452645135
-4.28140703517588             0.30254687083683157
-4.165829145728644            0.30254685559775896
-4.050251256281406            0.30254685956905625
-3.934673366834172            0.30254685327757574
-3.8190954773869343           0.30254685322344793
-3.7035175879396967           0.30254682585058373
-3.5879396984924625           0.30254682127506305
-3.472361809045225            0.3025468099499394
-3.3567839195979907           0.30254681592708754
-3.241206030150753            0.3025467893926029
-3.125628140703519            0.30254677466043844
-3.0100502512562812           0.30254676230545524
-2.8944723618090435           0.30254670651714066
-2.7788944723618094           0.3025466058902277
-2.6633165829145717           0.30254654172304846
-2.5477386934673376           0.302546401126731
-2.4321608040201              0.30254609465228627
-2.316582914572866            0.30254554385348503
-2.201005025125628            0.30254455219828713
-2.0854271356783904           0.30254274730058434
-1.9698492462311563           0.30253946445467916
-1.8542713567839186           0.30253354133795207
-1.7386934673366845           0.30252291909578544
-1.6231155778894468           0.3025037177826981
-1.5075376884422127           0.3024693105093446
-1.391959798994975            0.30240757507482424
-1.2763819095477373           0.3022972865589861
-1.1608040201005032           0.3021011109042024
-1.0452261306532655           0.3017538498975102
-0.9296482412060314           0.3011429178975542
-0.8140703517587937           0.30007594952868455
-0.698492462311556            0.2982287847058224
-0.5829145728643219           0.29506497671100407
-0.46733668341708423          0.289713177382664
-0.3517587939698501           0.2807910424573482
-0.23618090452261245          0.2661614673017755
-0.12060301507537828          0.242612283226272
-0.005025125628140596         0.2054545962645227
0.11055276381909708           0.14803816593084212
0.22613065326633117           0.061177195318634234
0.34170854271356893           -0.06753369877099163
0.457286432160803             -0.25455842056641353
0.5728643216080407            -0.5214837824731657
0.6884422110552748            -0.8964044612108127
0.8040201005025125            -1.415743124722059
0.9195979899497502            -2.1266386844290164
1.0351758793969843            -3.0900733895256676
1.150753768844222             -4.385000986682198
1.266331658291456             -6.1139175546579425
1.3819095477386938            -8.41040521395685
1.4974874371859315            -11.448968257572872
1.6130653266331656            -15.4574764627725
1.7286432160804033            -20.733152542582733
1.8442211055276374            -27.663554649400723
1.959798994974875             -36.75412902123973
2.075376884422109             -48.66421482631918
2.190954773869347             -64.25401983225613
2.3065326633165846            -84.64590600780538
2.4221105527638187            -111.30435124696265
2.5376884422110564            -146.14028404004955
2.6532663316582905            -191.6472237351702
2.768844221105528             -252.82747470492563
