-20.0                         0.22167462565650273
-19.884422110552762           0.22167509543434968
-19.768844221105528           0.22167457714248506
-19.65326633165829            0.2216739672743421
-19.537688442211056           0.22167455146514195
-19.42211055276382            0.22167463004255927
-19.306532663316585           0.22167460418082577
-19.190954773869347           0.22167448361141945
-19.07537688442211            0.22167453275462062
-18.959798994974875           0.22167446790985781
-18.844221105527637           0.22167478492928064
-18.728643216080403           0.22167446810736557
-18.613065326633166           0.22167433598180883
-18.49748743718593            0.2216743975748746
-18.381909547738694           0.2216750393766138
-18.266331658291456           0.22167429646864253
-18.150753768844222           0.2216743655914946
-18.035175879396984           0.22167391335741823
-17.91959798994975            0.22167428048154536
-17.804020100502512           0.2216743221380843
-17.688442211055275           0.22167438671520032
-17.57286432160804            0.22167428574996664
-17.457286432160803           0.221674085762323
-17.34170854271357            0.2216742400994205
-17.22613065326633            0.2216743550650497
-17.110552763819094           0.22167406797335681
-16.99497487437186            0.22167414570872196
-16.87939698492462            0.22167426505261398
-16.763819095477388           0.22167418025772387
-16.64824120603015            0.22167417530011008
-16.532663316582916           0.22167404210099007
-16.417085427135678           0.22167411061743128
-16.301507537688444           0.22167407534537012
-16.185929648241206           0.22167403027200752
-16.07035175879397            0.22167407433413464
-15.954773869346734           0.2216736999088955
-15.839195979899497           0.22167395900722484
-15.72361809045226            0.22167395695534028
-15.608040201005025           0.22167383461248297
-15.492462311557789           0.22167387779417747
-15.376884422110553           0.2216737277098096
-15.261306532663315           0.2216739287375117
-15.145728643216081           0.2216738488248354
-15.030150753768844           0.22167405570301607
-14.914572864321608           0.22167373066298704
-14.798994974874372           0.22167355471128147
-14.683417085427136           0.2216738040305088
-14.5678391959799             0.2216738260146555
-14.452261306532662           0.2216737954304034
-14.336683417085428           0.22167372756238346
-14.22110552763819            0.22167362628002976
-14.105527638190955           0.22167373619094827
-13.989949748743719           0.22167325651010344
-13.874371859296481           0.22167362652623165
-13.758793969849247           0.22167418958929708
-13.64321608040201            0.22167368404125698
-13.527638190954773           0.22167361651773257
-13.412060301507537           0.2216736565227136
-13.296482412060302           0.22167384353301967
-13.180904522613066           0.22167362215937397
-13.065326633165828           0.22167330829444581
-12.949748743718594           0.22167365413914278
-12.834170854271356           0.2216733105448283
-12.71859296482412            0.22167369852111826
-12.603015075376884           0.2216732690177711
-12.487437185929648           0.2216735708037287
-12.371859296482413           0.22167356083750242
-12.256281407035175           0.2216735735827361
-12.14070351758794            0.22167347742668472
-12.025125628140703           0.2216736535202763
-11.909547738693467           0.22167338983537194
-11.793969849246231           0.2216733657009994
-11.678391959798995           0.2216734405246606
-11.56281407035176            0.22167342211456662
-11.447236180904522           0.22167351087885592
-11.331658291457286           0.2216734404148565
-11.21608040201005            0.22167340318240797
-11.100502512562814           0.22167371872820715
-10.984924623115578           0.22167341069125013
-10.869346733668342           0.22167333332552225
-10.753768844221106           0.22167306100734727
-10.638190954773869           0.221673348331349
-10.522613065326633           0.2216733224040884
-10.407035175879397           0.22167332168653547
-10.291457286432161           0.22167341493751888
-10.175879396984925           0.22167329423757387
-10.06030150753769            0.22167322235490083
-9.944723618090451            0.2216732631910795
-9.829145728643216            0.2216733149123943
-9.71356783919598             0.2216732793869495
-9.597989949748744            0.22167322423035063
-9.482412060301508            0.22167323185917534
-9.366834170854272            0.22167321138868884
-9.251256281407034            0.22167320445923883
-9.135678391959798            0.22167320281611996
-9.020100502512562            0.22167321071905097
-8.904522613065327            0.22167315395833564
-8.78894472361809             0.22167301692056993
-8.673366834170855            0.22167362696336032
-8.557788944723619            0.22167311884420754
-8.442211055276381            0.22167358782170102
-8.326633165829145            0.221673014579019
-8.21105527638191             0.2216731750044858
-8.095477386934673            0.2216730770391795
-7.9798994974874375           0.22167308903352412
-7.864321608040202            0.22167307417516552
-7.748743718592964            0.22167305810026888
-7.633165829145728            0.22167306385732374
-7.517587939698492            0.22167302474959158
-7.402010050251256            0.22167306422121272
-7.28643216080402             0.22167305721949804
-7.170854271356784            0.2216730312851168
-7.055276381909547            0.22167290434495002
-6.939698492462311            0.22167300037766738
-6.824120603015075            0.2216730066389452
-6.708542713567839            0.2216730258377387
-6.592964824120603            0.22167296090152
-6.477386934673367            0.22167288442182836
-6.361809045226131            0.2216729538152509
-6.246231155778894            0.2216728933285443
-6.130653266331658            0.22167295380997218
-6.015075376884422            0.22167295015894167
-5.899497487437186            0.22167295793336528
-5.78391959798995             0.22167293303571647
-5.668341708542714            0.22167293002081198
-5.5527638190954764           0.22167289258100314
-5.4371859296482405           0.2216728067697729
-5.321608040201005            0.2216728975402789
-5.206030150753769            0.22167287842111652
-5.090452261306533            0.2216728672388361
-4.974874371859297            0.22167293088786208
-4.859296482412061            0.2216729855062495
-4.743718592964823            0.22167286671862518
-4.628140703517587            0.22167290177044865
-4.5125628140703515           0.22167283633496165
-4.396984924623116            0.22167283353575287
-4.28140703517588             0.22167283438371407
-4.165829145728644            0.2216728195996932
-4.050251256281406            0.22167282916597053
-3.934673366834172            0.22167280087401653
-3.8190954773869343           0.22167278589974942
-3.7035175879396967           0.221672746685298
-3.5879396984924625           0.22167270936514824
-3.472361809045225            0.2216726473243737
-3.3567839195979907           0.2216725665608184
-3.241206030150753            0.2216724141257415
-3.125628140703519            0.22167217802714972
-3.0100502512562812           0.2216718115964699
-2.8944723618090435           0.22167118349607617
-2.7788944723618094           0.2216701792545959
-2.6633165829145717           0.22166862251870878
-2.5477386934673376           0.22166609238737162
-2.4321608040201              0.2216619463149392
-2.316582914572866            0.22165523054943165
-2.201005025125628            0.2216443591344105
-2.0854271356783904           0.22162676455700786
-1.9698492462311563           0.2215983108136925
-1.8542713567839186           0.22155238203548855
-1.7386934673366845           0.221478389136611
-1.6231155778894468           0.22135927629896907
-1.5075376884422127           0.22116811344950776
-1.391959798994975            0.22086193897579845
-1.2763819095477373           0.2203731390947496
-1.1608040201005032           0.21959571066756733
-1.0452261306532655           0.2183646132055843
-0.9296482412060314           0.21642524775053257
-0.8140703517587937           0.21338864439121383
-0.698492462311556            0.20866731416696696
-0.5829145728643219           0.20138596597639866
-0.46733668341708423          0.19025849815015247
-0.3517587939698501           0.17342503340222104
-0.23618090452261245          0.14823941942273144
-0.12060301507537828          0.11099841556426068
-0.005025125628140596         0.05660108751847269
0.11055276381909708           -0.021876729265528944
0.22613065326633117           -0.13371599672220957
0.34170854271356893           -0.29122847595970097
0.457286432160803             -0.5106183215589564
0.5728643216080407            -0.8130929235688046
0.6884422110552748            -1.2263033372752874
0.8040201005025125            -1.7862150759341506
0.9195979899497502            -2.5395348075846305
1.0351758793969843            -3.5468638835375685
1.150753768844222             -4.886845445416415
1.266331658291456             -6.661742492182837
1.3819095477386938            -9.004961669959844
1.4974874371859315            -12.090854210924428
1.6130653266331656            -16.147147926906296
1.7286432160804033            -21.470946747630094
1.8442211055276374            -28.44971970425298
1.959798994974875             -37.58884872544351
2.075376884422109             -49.54762639319648
2.190954773869347             -65.18622632638089
2.3065326633165846            -85.6269852088793
2.4221105527638187            -112.33436206530914
2.5376884422110564            -147.2192712178951
2.6532663316582905            -192.77522132532047
2.768844221105528             -254.00423349889547
