-20.0                         1.7517906055397867
-19.884422110552762           1.7517921177985833
-19.768844221105528           1.7517904400694413
-19.65326633165829            1.7517894583642564
-19.537688442211056           1.7517909093446402
-19.42211055276382            1.7517902825413871
-19.306532663316585           1.7517903936916743
-19.190954773869347           1.7517886438226358
-19.07537688442211            1.7517909407931274
-18.959798994974875           1.7517905312067579
-18.844221105527637           1.7517915708475875
-18.728643216080403           1.751789981984134
-18.613065326633166           1.7517909536089236
-18.49748743718593            1.7517902605947493
-18.381909547738694           1.751793204313034
-18.266331658291456           1.7517902661288842
-18.150753768844222           1.7517903184845809
-18.035175879396984           1.751791331449912
-17.91959798994975            1.7517901728371217
-17.804020100502512           1.7517909272168792
-17.688442211055275           1.751789970010462
-17.57286432160804            1.751790083288653
-17.457286432160803           1.7517900545889977
-17.34170854271357            1.7517899089627855
-17.22613065326633            1.751789687900592
-17.110552763819094           1.7517900597881753
-16.99497487437186            1.7517905257553308
-16.87939698492462            1.7517893725599765
-16.763819095477388           1.7517909761361992
-16.64824120603015            1.7517897587790512
-16.532663316582916           1.7517906214080379
-16.417085427135678           1.7517899873127174
-16.301507537688444           1.75178927397842
-16.185929648241206           1.7517900481082505
-16.07035175879397            1.7517903817332352
-15.954773869346734           1.7517885844161323
-15.839195979899497           1.751789965785875
-15.72361809045226            1.7517903026912656
-15.608040201005025           1.7517914764711724
-15.492462311557789           1.751790012358915
-15.376884422110553           1.751790522311898
-15.261306532663315           1.7517900483781792
-15.145728643216081           1.7517900525812486
-15.030150753768844           1.751790772501113
-14.914572864321608           1.7517896918436706
-14.798994974874372           1.7517888997639817
-14.683417085427136           1.7517900698746525
-14.5678391959799             1.751790074079675
-14.452261306532662           1.7517900449805883
-14.336683417085428           1.751789796521032
-14.22110552763819            1.7517908981539858
-14.105527638190955           1.7517897721597417
-13.989949748743719           1.7517886418213646
-13.874371859296481           1.7517895313351572
-13.758793969849247           1.7517900717219548
-13.64321608040201            1.7517896809915405
-13.527638190954773           1.7517887023285694
-13.412060301507537           1.7517897778264628
-13.296482412060302           1.7517890989890077
-13.180904522613066           1.7517900101331239
-13.065326633165828           1.7517895652730926
-12.949748743718594           1.7517896355107891
-12.834170854271356           1.7517892054467297
-12.71859296482412            1.7517899050067063
-12.603015075376884           1.751789280201275
-12.487437185929648           1.7517897139031675
-12.371859296482413           1.7517893802589362
-12.256281407035175           1.7517898006908759
-12.14070351758794            1.7517896147063003
-12.025125628140703           1.7517890143711894
-11.909547738693467           1.7517893703976346
-11.793969849246231           1.7517895724412738
-11.678391959798995           1.7517896243246194
-11.56281407035176            1.7517895063136828
-11.447236180904522           1.7517900384048493
-11.331658291457286           1.751789550858602
-11.21608040201005            1.7517894923464736
-11.100502512562814           1.7517896406428395
-10.984924623115578           1.75178954325909
-10.869346733668342           1.7517894313053068
-10.753768844221106           1.7517885755536118
-10.638190954773869           1.751789662958876
-10.522613065326633           1.7517892970490412
-10.407035175879397           1.751789521540423
-10.291457286432161           1.7517906241278773
-10.175879396984925           1.751789377531778
-10.06030150753769            1.751789229788399
-9.944723618090451            1.7517894822628568
-9.829145728643216            1.7517887992403336
-9.71356783919598             1.751790008142818
-9.597989949748744            1.7517894407710106
-9.482412060301508            1.751789380094204
-9.366834170854272            1.7517895085772952
-9.251256281407034            1.7517893862595486
-9.135678391959798            1.7517892864132112
-9.020100502512562            1.7517893711218255
-8.904522613065327            1.7517887419735751
-8.78894472361809             1.751788677366893
-8.673366834170855            1.7517906829540828
-8.557788944723619            1.751789383562025
-8.442211055276381            1.7517906085300075
-8.326633165829145            1.751788716920353
-8.21105527638191             1.7517888345135015
-8.095477386934673            1.7517895072508305
-7.9798994974874375           1.7517892496892087
-7.864321608040202            1.7517892298592768
-7.748743718592964            1.7517891149616984
-7.633165829145728            1.7517893101773112
-7.517587939698492            1.7517890365514708
-7.402010050251256            1.7517896056610462
-7.28643216080402             1.7517892240529442
-7.170854271356784            1.7517891528205094
-7.055276381909547            1.7517888964408799
-6.939698492462311            1.7517891731564232
-6.824120603015075            1.7517891675483663
-6.708542713567839            1.751788902144375
-6.592964824120603            1.7517891865085005
-6.477386934673367            1.751789267755251
-6.361809045226131            1.7517891902395806
-6.246231155778894            1.7517890272545267
-6.130653266331658            1.7517890828168103
-6.015075376884422            1.7517890472031077
-5.899497487437186            1.7517890928332103
-5.78391959798995             1.751789031434385
-5.668341708542714            1.7517890784161823
-5.5527638190954764           1.7517889350359381
-5.4371859296482405           1.7517887115212463
-5.321608040201005            1.7517888830584354
-5.206030150753769            1.7517890549505741
-5.090452261306533            1.7517891793828773
-4.974874371859297            1.7517889062543388
-4.859296482412061            1.7517891945095858
-4.743718592964823            1.7517889964901494
-4.628140703517587            1.7517891552656095
-4.5125628140703515           1.7517890076793112
-4.396984924623116            1.7517889686227925
-4.28140703517588             1.7517889908887307
-4.165829145728644            1.7517889869842775
-4.050251256281406            1.751788798793796
-3.934673366834172            1.751789005752691
-3.8190954773869343           1.751789037842858
-3.7035175879396967           1.751788956099627
-3.5879396984924625           1.7517889924475278
-3.472361809045225            1.7517889767202883
-3.3567839195979907           1.7517889728439202
-3.241206030150753            1.7517889731691503
-3.125628140703519            1.7517889126470307
-3.0100502512562812           1.7517889104740498
-2.8944723618090435           1.7517890271474856
-2.7788944723618094           1.7517887720730256
-2.6633165829145717           1.7517889517436656
-2.5477386934673376           1.7517889061633731
-2.4321608040201              1.7517888929914858
-2.316582914572866            1.751788907557164
-2.201005025125628            1.7517889107920217
-2.0854271356783904           1.7517888978058984
-1.9698492462311563           1.7517888610686203
-1.8542713567839186           1.751788793126522
-1.7386934673366845           1.751788829251058
-1.6231155778894468           1.7517887614446181
-1.5075376884422127           1.7517888611733528
-1.391959798994975            1.7517888082395983
-1.2763819095477373           1.7517888410932763
-1.1608040201005032           1.7517888535896373
-1.0452261306532655           1.7517888319045263
-0.9296482412060314           1.7517887360050388
-0.8140703517587937           1.7517886847188007
-0.698492462311556            1.7517877837711262
-0.5829145728643219           1.7517851964440865
-0.46733668341708423          1.7517763913146704
-0.3517587939698501           1.7517469956075211
-0.23618090452261245          1.751651058455547
-0.12060301507537828          1.7513471165444487
-0.005025125628140596         1.750422532704139
0.11055276381909708           1.7477535506724788
0.22613065326633117           1.740545342808093
0.34170854271356893           1.7225890680661984
0.457286432160803             1.6817896356456792
0.5728643216080407            1.5976302939873357
0.6884422110552748            1.4394654733975591
0.8040201005025125            1.1657582193443177
0.9195979899497502            0.723337312980968
1.0351758793969843            0.04558417276165523
1.150753768844222             -0.9510106481340375
1.266331658291456             -2.3722318694577536
1.3819095477386938            -4.353924327415741
1.4974874371859315            -7.072315685285021
1.6130653266331656            -10.756719546200268
1.7286432160804033            -15.70549120721919
1.8442211055276374            -22.306993768300938
1.959798994974875             -31.067227006076997
2.075376884422109             -42.64591569384059
2.190954773869347             -57.90354166620601
2.3065326633165846            -77.96266471319207
2.4221105527638187            -104.28790690799333
2.5376884422110564            -138.790302236411
2.6532663316582905            -183.96344726773515
2.768844221105528             -244.81158254051914
