-20.0                         1.306964286018117
-19.884422110552762           1.3069654670284545
-19.768844221105528           1.3069641360711661
-19.65326633165829            1.3069631154851722
-19.537688442211056           1.3069643069044772
-19.42211055276382            1.3069639655533192
-19.306532663316585           1.3069642308873703
-19.190954773869347           1.3069626086986916
-19.07537688442211            1.3069644558625426
-18.959798994974875           1.3069640867574124
-18.844221105527637           1.306965325699268
-18.728643216080403           1.3069637978394426
-18.613065326633166           1.3069643311928496
-18.49748743718593            1.3069639446377825
-18.381909547738694           1.3069664963694445
-18.266331658291456           1.3069638502713234
-18.150753768844222           1.306963918131592
-18.035175879396984           1.3069643659470502
-17.91959798994975            1.3069638496081855
-17.804020100502512           1.306964424500737
-17.688442211055275           1.3069639051654756
-17.57286432160804            1.306963571541965
-17.457286432160803           1.3069636339830673
-17.34170854271357            1.3069636920266694
-17.22613065326633            1.3069636495256964
-17.110552763819094           1.3069636025635478
-16.99497487437186            1.3069640959733666
-16.87939698492462            1.3069632985287374
-16.763819095477388           1.3069643720114061
-16.64824120603015            1.3069634913459967
-16.532663316582916           1.3069638485142148
-16.417085427135678           1.3069636057382297
-16.301507537688444           1.3069629487980916
-16.185929648241206           1.30696362262394
-16.07035175879397            1.3069639343534027
-15.954773869346734           1.3069624238741533
-15.839195979899497           1.3069635457577127
-15.72361809045226            1.3069637250451458
-15.608040201005025           1.3069646058199285
-15.492462311557789           1.3069635556195307
-15.376884422110553           1.30696368167337
-15.261306532663315           1.3069636244439984
-15.145728643216081           1.3069635786607887
-15.030150753768844           1.3069644104551008
-14.914572864321608           1.3069632753202032
-14.798994974874372           1.3069625240816611
-14.683417085427136           1.3069635781874165
-14.5678391959799             1.306963522755873
-14.452261306532662           1.3069634837304718
-14.336683417085428           1.3069633539383232
-14.22110552763819            1.306964074928017
-14.105527638190955           1.3069633085490628
-13.989949748743719           1.3069623430224946
-13.874371859296481           1.3069631320358284
-13.758793969849247           1.3069637736175719
-13.64321608040201            1.306963241722428
-13.527638190954773           1.3069624543660165
-13.412060301507537           1.3069633045350673
-13.296482412060302           1.3069629468713684
-13.180904522613066           1.306963485781262
-13.065326633165828           1.3069629655914083
-12.949748743718594           1.3069632510928522
-12.834170854271356           1.3069627906993568
-12.71859296482412            1.3069634687988376
-12.603015075376884           1.3069627506483072
-12.487437185929648           1.3069632929155435
-12.371859296482413           1.3069630087821678
-12.256281407035175           1.3069633776219207
-12.14070351758794            1.3069631529794352
-12.025125628140703           1.3069628157893964
-11.909547738693467           1.3069629522850539
-11.793969849246231           1.3069629470204849
-11.678391959798995           1.3069631445018208
-11.56281407035176            1.3069630622631085
-11.447236180904522           1.306963487317413
-11.331658291457286           1.3069631206807322
-11.21608040201005            1.3069630452001952
-11.100502512562814           1.306963301315066
-10.984924623115578           1.3069631108262878
-10.869346733668342           1.3069629825140308
-10.753768844221106           1.3069622592668166
-10.638190954773869           1.3069631609640346
-10.522613065326633           1.3069628767526775
-10.407035175879397           1.3069631150203127
-10.291457286432161           1.3069639360703145
-10.175879396984925           1.3069629432915493
-10.06030150753769            1.306962807319702
-9.944723618090451            1.306962980173291
-9.829145728643216            1.306962513372159
-9.71356783919598             1.3069634896694113
-9.597989949748744            1.30696295867162
-9.482412060301508            1.306962911556646
-9.366834170854272            1.3069630266944936
-9.251256281407034            1.3069629177051474
-9.135678391959798            1.3069628349747182
-9.020100502512562            1.3069630051487124
-8.904522613065327            1.3069624028179658
-8.78894472361809             1.3069623353194253
-8.673366834170855            1.3069640253532948
-8.557788944723619            1.3069628950329186
-8.442211055276381            1.306963958865775
-8.326633165829145            1.3069623671487105
-8.21105527638191             1.306962516332749
-8.095477386934673            1.3069629727227066
-7.9798994974874375           1.3069628108983313
-7.864321608040202            1.306962771057434
-7.748743718592964            1.3069626835269668
-7.633165829145728            1.3069628328274194
-7.517587939698492            1.306962553217212
-7.402010050251256            1.3069631076901231
-7.28643216080402             1.3069627747753654
-7.170854271356784            1.3069627043799628
-7.055276381909547            1.3069624388429406
-6.939698492462311            1.306962705635594
-6.824120603015075            1.3069627169309461
-6.708542713567839            1.3069625203254527
-6.592964824120603            1.3069627035418534
-6.477386934673367            1.3069627155211296
-6.361809045226131            1.306962697964801
-6.246231155778894            1.3069625709010078
-6.130653266331658            1.3069626469191886
-6.015075376884422            1.3069626386578588
-5.899497487437186            1.3069626968747277
-5.78391959798995             1.3069625935331066
-5.668341708542714            1.3069626255951594
-5.5527638190954764           1.3069624686052481
-5.4371859296482405           1.3069623122095566
-5.321608040201005            1.3069624463336589
-5.206030150753769            1.3069625597829073
-5.090452261306533            1.306962675554708
-4.974874371859297            1.3069625242033227
-4.859296482412061            1.3069627578542815
-4.743718592964823            1.3069625578436663
-4.628140703517587            1.3069626783378534
-4.5125628140703515           1.3069625202345783
-4.396984924623116            1.3069625179769861
-4.28140703517588             1.3069625426485083
-4.165829145728644            1.3069625258157964
-4.050251256281406            1.3069623965607897
-3.934673366834172            1.306962548330258
-3.8190954773869343           1.3069625702648742
-3.7035175879396967           1.3069625016091149
-3.5879396984924625           1.3069625243605336
-3.472361809045225            1.3069625091773922
-3.3567839195979907           1.3069625237610074
-3.241206030150753            1.3069624847935384
-3.125628140703519            1.3069624586698496
-3.0100502512562812           1.306962459987969
-2.8944723618090435           1.3069625237781468
-2.7788944723618094           1.3069623341972887
-2.6633165829145717           1.3069624629543266
-2.5477386934673376           1.3069624485609161
-2.4321608040201              1.3069624407070333
-2.316582914572866            1.3069624476512263
-2.201005025125628            1.3069624596868987
-2.0854271356783904           1.3069624461888374
-1.9698492462311563           1.3069624062544274
-1.8542713567839186           1.306962343693699
-1.7386934673366845           1.3069623709205793
-1.6231155778894468           1.306962319881055
-1.5075376884422127           1.306962400055833
-1.391959798994975            1.306962353383656
-1.2763819095477373           1.306962342852893
-1.1608040201005032           1.3069622590792087
-1.0452261306532655           1.3069619621733388
-0.9296482412060314           1.306961107074665
-0.8140703517587937           1.3069587940363532
-0.698492462311556            1.3069516346754189
-0.5829145728643219           1.3069315819447733
-0.46733668341708423          1.3068750670631628
-0.3517587939698501           1.3067185311955487
-0.23618090452261245          1.306294557439824
-0.12060301507537828          1.3051794402659482
-0.005025125628140596         1.3023566804690556
0.11055276381909708           1.2955488345714454
0.22613065326633117           1.2800698495869616
0.34170854271356893           1.2471906972858742
0.457286432160803             1.1822984642802814
0.5728643216080407            1.0633120973218793
0.6884422110552748            0.8595738299916941
0.8040201005025125            0.5308886839963726
0.9195979899497502            0.026069978069172977
1.0351758793969843            -0.7195346274570713
1.150753768844222             -1.7878390237588124
1.266331658291456             -3.2834986821136742
1.3819095477386938            -5.341615862125973
1.4974874371859315            -8.137888883472476
1.6130653266331656            -11.901209680084468
1.7286432160804033            -16.929614330116205
1.8442211055276374            -23.611247097722796
1.959798994974875             -32.45196258648407
2.075376884422109             -44.11138747720029
2.190954773869347             -59.44993550943779
2.3065326633165846            -79.59011813481604
2.4221105527638187            -105.99652251040966
2.5376884422110564            -140.58015705754818
2.6532663316582905            -185.83459942932424
2.768844221105528             -246.76361771639853
