-20.0                         1.5562300372368127
-19.884422110552762           1.556231400046516
-19.768844221105528           1.5562298748284353
-19.65326633165829            1.5562288694503574
-19.537688442211056           1.5562302025062844
-19.42211055276382            1.5562297062619554
-19.306532663316585           1.556229896619096
-19.190954773869347           1.5562281808013672
-19.07537688442211            1.556230295903453
-18.959798994974875           1.5562299014374923
-18.844221105527637           1.5562310522173037
-18.728643216080403           1.5562294623472934
-18.613065326633166           1.5562302439561555
-18.49748743718593            1.5562296879184156
-18.381909547738694           1.5562324798210831
-18.266331658291456           1.5562296472968602
-18.150753768844222           1.556229707254095
-18.035175879396984           1.5562304658826431
-17.91959798994975            1.5562295981998648
-17.804020100502512           1.556230279806657
-17.688442211055275           1.5562295152805297
-17.57286432160804            1.55622940380228
-17.457286432160803           1.556229434438028
-17.34170854271357            1.5562293779929672
-17.22613065326633            1.556229238418894
-17.110552763819094           1.5562294216130645
-16.99497487437186            1.5562299168677807
-16.87939698492462            1.556228899575305
-16.763819095477388           1.5562302804658146
-16.64824120603015            1.5562291970628446
-16.532663316582916           1.556229837953272
-16.417085427135678           1.5562293847207511
-16.301507537688444           1.556228678874322
-16.185929648241206           1.5562294193819968
-16.07035175879397            1.5562297565242686
-15.954773869346734           1.556228075697953
-15.839195979899497           1.5562293457429177
-15.72361809045226            1.556229608838367
-15.608040201005025           1.5562306719378358
-15.492462311557789           1.5562293768959217
-15.376884422110553           1.556229710774643
-15.261306532663315           1.5562294260828473
-15.145728643216081           1.5562294116012982
-15.030150753768844           1.556230195860322
-14.914572864321608           1.5562290735670614
-14.798994974874372           1.5562282911873124
-14.683417085427136           1.5562294183816048
-14.5678391959799             1.5562293937346785
-14.452261306532662           1.556229358889262
-14.336683417085428           1.5562291662354193
-14.22110552763819            1.5562301080541434
-14.105527638190955           1.5562291306233378
-13.989949748743719           1.5562280728881954
-13.874371859296481           1.5562289206481712
-13.758793969849247           1.5562295079723827
-13.64321608040201            1.5562290502314005
-13.527638190954773           1.556228151350126
-13.412060301507537           1.5562291333449763
-13.296482412060302           1.5562285951090857
-13.180904522613066           1.5562293482320855
-13.065326633165828           1.556228861134186
-12.949748743718594           1.5562290321168049
-12.834170854271356           1.556228587110561
-12.71859296482412            1.5562292801463062
-12.603015075376884           1.5562286067106526
-12.487437185929648           1.5562290956161975
-12.371859296482413           1.5562287747600967
-12.256281407035175           1.5562291857688433
-12.14070351758794            1.5562289764945825
-12.025125628140703           1.556228490019679
-11.909547738693467           1.5562287516063862
-11.793969849246231           1.5562288533830153
-11.678391959798995           1.5562289794567652
-11.56281407035176            1.5562288759886782
-11.447236180904522           1.5562293623926533
-11.331658291457286           1.5562289277144863
-11.21608040201005            1.5562288591857214
-11.100502512562814           1.5562290580447715
-10.984924623115578           1.5562289193503767
-10.869346733668342           1.556228799251102
-10.753768844221106           1.5562279998623563
-10.638190954773869           1.556229010650553
-10.522613065326633           1.5562286766412174
-10.407035175879397           1.5562289152201285
-10.291457286432161           1.5562298943556396
-10.175879396984925           1.5562287508113304
-10.06030150753769            1.5562286092416755
-9.944723618090451            1.5562288247277085
-9.829145728643216            1.5562282355593184
-9.71356783919598             1.5562293559016749
-9.597989949748744            1.556228795519039
-9.482412060301508            1.5562287389585179
-9.366834170854272            1.5562288642782576
-9.251256281407034            1.5562287452925385
-9.135678391959798            1.5562286498647278
-9.020100502512562            1.556228782055939
-8.904522613065327            1.5562281546807437
-8.78894472361809             1.5562280911232216
-8.673366834170855            1.5562299623274378
-8.557788944723619            1.5562287343976853
-8.442211055276381            1.5562298912834263
-8.326633165829145            1.5562281274855856
-8.21105527638191             1.556228257901584
-8.095477386934673            1.5562288421428334
-7.9798994974874375           1.5562286248151087
-7.864321608040202            1.5562285941394
-7.748743718592964            1.5562284907191224
-7.633165829145728            1.5562286672483816
-7.517587939698492            1.556228384214357
-7.402010050251256            1.556228959149696
-7.28643216080402             1.5562285925585193
-7.170854271356784            1.5562285211029545
-7.055276381909547            1.5562282581585511
-6.939698492462311            1.5562285335566168
-6.824120603015075            1.5562285355595795
-6.708542713567839            1.5562282994103989
-6.592964824120603            1.5562285394756008
-6.477386934673367            1.5562285891475265
-6.361809045226131            1.556228539117233
-6.246231155778894            1.5562283919574877
-6.130653266331658            1.5562284573217253
-6.015075376884422            1.5562284348577111
-5.899497487437186            1.5562284875372523
-5.78391959798995             1.5562284040712941
-5.668341708542714            1.5562284452270445
-5.5527638190954764           1.5562282919804946
-5.4371859296482405           1.556228100810107
-5.321608040201005            1.5562282532780731
-5.206030150753769            1.556228400503093
-5.090452261306533            1.5562285256098745
-4.974874371859297            1.5562283038331017
-4.859296482412061            1.5562285694540672
-4.743718592964823            1.5562283690774397
-4.628140703517587            1.5562285115811691
-4.5125628140703515           1.556228356992872
-4.396984924623116            1.5562283350654291
-4.28140703517588             1.556228359383013
-4.165829145728644            1.556228349367058
-4.050251256281406            1.556228186635769
-3.934673366834172            1.556228370763688
-3.8190954773869343           1.5562283984846168
-3.7035175879396967           1.5562283222098543
-3.5879396984924625           1.5562283528505245
-3.472361809045225            1.55622833700183
-3.3567839195979907           1.5562283428402284
-3.241206030150753            1.5562283229714284
-3.125628140703519            1.556228278577064
-3.0100502512562812           1.556228277857181
-2.8944723618090435           1.5562283711730045
-2.7788944723618094           1.55622814489177
-2.6633165829145717           1.5562283019817715
-2.5477386934673376           1.5562282708474409
-2.4321608040201              1.556228260318667
-2.316582914572866            1.5562282713061704
-2.201005025125628            1.5562282793333104
-2.0854271356783904           1.5562282655653121
-1.9698492462311563           1.5562282266607153
-1.8542713567839186           1.556228160634212
-1.7386934673366845           1.5562281925457393
-1.6231155778894468           1.55622813340901
-1.5075376884422127           1.556228225967756
-1.391959798994975            1.5562281788684018
-1.2763819095477373           1.5562282032301769
-1.1608040201005032           1.556228201741495
-1.0452261306532655           1.556228136660034
-0.9296482412060314           1.5562279206944247
-0.8140703517587937           1.5562274536930465
-0.698492462311556            1.5562253379751088
-0.5829145728643219           1.5562190657058668
-0.46733668341708423          1.556199369052063
-0.3517587939698501           1.5561386311826824
-0.23618090452261245          1.5559555308221924
-0.12060301507537828          1.555419749514146
-0.005025125628140596         1.553913070443151
0.11055276381909708           1.5498869501753751
0.22613065326633117           1.539793432707428
0.34170854271356893           1.5163380583164292
0.457286432160803             1.466247181107764
0.5728643216080407            1.3681788492273737
0.6884422110552748            1.191357827182778
0.8040201005025125            0.8947787020957135
0.9195979899497502            0.4261427931702372
1.0351758793969843            -0.2802789325708307
1.150753768844222             -1.307268349265176
1.266331658291456             -2.7600953733024074
1.3819095477386938            -4.774268452301182
1.4974874371859315            -7.525778279368721
1.6130653266331656            -11.24375154383678
1.7286432160804033            -16.226402967022203
1.8442211055276374            -22.86199986727344
1.959798994974875             -31.656478856067572
2.075376884422109             -43.2695222383635
2.190954773869347             -58.56158248257894
2.3065326633165846            -78.65519859583517
2.4221105527638187            -105.01497767460059
2.5376884422110564            -139.55194275919158
2.6532663316582905            -184.75968233131925
2.768844221105528             -245.6422358068508
