-20.0                         1.3457665909013719
-19.884422110552762           1.345767799374322
-19.768844221105528           1.3457664384212429
-19.65326633165829            1.345765418686424
-19.537688442211056           1.3457666314330432
-19.42211055276382            1.345766267005163
-19.306532663316585           1.3457665231545546
-19.190954773869347           1.3457648819222168
-19.07537688442211            1.345766773798495
-18.959798994974875           1.3457664000897545
-18.844221105527637           1.3457676299648724
-18.728643216080403           1.345766087642585
-18.613065326633166           1.3457666595515985
-18.49748743718593            1.3457662473277427
-18.381909547738694           1.3457688400138927
-18.266331658291456           1.3457661606638933
-18.150753768844222           1.3457662274092481
-18.035175879396984           1.3457667224473415
-17.91959798994975            1.3457661532988885
-17.804020100502512           1.3457667456521814
-17.688442211055275           1.3457661886325567
-17.57286432160804            1.3457658841635103
-17.457286432160803           1.345765944989697
-17.34170854271357            1.345765985655783
-17.22613065326633            1.3457659285701875
-17.110552763819094           1.345765916120424
-16.99497487437186            1.3457664127501017
-16.87939698492462            1.3457655779823754
-16.763819095477388           1.3457667007268288
-16.64824120603015            1.3457657864720125
-16.532663316582916           1.3457661870317532
-16.417085427135678           1.3457659134858855
-16.301507537688444           1.3457652459504152
-16.185929648241206           1.3457659322447855
-16.07035175879397            1.3457662499612937
-15.954773869346734           1.3457647111865052
-15.839195979899497           1.3457658567190516
-15.72361809045226            1.345766048134596
-15.608040201005025           1.3457669602629017
-15.492462311557789           1.345765869979931
-15.376884422110553           1.3457660267725906
-15.261306532663315           1.3457659356871523
-15.145728643216081           1.345765895132033
-15.030150753768844           1.3457667225263366
-14.914572864321608           1.3457655859995352
-14.798994974874372           1.3457648283763501
-14.683417085427136           1.3457658954564624
-14.5678391959799             1.345765844047482
-14.452261306532662           1.345765805451954
-14.336683417085428           1.3457656667399496
-14.22110552763819            1.3457664231229307
-14.105527638190955           1.3457656224728598
-13.989949748743719           1.3457646425885077
-13.874371859296481           1.3457654412199354
-13.758793969849247           1.3457660748868177
-13.64321608040201            1.3457655535852724
-13.527638190954773           1.3457647480388268
-13.412060301507537           1.345765619738632
-13.296482412060302           1.3457652340057038
-13.180904522613066           1.3457658070287482
-13.065326633165828           1.345765290424615
-12.949748743718594           1.3457655592874234
-12.834170854271356           1.3457651009317382
-12.71859296482412            1.3457657819385844
-12.603015075376884           1.3457650693022403
-12.487437185929648           1.3457656047220201
-12.371859296482413           1.345765313432897
-12.256281407035175           1.3457656910070146
-12.14070351758794            1.3457654675738786
-12.025125628140703           1.3457651069322183
-11.909547738693467           1.345765263168432
-11.793969849246231           1.3457652728265705
-11.678391959798995           1.3457654610180927
-11.56281407035176            1.3457653753970196
-11.447236180904522           1.3457658102395966
-11.331658291457286           1.3457654329579256
-11.21608040201005            1.3457653581718394
-11.100502512562814           1.3457656059069316
-10.984924623115578           1.3457654233773693
-10.869346733668342           1.3457652961265631
-10.753768844221106           1.3457645606853599
-10.638190954773869           1.34576548015274
-10.522613065326633           1.3457651876135515
-10.407035175879397           1.3457654273825759
-10.291457286432161           1.3457662730500344
-10.175879396984925           1.3457652553911303
-10.06030150753769            1.3457651186395638
-9.944723618090451            1.3457652977507055
-9.829145728643216            1.3457648117324068
-9.71356783919598             1.3457658128849335
-9.597989949748744            1.3457652756051777
-9.482412060301508            1.3457652267604707
-9.366834170854272            1.345765343986227
-9.251256281407034            1.3457652329939083
-9.135678391959798            1.345765147804268
-9.020100502512562            1.3457653138779215
-8.904522613065327            1.3457647057341484
-8.78894472361809             1.3457646392571385
-8.673366834170855            1.3457663583458392
-8.557788944723619            1.345765212266385
-8.442211055276381            1.3457662911274744
-8.326633165829145            1.3457646718322978
-8.21105527638191             1.3457648179491972
-8.095477386934673            1.3457652952541173
-7.9798994974874375           1.3457651245950988
-7.864321608040202            1.3457650857975307
-7.748743718592964            1.3457649957159872
-7.633165829145728            1.3457651494824017
-7.517587939698492            1.3457648681465777
-7.402010050251256            1.3457654280199334
-7.28643216080402             1.3457650887462798
-7.170854271356784            1.345765018053034
-7.055276381909547            1.3457647524453833
-6.939698492462311            1.3457650210913485
-6.824120603015075            1.3457650310222156
-6.708542713567839            1.3457648280831735
-6.592964824120603            1.3457650201825082
-6.477386934673367            1.3457650378123436
-6.361809045226131            1.3457650153916498
-6.246231155778894            1.3457648852291917
-6.130653266331658            1.3457649597613344
-6.015075376884422            1.3457649495378643
-5.899497487437186            1.3457650071709755
-5.78391959798995             1.3457649062120398
-5.668341708542714            1.3457649397877605
-5.5527638190954764           1.345764782693454
-5.4371859296482405           1.3457646213895433
-5.321608040201005            1.3457647579287098
-5.206030150753769            1.3457648767601562
-5.090452261306533            1.3457649947458463
-4.974874371859297            1.345764832167276
-4.859296482412061            1.3457650710342919
-4.743718592964823            1.3457648707220735
-4.628140703517587            1.3457649946910006
-4.5125628140703515           1.3457648366696644
-4.396984924623116            1.3457648316003392
-4.28140703517588             1.3457648563793174
-4.165829145728644            1.3457648404939326
-4.050251256281406            1.3457647059622597
-3.934673366834172            1.3457648630286798
-3.8190954773869343           1.3457648858693623
-3.7035175879396967           1.3457648159736768
-3.5879396984924625           1.3457648399837518
-3.472361809045225            1.3457648246444898
-3.3567839195979907           1.3457648381556266
-3.241206030150753            1.345764801604709
-3.125628140703519            1.3457647728593165
-3.0100502512562812           1.3457647738607492
-2.8944723618090435           1.3457648422019544
-2.7788944723618094           1.3457646469104199
-2.6633165829145717           1.3457647800422117
-2.5477386934673376           1.3457647631732061
-2.4321608040201              1.3457647549570735
-2.316582914572866            1.345764762487648
-2.201005025125628            1.3457647740717418
-2.0854271356783904           1.3457647604421203
-1.9698492462311563           1.3457647205326146
-1.8542713567839186           1.3457646573631405
-1.7386934673366845           1.3457646853116858
-1.6231155778894468           1.3457646333595443
-1.5075376884422127           1.345764716036645
-1.391959798994975            1.3457646707041928
-1.2763819095477373           1.3457646697005479
-1.1608040201005032           1.3457646095390652
-1.0452261306532655           1.345764377297636
-0.9296482412060314           1.345763696924454
-0.8140703517587937           1.3457618658245671
-0.698492462311556            1.3457559849192482
-0.5829145728643219           1.345739299111749
-0.46733668341708423          1.3456914512515574
-0.3517587939698501           1.345556618743536
-0.23618090452261245          1.3451851043463574
-0.12060301507537828          1.3441911492309278
-0.005025125628140596         1.3416324953811791
0.11055276381909708           1.3353602480047755
0.22613065326633117           1.320877382909982
0.34170854271356893           1.289677926229156
0.457286432160803             1.2273411848667668
0.5728643216080407            1.1118765591600963
0.6884422110552748            0.9125882887935807
0.8040201005025125            0.5891471049208227
0.9195979899497502            0.09019410821674029
1.0351758793969843            -0.6490862875636056
1.150753768844222             -1.7107388462500046
1.266331658291456             -3.1995117735344882
1.3819095477386938            -5.250569016915894
1.4974874371859315            -8.039653789623795
1.6130653266331656            -11.795694394010127
1.7286432160804033            -16.816754746070448
1.8442211055276374            -23.490998389051946
1.959798994974875             -32.324292841149166
2.075376884422109             -43.97627358051905
2.190954773869347             -59.30736049251832
2.3065326633165846            -79.440069412825
2.4221105527638187            -105.83899067721566
2.5376884422110564            -140.4151350411624
2.6532663316582905            -185.66208188877843
2.768844221105528             -246.58364284202668
