-20.0                         0.6960205964104774
-19.884422110552762           0.6960213854257324
-19.768844221105528           0.6960205058516189
-19.65326633165829            0.6960195934193918
-19.537688442211056           0.6960204711021619
-19.42211055276382            0.69602043088202
-19.306532663316585           0.6960206614109472
-19.190954773869347           0.6960196474500073
-19.07537688442211            0.6960206023637168
-18.959798994974875           0.6960203600930164
-18.844221105527637           0.6960214131936264
-18.728643216080403           0.6960203704084122
-18.613065326633166           0.6960203749157389
-18.49748743718593            0.6960203224695364
-18.381909547738694           0.6960220160820102
-18.266331658291456           0.6960201678609692
-18.150753768844222           0.6960202487396868
-18.035175879396984           0.6960200383396578
-17.91959798994975            0.6960202090141832
-17.804020100502512           0.6960204835543241
-17.688442211055275           0.6960204653377727
-17.57286432160804            0.6960200078817964
-17.457286432160803           0.6960199449624677
-17.34170854271357            0.6960201886134966
-17.22613065326633            0.6960203318651849
-17.110552763819094           0.6960198946860655
-16.99497487437186            0.6960202046774071
-16.87939698492462            0.6960200656975507
-16.763819095477388           0.6960203544299483
-16.64824120603015            0.6960200446410462
-16.532663316582916           0.6960198741119361
-16.417085427135678           0.6960199606781693
-16.301507537688444           0.6960196152143017
-16.185929648241206           0.696019954883375
-16.07035175879397            0.696020107030142
-15.954773869346734           0.6960191501504598
-15.839195979899497           0.6960198489390274
-15.72361809045226            0.6960198911569584
-15.608040201005025           0.6960201655790325
-15.492462311557789           0.6960198048316633
-15.376884422110553           0.6960195827222554
-15.261306532663315           0.6960199025865151
-15.145728643216081           0.6960197891145444
-15.030150753768844           0.6960204791072965
-14.914572864321608           0.6960195901585868
-14.798994974874372           0.6960190426197951
-14.683417085427136           0.6960197766259482
-14.5678391959799             0.6960197237017279
-14.452261306532662           0.6960196860915877
-14.336683417085428           0.696019632666328
-14.22110552763819            0.6960197894635003
-14.105527638190955           0.6960195970976084
-13.989949748743719           0.6960188693708463
-13.874371859296481           0.6960194699893385
-13.758793969849247           0.6960201826525882
-13.64321608040201            0.6960195543004859
-13.527638190954773           0.6960191133480036
-13.412060301507537           0.6960195601422462
-13.296482412060302           0.6960196143578867
-13.180904522613066           0.6960196155618769
-13.065326633165828           0.6960191237328294
-12.949748743718594           0.6960195821650395
-12.834170854271356           0.6960191248898611
-12.71859296482412            0.6960197098043104
-12.603015075376884           0.6960190085747892
-12.487437185929648           0.6960195525229925
-12.371859296482413           0.6960194331084172
-12.256281407035175           0.6960195856727032
-12.14070351758794            0.6960194038699371
-12.025125628140703           0.6960194281806551
-11.909547738693467           0.6960192610012084
-11.793969849246231           0.6960191335777663
-11.678391959798995           0.6960193682631225
-11.56281407035176            0.6960193318238225
-11.447236180904522           0.6960195863359877
-11.331658291457286           0.6960193905874374
-11.21608040201005            0.6960193207939089
-11.100502512562814           0.696019674652096
-10.984924623115578           0.6960193733601752
-10.869346733668342           0.6960192470820429
-10.753768844221106           0.6960187420337732
-10.638190954773869           0.6960193274680786
-10.522613065326633           0.6960191907621586
-10.407035175879397           0.696019329524029
-10.291457286432161           0.6960197572717833
-10.175879396984925           0.6960192239387671
-10.06030150753769            0.6960191066500906
-9.944723618090451            0.6960191992877856
-9.829145728643216            0.6960190420043445
-9.71356783919598             0.6960194973062185
-9.597989949748744            0.6960191687855737
-9.482412060301508            0.6960191558117038
-9.366834170854272            0.6960192087093293
-9.251256281407034            0.6960191525895807
-9.135678391959798            0.6960191233448698
-9.020100502512562            0.6960192590907226
-8.904522613065327            0.696018870654863
-8.78894472361809             0.6960187663446449
-8.673366834170855            0.6960199311311277
-8.557788944723619            0.6960190942219789
-8.442211055276381            0.6960198778946167
-8.326633165829145            0.696018783220001
-8.21105527638191             0.69601897784594
-8.095477386934673            0.6960190766851978
-7.9798994974874375           0.6960190470039846
-7.864321608040202            0.696019011011598
-7.748743718592964            0.6960189652637585
-7.633165829145728            0.6960190359366821
-7.517587939698492            0.69601884830317
-7.402010050251256            0.6960191925036624
-7.28643216080402             0.6960190175550857
-7.170854271356784            0.6960189623210017
-7.055276381909547            0.6960187304808718
-6.939698492462311            0.6960189382698673
-6.824120603015075            0.6960189607374669
-6.708542713567839            0.6960188753517346
-6.592964824120603            0.6960189161360435
-6.477386934673367            0.6960188544911198
-6.361809045226131            0.6960189026635375
-6.246231155778894            0.6960188203875165
-6.130653266331658            0.696018905676573
-6.015075376884422            0.6960189110629433
-5.899497487437186            0.6960189601146568
-5.78391959798995             0.6960188654640824
-5.668341708542714            0.6960188725001557
-5.5527638190954764           0.6960187554439801
-5.4371859296482405           0.6960186502520843
-5.321608040201005            0.6960187643899366
-5.206030150753769            0.6960187925823021
-5.090452261306533            0.6960188403552936
-4.974874371859297            0.6960188593532626
-4.859296482412061            0.6960189980003293
-4.743718592964823            0.6960188178864494
-4.628140703517587            0.6960188859050448
-4.5125628140703515           0.6960187565619887
-4.396984924623116            0.69601877604045
-4.28140703517588             0.6960187918294747
-4.165829145728644            0.6960187697576941
-4.050251256281406            0.6960187262615439
-3.934673366834172            0.6960187810051806
-3.8190954773869343           0.6960187890081544
-3.7035175879396967           0.6960187438001677
-3.5879396984924625           0.6960187473292643
-3.472361809045225            0.6960187358414234
-3.3567839195979907           0.6960187526405747
-3.241206030150753            0.6960187079712623
-3.125628140703519            0.6960187062847591
-3.0100502512562812           0.6960187107031351
-2.8944723618090435           0.6960187087454898
-2.7788944723618094           0.6960186090097095
-2.6633165829145717           0.696018670261649
-2.5477386934673376           0.6960186863183903
-2.4321608040201              0.6960186794764852
-2.316582914572866            0.6960186747078045
-2.201005025125628            0.696018674443082
-2.0854271356783904           0.6960186446219861
-1.9698492462311563           0.6960185639885573
-1.8542713567839186           0.6960184129628507
-1.7386934673366845           0.6960182057934535
-1.6231155778894468           0.6960176731448261
-1.5075376884422127           0.6960166590135729
-1.391959798994975            0.6960143345831441
-1.2763819095477373           0.6960093436393852
-1.1608040201005032           0.6959986206483026
-1.0452261306532655           0.6959756222785685
-0.9296482412060314           0.6959265979151675
-0.8140703517587937           0.6958226619824563
-0.698492462311556            0.6956035265039919
-0.5829145728643219           0.6951464898111763
-0.46733668341708423          0.6942041320860883
-0.3517587939698501           0.692290598042124
-0.23618090452261245          0.6884794484462997
-0.12060301507537828          0.6810689102012752
-0.005025125628140596         0.6670711897322197
0.11055276381909708           0.6415075326137449
0.22613065326633117           0.5965391184064284
0.34170854271356893           0.5205090099068675
0.457286432160803             0.3969619156727628
0.5728643216080407            0.2036267836012626
0.6884422110552748            -0.08876963817885239
0.8040201005025125            -0.5180689546864728
0.9195979899497502            -1.1328474118358687
1.0351758793969843            -1.995390260544208
1.150753768844222             -3.1857275358585686
1.266331658291456             -4.807168676349367
1.3819095477386938            -6.9938982968516505
1.4974874371859315            -9.920919722922974
1.6130653266331656            -13.81654372340618
1.7286432160804033            -18.978352043082747
1.8442211055276374            -25.794168141502816
1.959798994974875             -34.76962773101305
2.075376884422109             -46.564206074111375
2.190954773869347             -62.038209845264156
2.3065326633165846            -82.31407340199013
2.4221105527638187            -108.85632759527726
2.5376884422110564            -143.5759392667908
2.6532663316582905            -188.9664550990626
2.768844221105528             -250.03085389730307
