-20.0                         0.5128559689001054
-19.884422110552762           0.5128566372806987
-19.768844221105528           0.5128558982770702
-19.65326633165829            0.5128550868498917
-19.537688442211056           0.5128558568463494
-19.42211055276382            0.512855881151156
-19.306532663316585           0.5128560196498197
-19.190954773869347           0.5128553394119951
-19.07537688442211            0.5128559357303497
-18.959798994974875           0.5128557598110483
-18.844221105527637           0.5128565800712196
-18.728643216080403           0.5128557987651197
-18.613065326633166           0.512855707485612
-18.49748743718593            0.5128557185330035
-18.381909547738694           0.5128570331527778
-18.266331658291456           0.5128555768957481
-18.150753768844222           0.5128556578887605
-18.035175879396984           0.5128553031429668
-17.91959798994975            0.5128556015771927
-17.804020100502512           0.5128557782764757
-17.688442211055275           0.5128558402511191
-17.57286432160804            0.5128554922547492
-17.457286432160803           0.51285535670305
-17.34170854271357            0.512855593472779
-17.22613065326633            0.5128557565020319
-17.110552763819094           0.5128553121430082
-16.99497487437186            0.5128555271781805
-16.87939698492462            0.5128555559414766
-16.763819095477388           0.5128556422066621
-16.64824120603015            0.5128554887952907
-16.532663316582916           0.5128552725958742
-16.417085427135678           0.5128553796089951
-16.301507537688444           0.5128551729211765
-16.185929648241206           0.5128553531327326
-16.07035175879397            0.5128554507628175
-15.954773869346734           0.5128547160522862
-15.839195979899497           0.5128552511122523
-15.72361809045226            0.5128552711311656
-15.608040201005025           0.5128553487242049
-15.492462311557789           0.5128551914777572
-15.376884422110553           0.5128549484319214
-15.261306532663315           0.5128552791787797
-15.145728643216081           0.5128551664171455
-15.030150753768844           0.5128557009448655
-14.914572864321608           0.5128550021711953
-14.798994974874372           0.5128545760359113
-14.683417085427136           0.5128551442896296
-14.5678391959799             0.5128551205222919
-14.452261306532662           0.512855085300972
-14.336683417085428           0.5128550287924611
-14.22110552763819            0.5128550403926525
-14.105527638190955           0.5128550088724576
-13.989949748743719           0.5128543711877491
-13.874371859296481           0.5128548885998198
-13.758793969849247           0.5128555765627247
-13.64321608040201            0.5128549666423906
-13.527638190954773           0.5128546662422316
-13.412060301507537           0.5128549560676136
-13.296482412060302           0.5128551012115377
-13.180904522613066           0.5128549683584889
-13.065326633165828           0.5128545273895121
-12.949748743718594           0.5128549798151804
-12.834170854271356           0.5128545514629668
-12.71859296482412            0.5128550742353717
-12.603015075376884           0.5128544439552638
-12.487437185929648           0.5128549242202847
-12.371859296482413           0.5128548607907274
-12.256281407035175           0.5128549395992393
-12.14070351758794            0.5128547915894118
-12.025125628140703           0.5128549062135106
-11.909547738693467           0.5128546690964723
-11.793969849246231           0.5128545608960109
-11.678391959798995           0.5128547526553601
-11.56281407035176            0.5128547248873724
-11.447236180904522           0.5128549163852528
-11.331658291457286           0.5128547741178227
-11.21608040201005            0.5128547136554713
-11.100502512562814           0.5128550721015073
-10.984924623115578           0.5128547526944826
-10.869346733668342           0.5128546393930232
-10.753768844221106           0.512854220270543
-10.638190954773869           0.5128546905687962
-10.522613065326633           0.5128546010819076
-10.407035175879397           0.5128546834239122
-10.291457286432161           0.5128549804413606
-10.175879396984925           0.512854613658203
-10.06030150753769            0.5128545101059194
-9.944723618090451            0.512854582212102
-9.829145728643216            0.5128545197062306
-9.71356783919598             0.512854769130109
-9.597989949748744            0.5128545464613592
-9.482412060301508            0.5128545440026151
-9.366834170854272            0.5128545665515791
-9.251256281407034            0.512854532458512
-9.135678391959798            0.5128545191482506
-9.020100502512562            0.5128546071646521
-8.904522613065327            0.512854341273213
-8.78894472361809             0.5128542201921445
-8.673366834170855            0.5128551776864877
-8.557788944723619            0.5128544623163436
-8.442211055276381            0.5128551297275558
-8.326633165829145            0.512854230212186
-8.21105527638191             0.5128544268210001
-8.095477386934673            0.5128544231230582
-7.9798994974874375           0.5128544217267356
-7.864321608040202            0.5128543937518008
-7.748743718592964            0.5128543605699943
-7.633165829145728            0.512854404772789
-7.517587939698492            0.512854272296859
-7.402010050251256            0.5128545001590205
-7.28643216080402             0.5128543943402808
-7.170854271356784            0.5128543493068348
-7.055276381909547            0.5128541479951613
-6.939698492462311            0.5128543203903656
-6.824120603015075            0.5128543395263148
-6.708542713567839            0.5128542944050217
-6.592964824120603            0.5128542907787954
-6.477386934673367            0.5128542162859069
-6.361809045226131            0.5128542780669822
-6.246231155778894            0.5128542070332424
-6.130653266331658            0.5128542862518833
-6.015075376884422            0.512854288700665
-5.899497487437186            0.512854324933802
-5.78391959798995             0.5128542540345304
-5.668341708542714            0.5128542549223719
-5.5527638190954764           0.512854166630522
-5.4371859296482405           0.512854068875893
-5.321608040201005            0.51285417865974
-5.206030150753769            0.5128541835102856
-5.090452261306533            0.5128542030874919
-4.974874371859297            0.5128542578202783
-4.859296482412061            0.5128543620483191
-4.743718592964823            0.5128541988985105
-4.628140703517587            0.5128542526861875
-4.5125628140703515           0.5128541462672077
-4.396984924623116            0.5128541604620523
-4.28140703517588             0.5128541711660306
-4.165829145728644            0.5128541521841763
-4.050251256281406            0.5128541350682588
-3.934673366834172            0.5128541562427326
-3.8190954773869343           0.5128541599667273
-3.7035175879396967           0.512854124315538
-3.5879396984924625           0.5128541231736332
-3.472361809045225            0.5128541125837422
-3.3567839195979907           0.5128541248650038
-3.241206030150753            0.5128540906404494
-3.125628140703519            0.512854087191466
-3.0100502512562812           0.5128540892452501
-2.8944723618090435           0.5128540683478299
-2.7788944723618094           0.5128539897983475
-2.6633165829145717           0.5128540186271285
-2.5477386934673376           0.5128540158994717
-2.4321608040201              0.5128539628911337
-2.316582914572866            0.5128538681065596
-2.201005025125628            0.5128536952193788
-2.0854271356783904           0.5128533466192674
-1.9698492462311563           0.5128526609571398
-1.8542713567839186           0.512851361299892
-1.7386934673366845           0.5128489630920648
-1.6231155778894468           0.512844304254403
-1.5075376884422127           0.5128355234485716
-1.391959798994975            0.5128186921855054
-1.2763819095477373           0.5127866729818147
-1.1608040201005032           0.5127259427896766
-1.0452261306532655           0.5126110922025618
-0.9296482412060314           0.5123948713659486
-0.8140703517587937           0.511989942261604
-0.698492462311556            0.5112364580041359
-0.5829145728643219           0.5098467597190429
-0.46733668341708423          0.5073105572125358
-0.3517587939698501           0.5027429310369769
-0.23618090452261245          0.49464883024277145
-0.12060301507537828          0.48058010465620316
-0.005025125628140596         0.45666842948482617
0.11055276381909708           0.417034109214801
0.22613065326633117           0.3530869699290751
0.34170854271356893           0.2527380563595391
0.457286432160803             0.09951383508289859
0.5728643216080407            -0.12848422029223236
0.6884422110552748            -0.45988561012596796
0.8040201005025125            -0.9317697830827
0.9195979899497502            -1.5919608209428942
1.0351758793969843            -2.502082742514029
1.150753768844222             -3.741636868022867
1.266331658291456             -5.413547202190401
1.3819095477386938            -7.6517241620244
1.4974874371859315            -10.630949943245747
1.6130653266331656            -14.579341441050897
1.7286432160804033            -19.794324075080983
1.8442211055276374            -26.66360782503715
1.959798994974875             -35.692748961355875
2.075376884422109             -47.54116661788116
2.190954773869347             -63.06912712208492
2.3065326633165846            -83.39903540666786
2.4221105527638187            -109.99540061976764
2.5376884422110564            -144.76917345441962
2.6532663316582905            -190.21388849434973
2.768844221105528             -251.33221068122265
