-20.0                         1.67905730940791
-19.884422110552762           1.679058765611915
-19.768844221105528           1.67905714436531
-19.65326633165829            1.679056153050835
-19.537688442211056           1.679057559594931
-19.42211055276382            1.6790569820716472
-19.306532663316585           1.6790571242164027
-19.190954773869347           1.679055383697225
-19.07537688442211            1.6790576156094148
-18.959798994974875           1.6790572113554578
-18.844221105527637           1.6790582959872773
-18.728643216080403           1.6790567017932645
-18.613065326633166           1.6790576037202767
-18.49748743718593            1.6790569617353903
-18.381909547738694           1.6790598526514762
-18.266331658291456           1.6790569499781278
-18.150753768844222           1.6790570053167808
-18.035175879396984           1.6790579227723286
-17.91959798994975            1.6790568735014033
-17.804020100502512           1.6790576021163754
-17.688442211055275           1.6790567162010763
-17.57286432160804            1.679056741379592
-17.457286432160803           1.6790567381307862
-17.34170854271357            1.6790566251422554
-17.22613065326633            1.6790564349313073
-17.110552763819094           1.679056736291419
-16.99497487437186            1.6790572162248472
-16.87939698492462            1.6790561095789347
-16.763819095477388           1.679057632505502
-16.64824120603015            1.6790564621209707
-16.532663316582916           1.679057243145901
-16.417085427135678           1.679056677443442
-16.301507537688444           1.6790559638183173
-16.185929648241206           1.679056727050456
-16.07035175879397            1.6790570645199305
-15.954773869346734           1.6790553089312068
-15.839195979899497           1.6790566492934982
-15.72361809045226            1.679056958095411
-15.608040201005025           1.6790580940479547
-15.492462311557789           1.679056690296976
-15.376884422110553           1.6790571337831486
-15.261306532663315           1.6790567308562054
-15.145728643216081           1.6790567288734521
-15.030150753768844           1.6790574750806395
-14.914572864321608           1.6790563760942672
-14.798994974874372           1.6790555862435137
-14.683417085427136           1.6790567416528963
-14.5678391959799             1.6790567349732681
-14.452261306532662           1.6790567034775161
-14.336683417085428           1.6790564761837121
-14.22110552763819            1.6790575199647921
-14.105527638190955           1.6790564473275114
-13.989949748743719           1.6790553440362808
-13.874371859296481           1.6790562184099727
-13.758793969849247           1.6790567766033249
-13.64321608040201            1.679056360146603
-13.527638190954773           1.6790554104540734
-13.412060301507537           1.6790564521271774
-13.296482412060302           1.6790558253568821
-13.180904522613066           1.6790566789009096
-13.065326633165828           1.679056216696073
-12.949748743718594           1.6790563253800823
-12.834170854271356           1.6790558895381458
-12.71859296482412            1.679056587124084
-12.603015075376884           1.6790559429915548
-12.487437185929648           1.6790563984124145
-12.371859296482413           1.6790560678380229
-12.256281407035175           1.6790564871978777
-12.14070351758794            1.679056291546639
-12.025125628140703           1.6790557331420939
-11.909547738693467           1.6790560544852466
-11.793969849246231           1.679056217762511
-11.678391959798995           1.6790562989956435
-11.56281407035176            1.6790561860576725
-11.447236180904522           1.6790567014047812
-11.331658291457286           1.6790562334731516
-11.21608040201005            1.6790561707267238
-11.100502512562814           1.679056338412977
-10.984924623115578           1.6790562256279473
-10.869346733668342           1.679056110524231
-10.753768844221106           1.6790552754030899
-10.638190954773869           1.679056335285057
-10.522613065326633           1.6790559804162526
-10.407035175879397           1.6790562115003693
-10.291457286432161           1.6790572682924396
-10.175879396984925           1.6790560584451124
-10.06030150753769            1.6790559132480871
-9.944723618090451            1.6790561516583271
-9.829145728643216            1.679055503281609
-9.71356783919598             1.6790566816174324
-9.597989949748744            1.6790561153910737
-9.482412060301508            1.6790560558599397
-9.366834170854272            1.6790561836136615
-9.251256281407034            1.6790560621013495
-9.135678391959798            1.679055963302431
-9.020100502512562            1.6790560673261006
-8.904522613065327            1.679055437225119
-8.78894472361809             1.6790553734144271
-8.673366834170855            1.6790573297119717
-8.557788944723619            1.6790560564442403
-8.442211055276381            1.6790572565277915
-8.326633165829145            1.6790554118135348
-8.21105527638191             1.679055533956484
-8.095477386934673            1.6790561750668331
-7.9798994974874375           1.6790559320221785
-7.864321608040202            1.679055907828497
-7.748743718592964            1.6790557970853626
-7.633165829145728            1.679055985646572
-7.517587939698492            1.6790557073367904
-7.402010050251256            1.6790562807016067
-7.28643216080402             1.6790559035555608
-7.170854271356784            1.679055832163683
-7.055276381909547            1.6790555729202359
-6.939698492462311            1.6790558497051788
-6.824120603015075            1.679055846911508
-6.708542713567839            1.6790555922163124
-6.592964824120603            1.6790558601311474
-6.477386934673367            1.679055929454908
-6.361809045226131            1.6790558623674638
-6.246231155778894            1.6790557052506696
-6.130653266331658            1.6790557645735342
-6.015075376884422            1.679055733996042
-5.899497487437186            1.6790557825059163
-5.78391959798995             1.6790557123343002
-5.668341708542714            1.6790557573057208
-5.5527638190954764           1.6790556095792402
-5.4371859296482405           1.679055398582853
-5.321608040201005            1.6790555625533672
-5.206030150753769            1.6790557255052156
-5.090452261306533            1.6790558509902942
-4.974874371859297            1.6790555964755625
-4.859296482412061            1.6790558765544144
-4.743718592964823            1.6790556773795606
-4.628140703517587            1.6790558302480076
-4.5125628140703515           1.6790556796867857
-4.396984924623116            1.679055647089194
-4.28140703517588             1.6790556703033133
-4.165829145728644            1.6790556640886805
-4.050251256281406            1.679055485272694
-3.934673366834172            1.6790556839815007
-3.8190954773869343           1.6790557144754135
-3.7035175879396967           1.6790556347188843
-3.5879396984924625           1.6790556690066798
-3.472361809045225            1.6790556531619314
-3.3567839195979907           1.679055653167509
-3.241206030150753            1.6790556455167098
-3.125628140703519            1.6790555911252913
-3.0100502512562812           1.6790555894645718
-2.8944723618090435           1.6790556974553779
-2.7788944723618094           1.6790554530868227
-2.6633165829145717           1.6790556243259176
-2.5477386934673376           1.6790555842459374
-2.4321608040201              1.6790555721092344
-2.316582914572866            1.6790555853084181
-2.201005025125628            1.6790555904760194
-2.0854271356783904           1.6790555770954514
-1.9698492462311563           1.6790555394250133
-1.8542713567839186           1.6790554721144604
-1.7386934673366845           1.6790555065992727
-1.6231155778894468           1.679055442188122
-1.5075376884422127           1.6790555393439048
-1.391959798994975            1.6790554886863793
-1.2763819095477373           1.679055519090126
-1.1608040201005032           1.6790555282652924
-1.0452261306532655           1.679055495839507
-0.9296482412060314           1.6790553712940295
-0.8140703517587937           1.6790552120200577
-0.698492462311556            1.6790539919995315
-0.5829145728643219           1.6790504039718757
-0.46733668341708423          1.6790385481375911
-0.3517587939698501           1.6790001023845247
-0.23618090452261245          1.6788782277899323
-0.12060301507537828          1.6785032144516998
-0.005025125628140596         1.6773948809209147
0.11055276381909708           1.6742850913632454
0.22613065326633117           1.6661139247499355
0.34170854271356893           1.6462763179482927
0.457286432160803             1.6022299346684372
0.5728643216080407            1.513127811260602
0.6884422110552748            1.3482524843164412
0.8040201005025125            1.066252334984874
0.9195979899497502            0.6142797372031876
1.0351758793969843            -0.07394864115268533
1.150753768844222             -1.0816667549031493
1.266331658291456             -2.514464349571672
1.3819095477386938            -4.5080592218623625
1.4974874371859315            -7.238590039196752
1.6130653266331656            -10.935300535961945
1.7286432160804033            -15.896493624188539
1.8442211055276374            -22.51049681427103
1.959798994974875             -31.283286478312668
2.075376884422109             -42.874571690869935
2.190954773869347             -58.14482345112972
2.3065326633165846            -78.21659389167597
2.4221105527638187            -104.55449957365802
2.5376884422110564            -139.0695704579484
2.6532663316582905            -184.25540014180524
2.768844221105528             -245.11615540484075
