-20.0                         0.3021843366907217
-19.884422110552762           0.3021847700303891
-19.768844221105528           0.30218428850915025
-19.65326633165829            0.30218372288880563
-19.537688442211056           0.30218426128110365
-19.42211055276382            0.30218433103092074
-19.306532663316585           0.30218430857783185
-19.190954773869347           0.3021841863668256
-19.07537688442211            0.3021842393389191
-18.959798994974875           0.30218417627020105
-18.844221105527637           0.3021844751829739
-18.728643216080403           0.30218417433952527
-18.613065326633166           0.30218405167925855
-18.49748743718593            0.30218410600203016
-18.381909547738694           0.3021847054395354
-18.266331658291456           0.3021840092834117
-18.150753768844222           0.3021840714392397
-18.035175879396984           0.30218365591435653
-17.91959798994975            0.3021839907571956
-17.804020100502512           0.3021840297483513
-17.688442211055275           0.3021840880883874
-17.57286432160804            0.3021839892983333
-17.457286432160803           0.3021838049538668
-17.34170854271357            0.30218394699413154
-17.22613065326633            0.3021840523233352
-17.110552763819094           0.3021837837365681
-16.99497487437186            0.3021838559091355
-16.87939698492462            0.30218396338477815
-16.763819095477388           0.30218388626716736
-16.64824120603015            0.30218387822490794
-16.532663316582916           0.30218375235144196
-16.417085427135678           0.30218381485982954
-16.301507537688444           0.30218377830472276
-16.185929648241206           0.302183739275159
-16.07035175879397            0.3021837791158258
-15.954773869346734           0.30218342788193053
-15.839195979899497           0.30218366907876415
-15.72361809045226            0.3021836661317212
-15.608040201005025           0.3021835553836398
-15.492462311557789           0.30218359073731177
-15.376884422110553           0.3021834493865023
-15.261306532663315           0.30218363561474937
-15.145728643216081           0.30218356021900233
-15.030150753768844           0.3021837549261373
-14.914572864321608           0.30218344829792376
-14.798994974874372           0.3021832809083722
-14.683417085427136           0.302183514305655
-14.5678391959799             0.30218353243437107
-14.452261306532662           0.30218350300444324
-14.336683417085428           0.3021834396131974
-14.22110552763819            0.3021833467863676
-14.105527638190955           0.30218344453265045
-13.989949748743719           0.3021829999436486
-13.874371859296481           0.30218334121979246
-13.758793969849247           0.30218385945984305
-13.64321608040201            0.30218339198518873
-13.527638190954773           0.30218332462178393
-13.412060301507537           0.30218336456426903
-13.296482412060302           0.30218353478755144
-13.180904522613066           0.3021833313403626
-13.065326633165828           0.3021830396879568
-12.949748743718594           0.30218335825319786
-12.834170854271356           0.30218303985367667
-12.71859296482412            0.30218339753922224
-12.603015075376884           0.30218299829197215
-12.487437185929648           0.30218327759482566
-12.371859296482413           0.3021832665814232
-12.256281407035175           0.3021832780688519
-12.14070351758794            0.302183187768476
-12.025125628140703           0.3021833476426754
-11.909547738693467           0.30218310455095
-11.793969849246231           0.30218307959525625
-11.678391959798995           0.30218314950352115
-11.56281407035176            0.3021831313973086
-11.447236180904522           0.3021832136189858
-11.331658291457286           0.30218314670701135
-11.21608040201005            0.3021831110398754
-11.100502512562814           0.30218340067551847
-10.984924623115578           0.30218311648781654
-10.869346733668342           0.3021830437450908
-10.753768844221106           0.30218279013681487
-10.638190954773869           0.30218305610093343
-10.522613065326633           0.3021830302522092
-10.407035175879397           0.3021830300153982
-10.291457286432161           0.302183118147689
-10.175879396984925           0.30218300223866285
-10.06030150753769            0.30218293469921576
-9.944723618090451            0.3021829717817786
-9.829145728643216            0.3021830164747617
-9.71356783919598             0.3021829877405277
-9.597989949748744            0.30218293325930967
-9.482412060301508            0.3021829392043755
-9.366834170854272            0.3021829202315569
-9.251256281407034            0.3021829125331334
-9.135678391959798            0.30218291000846154
-9.020100502512562            0.3021829177801149
-8.904522613065327            0.30218286108423603
-8.78894472361809             0.3021827347519237
-8.673366834170855            0.302183300196247
-8.557788944723619            0.3021828289576655
-8.442211055276381            0.30218326241809534
-8.326633165829145            0.3021827294711859
-8.21105527638191             0.30218287663053106
-8.095477386934673            0.3021827872063025
-7.9798994974874375           0.302182797337594
-7.864321608040202            0.3021827826777391
-7.748743718592964            0.3021827668754714
-7.633165829145728            0.3021827720089897
-7.517587939698492            0.30218273368510745
-7.402010050251256            0.3021827724683224
-7.28643216080402             0.3021827636071211
-7.170854271356784            0.3021827387152588
-7.055276381909547            0.30218262004418217
-6.939698492462311            0.30218270888304694
-6.824120603015075            0.3021827141695678
-6.708542713567839            0.30218273001493917
-6.592964824120603            0.3021826706654276
-6.477386934673367            0.30218259971729106
-6.361809045226131            0.30218266263960275
-6.246231155778894            0.30218260622398235
-6.130653266331658            0.30218266147042105
-6.015075376884422            0.302182657527395
-5.899497487437186            0.30218266449753517
-5.78391959798995             0.302182640079562
-5.668341708542714            0.30218263658756483
-5.5527638190954764           0.30218260048904155
-5.4371859296482405           0.3021825206119704
-5.321608040201005            0.3021826032790619
-5.206030150753769            0.30218258482533866
-5.090452261306533            0.3021825734332787
-4.974874371859297            0.3021826298725845
-4.859296482412061            0.3021826780226626
-4.743718592964823            0.30218256418973566
-4.628140703517587            0.3021825910680053
-4.5125628140703515           0.3021825220602404
-4.396984924623116            0.30218250780019595
-4.28140703517588             0.30218249097426886
-4.165829145728644            0.30218245089583506
-4.050251256281406            0.30218241985961586
-3.934673366834172            0.30218233587323845
-3.8190954773869343           0.3021822345271618
-3.7035175879396967           0.3021820671499016
-3.5879396984924625           0.3021818370507694
-3.472361809045225            0.30218148751718
-3.3567839195979907           0.3021809769065801
-3.241206030150753            0.30218018568724453
-3.125628140703519            0.3021789998135381
-3.0100502512562812           0.3021772221093659
-2.8944723618090435           0.30217450563000675
-2.7788944723618094           0.30217041125241223
-2.6633165829145717           0.3021642908486145
-2.5477386934673376           0.3021550436995554
-2.4321608040201              0.30214104341203424
-2.316582914572866            0.3021199128855252
-2.201005025125628            0.30208803296699166
-2.0854271356783904           0.3020399482871092
-1.9698492462311563           0.30196745508634804
-1.8542713567839186           0.30185826089523043
-1.7386934673366845           0.30169394912687736
-1.6231155778894468           0.3014468304429849
-1.5075376884422127           0.30107574443121055
-1.391959798994975            0.3005191139862447
-1.2763819095477373           0.2996855613063672
-1.1608040201005032           0.2984397321372012
-1.0452261306532655           0.2965818532564958
-0.9296482412060314           0.2938185382509251
-0.8140703517587937           0.28972104232050566
-0.698492462311556            0.2836664843932654
-0.5829145728643219           0.274756524445443
-0.46733668341708423          0.26170467866363534
-0.3517587939698501           0.24268460184497656
-0.23618090452261245          0.21512726723170472
-0.12060301507537828          0.17545472478989674
-0.005025125628140596         0.11873552497945693
0.11055276381909708           0.03824484111838295
0.22613065326633117           -0.0750924859481594
0.34170854271356893           -0.23340361430827872
0.457286432160803             -0.452754246143128
0.5728643216080407            -0.7542752604373401
0.6884422110552748            -1.1656064049705988
0.8040201005025125            -1.7227586641885593
0.9195979899497502            -2.4725248841593284
1.0351758793969843            -3.4756145449826326
1.150753768844222             -4.810783417386246
1.266331658291456             -6.580398814822229
1.3819095477386938            -8.917958322992806
1.4974874371859315            -11.997891852812915
1.6130653266331656            -16.047994548987706
1.7286432160804033            -21.36542539368939
1.8442211055276374            -28.337696379044488
1.959798994974875             -37.47022218923746
2.075376884422109             -49.422320155344195
2.190954773869347             -65.05418241816037
2.3065326633165846            -85.48815923049176
2.4221105527638187            -112.1887190787536
2.5376884422110564            -147.06678220865646
2.6532663316582905            -192.6158602808833
2.768844221105528             -253.83801470132317
