-20.0                         0.980422811877878
-19.884422110552762           0.9804237756923777
-19.768844221105528           0.9804226903409973
-19.65326633165829            0.9804216939406973
-19.537688442211056           0.9804227154909249
-19.42211055276382            0.9804225504425876
-19.306532663316585           0.9804228445812823
-19.190954773869347           0.9804214656482768
-19.07537688442211            0.9804228847102533
-18.959798994974875           0.980422568447035
-18.844221105527637           0.9804237971345778
-18.728643216080403           0.9804224650340413
-18.613065326633166           0.9804226889923335
-18.49748743718593            0.980422500781734
-18.381909547738694           0.9804246501963964
-18.266331658291456           0.9804223572629271
-18.150753768844222           0.9804224332017393
-18.035175879396984           0.9804225053945405
-17.91959798994975            0.9804223958180597
-17.804020100502512           0.980422814898508
-17.688442211055275           0.9804225932758264
-17.57286432160804            0.9804221081195428
-17.457286432160803           0.9804221359250987
-17.34170854271357            0.980422321201859
-17.22613065326633            0.9804223914102007
-17.110552763819094           0.9804220888003752
-16.99497487437186            0.9804225133427638
-16.87939698492462            0.9804220624721292
-16.763819095477388           0.9804227109266876
-16.64824120603015            0.9804221326294092
-16.532663316582916           0.9804221578443213
-16.417085427135678           0.9804221333822929
-16.301507537688444           0.9804216098924116
-16.185929648241206           0.9804221407456635
-16.07035175879397            0.9804223782432553
-15.954773869346734           0.980421135690438
-15.839195979899497           0.9804220463601941
-15.72361809045226            0.9804221393881769
-15.608040201005025           0.9804227175051684
-15.492462311557789           0.9804220271561567
-15.376884422110553           0.980421928295421
-15.261306532663315           0.9804221188746342
-15.145728643216081           0.9804220296971127
-15.030150753768844           0.9804228428136657
-14.914572864321608           0.9804217796945814
-14.798994974874372           0.9804211092697053
-14.683417085427136           0.9804220243327677
-14.5678391959799             0.9804219526045111
-14.452261306532662           0.9804219127373536
-14.336683417085428           0.9804218404256271
-14.22110552763819            0.980422255990954
-14.105527638190955           0.9804217930197303
-13.989949748743719           0.9804209498788131
-13.874371859296481           0.9804216488917014
-13.758793969849247           0.9804223451378564
-13.64321608040201            0.9804217417536042
-13.527638190954773           0.9804211228199488
-13.412060301507537           0.9804217745981874
-13.296482412060302           0.9804216480361799
-13.180904522613066           0.9804218945700817
-13.065326633165828           0.9804213682553339
-12.949748743718594           0.9804217713721614
-12.834170854271356           0.980421301874034
-12.71859296482412            0.9804219439998249
-12.603015075376884           0.9804212059273381
-12.487437185929648           0.9804217785673492
-12.371859296482413           0.9804215728588145
-12.256281407035175           0.9804218404414906
-12.14070351758794            0.9804216243423004
-12.025125628140703           0.980421484763919
-11.909547738693467           0.9804214542277129
-11.793969849246231           0.9804213539972715
-11.678391959798995           0.9804215995736951
-11.56281407035176            0.9804215445122798
-11.447236180904522           0.980421883092399
-11.331658291457286           0.9804216069294169
-11.21608040201005            0.9804215305992902
-11.100502512562814           0.9804218485583718
-10.984924623115578           0.9804215940025939
-10.869346733668342           0.9804214613597466
-10.753768844221106           0.980420847015468
-10.638190954773869           0.9804215885441296
-10.522613065326633           0.9804213804774874
-10.407035175879397           0.9804215834045075
-10.291457286432161           0.9804221969412945
-10.175879396984925           0.9804214337337398
-10.06030150753769            0.9804213049748575
-9.944723618090451            0.9804214310386434
-9.829145728643216            0.9804211280888632
-9.71356783919598             0.9804218571447697
-9.597989949748744            0.9804214081559339
-9.482412060301508            0.9804213782565525
-9.366834170854272            0.9804214674231122
-9.251256281407034            0.9804213819340634
-9.135678391959798            0.9804213255200757
-9.020100502512562            0.9804215011702634
-8.904522613065327            0.9804209813053629
-8.78894472361809             0.9804208989283572
-8.673366834170855            0.980422327947749
-8.557788944723619            0.9804213412338717
-8.442211055276381            0.9804222680321789
-8.326633165829145            0.9804209237004637
-8.21105527638191             0.9804210994293525
-8.095477386934673            0.9804213683993903
-7.9798994974874375           0.9804212807888912
-7.864321608040202            0.9804212382686944
-7.748743718592964            0.9804211729168376
-7.633165829145728            0.9804212819002049
-7.517587939698492            0.9804210355029109
-7.402010050251256            0.9804215086993869
-7.28643216080402             0.9804212464226473
-7.170854271356784            0.980421181251546
-7.055276381909547            0.9804209247313037
-6.939698492462311            0.9804211678775002
-6.824120603015075            0.9804211882479541
-6.708542713567839            0.980421047962707
-6.592964824120603            0.9804211557820928
-6.477386934673367            0.9804211241808157
-6.361809045226131            0.9804211445813363
-6.246231155778894            0.9804210426440629
-6.130653266331658            0.9804211276461803
-6.015075376884422            0.9804211311113343
-5.899497487437186            0.9804211893816211
-5.78391959798995             0.9804210786958327
-5.668341708542714            0.9804210972404793
-5.5527638190954764           0.9804209520575197
-5.4371859296482405           0.9804208291151046
-5.321608040201005            0.9804209489981438
-5.206030150753769            0.9804210164052773
-5.090452261306533            0.9804211028459625
-4.974874371859297            0.980421046623533
-4.859296482412061            0.9804212326685439
-4.743718592964823            0.9804210390634132
-4.628140703517587            0.9804211305863186
-4.5125628140703515           0.9804209800478573
-4.396984924623116            0.9804209957265742
-4.28140703517588             0.980421017250932
-4.165829145728644            0.9804209949798319
-4.050251256281406            0.9804209109690963
-3.934673366834172            0.9804210140721935
-3.8190954773869343           0.9804210284673902
-3.7035175879396967           0.9804209712371632
-3.5879396984924625           0.980420983337876
-3.472361809045225            0.9804209699933459
-3.3567839195979907           0.9804209891540664
-3.241206030150753            0.9804209391829118
-3.125628140703519            0.9804209306660727
-3.0100502512562812           0.9804209342954406
-2.8944723618090435           0.9804209611419588
-2.7788944723618094           0.980420819585045
-2.6633165829145717           0.9804209120825875
-2.5477386934673376           0.9804209164186846
-2.4321608040201              0.9804209107818225
-2.316582914572866            0.980420913388076
-2.201005025125628            0.9804209262591425
-2.0854271356783904           0.9804209145685534
-1.9698492462311563           0.9804208753402727
-1.8542713567839186           0.9804208160848341
-1.7386934673366845           0.9804208296044452
-1.6231155778894468           0.9804207622897604
-1.5075376884422127           0.9804207673527207
-1.391959798994975            0.9804205793777424
-1.2763819095477373           0.98042016938273
-1.1608040201005032           0.9804191186797496
-1.0452261306532655           0.980416443919667
-0.9296482412060314           0.9804097867578804
-0.8140703517587937           0.9803933465457522
-0.698492462311556            0.980352446036945
-0.5829145728643219           0.9802528214118238
-0.46733668341708423          0.980012483485962
-0.3517587939698501           0.9794422137912868
-0.23618090452261245          0.9781178499816227
-0.12060301507537828          0.9751260531857261
-0.005025125628140596         0.968599026644496
0.11055276381909708           0.9549519895672419
0.22613065326633117           0.927797806154657
0.34170854271356893           0.8766424985334177
0.457286432160803             0.7855774583044006
0.5728643216080407            0.6321344379011498
0.6884422110552748            0.38623062921247553
0.8040201005025125            0.008886674329285853
0.9195979899497502            -0.5496618877335783
1.0351758793969843            -1.3527574782781504
1.150753768844222             -2.481270109794148
1.266331658291456             -4.039112928091338
1.3819095477386938            -6.160888146003631
1.4974874371859315            -9.021922478734012
1.6130653266331656            -12.850801743610077
1.7286432160804033            -17.945325094133207
1.8442211055276374            -24.693471032040694
1.959798994974875             -33.600982038709695
2.075376884422109             -45.32740779735806
2.190954773869347             -60.73310791527978
2.3065326633165846            -80.94055503881577
2.4221105527638187            -107.41430808149656
2.5376884422110564            -142.0653546639735
2.6532663316582905            -187.38725697817273
2.768844221105528             -248.38339158574527
