-20.0                         0.30984391757688123
-19.884422110552762           0.3098443700937148
-19.768844221105528           0.3098438682778129
-19.65326633165829            0.3098432819983478
-19.537688442211056           0.3098438402920959
-19.42211055276382            0.3098439102379167
-19.306532663316585           0.3098438959964252
-19.190954773869347           0.30984374132934633
-19.07537688442211            0.3098438249258792
-18.959798994974875           0.30984375493182625
-18.844221105527637           0.3098440909920773
-18.728643216080403           0.3098437577548127
-18.613065326633166           0.30984363265625875
-18.49748743718593            0.30984368648425864
-18.381909547738694           0.3098443376360623
-18.266331658291456           0.30984358629132625
-18.150753768844222           0.3098436510770566
-18.035175879396984           0.3098432297041075
-17.91959798994975            0.3098435707808151
-17.804020100502512           0.3098436177092792
-17.688442211055275           0.30984368090921066
-17.57286432160804            0.30984356642953415
-17.457286432160803           0.3098433802132232
-17.34170854271357            0.30984353111211405
-17.22613065326633            0.3098436442497621
-17.110552763819094           0.3098433570960282
-16.99497487437186            0.309843437872092
-16.87939698492462            0.30984354895953325
-16.763819095477388           0.3098434752120346
-16.64824120603015            0.30984346216344893
-16.532663316582916           0.30984332574828743
-16.417085427135678           0.30984339280256806
-16.301507537688444           0.3098433494612272
-16.185929648241206           0.309843320276242
-16.07035175879397            0.30984336290494663
-15.954773869346734           0.30984298499495044
-15.839195979899497           0.30984324728984375
-15.72361809045226            0.30984324571586735
-15.608040201005025           0.3098431396791734
-15.492462311557789           0.30984316980645416
-15.376884422110553           0.3098430168262521
-15.261306532663315           0.30984321842157936
-15.145728643216081           0.30984313931010266
-15.030150753768844           0.3098433580442925
-14.914572864321608           0.3098430238700284
-14.798994974874372           0.3098428372310349
-14.683417085427136           0.3098430951986685
-14.5678391959799             0.3098431119858422
-14.452261306532662           0.30984308199103583
-14.336683417085428           0.3098430181170864
-14.22110552763819            0.30984292567164873
-14.105527638190955           0.3098430221002843
-13.989949748743719           0.30984256093515045
-13.874371859296481           0.30984291666478236
-13.758793969849247           0.3098434542869168
-13.64321608040201            0.3098429705857035
-13.527638190954773           0.30984288881419036
-13.412060301507537           0.3098429438192485
-13.296482412060302           0.30984311889329585
-13.180904522613066           0.30984291220838817
-13.065326633165828           0.3098426067847877
-12.949748743718594           0.30984294078173336
-12.834170854271356           0.3098426113788261
-12.71859296482412            0.3098429839042272
-12.603015075376884           0.3098425632788254
-12.487437185929648           0.3098428605033062
-12.371859296482413           0.3098428479625389
-12.256281407035175           0.30984286154670543
-12.14070351758794            0.30984276739024563
-12.025125628140703           0.30984293013492026
-11.909547738693467           0.30984268112420826
-11.793969849246231           0.30984264983284987
-11.678391959798995           0.30984272903395593
-11.56281407035176            0.3098427103016464
-11.447236180904522           0.30984280018684296
-11.331658291457286           0.3098427287054613
-11.21608040201005            0.30984269103780104
-11.100502512562814           0.30984299007343424
-10.984924623115578           0.30984269912578705
-10.869346733668342           0.3098426228034022
-10.753768844221106           0.3098423564430816
-10.638190954773869           0.3098426375862739
-10.522613065326633           0.3098426081856547
-10.407035175879397           0.30984261225205345
-10.291457286432161           0.30984271392525853
-10.175879396984925           0.3098425828199646
-10.06030150753769            0.30984251222137715
-9.944723618090451            0.3098425519605025
-9.829145728643216            0.3098425927159413
-9.71356783919598             0.30984257733633136
-9.597989949748744            0.30984251334704294
-9.482412060301508            0.3098425193030292
-9.366834170854272            0.3098425021642979
-9.251256281407034            0.309842493426271
-9.135678391959798            0.3098424908807032
-9.020100502512562            0.309842503035839
-8.904522613065327            0.3098424339458307
-8.78894472361809             0.30984230581691086
-8.673366834170855            0.30984290105042694
-8.557788944723619            0.3098424103734903
-8.442211055276381            0.30984286248375204
-8.326633165829145            0.3098423018476857
-8.21105527638191             0.30984245568577273
-8.095477386934673            0.30984236745132465
-7.9798994974874375           0.30984237826570943
-7.864321608040202            0.30984236284286676
-7.748743718592964            0.30984234596747917
-7.633165829145728            0.3098423535044059
-7.517587939698492            0.3098423095438479
-7.402010050251256            0.30984235915303115
-7.28643216080402             0.3098423454936995
-7.170854271356784            0.30984231920010186
-7.055276381909547            0.30984219335720153
-6.939698492462311            0.30984228907688127
-6.824120603015075            0.3098422955566302
-6.708542713567839            0.3098423079318468
-6.592964824120603            0.3098422511052476
-6.477386934673367            0.30984217856873136
-6.361809045226131            0.30984224276326516
-6.246231155778894            0.30984218532618474
-6.130653266331658            0.30984224285963363
-6.015075376884422            0.30984223924600696
-5.899497487437186            0.30984224829440205
-5.78391959798995             0.30984222111535986
-5.668341708542714            0.3098422177731042
-5.5527638190954764           0.3098421784923556
-5.4371859296482405           0.3098420965965274
-5.321608040201005            0.30984218285834636
-5.206030150753769            0.3098421654863387
-5.090452261306533            0.309842155663585
-4.974874371859297            0.3098422153920266
-4.859296482412061            0.3098422683803783
-4.743718592964823            0.309842151476436
-4.628140703517587            0.3098421828545589
-4.5125628140703515           0.30984211497985303
-4.396984924623116            0.30984210822489655
-4.28140703517588             0.309842101606678
-4.165829145728644            0.3098420753501111
-4.050251256281406            0.3098420645497374
-3.934673366834172            0.30984201365194697
-3.8190954773869343           0.3098419593785334
-3.7035175879396967           0.3098418598778458
-3.5879396984924625           0.30984173205899607
-3.472361809045225            0.3098415333830431
-3.3567839195979907           0.30984124623513776
-3.241206030150753            0.3098407825110931
-3.125628140703519            0.3098400811657067
-3.0100502512562812           0.3098390158183855
-2.8944723618090435           0.30983734522871764
-2.7788944723618094           0.3098347823159069
-2.6633165829145717           0.3098309088038064
-2.5477386934673376           0.3098249434427636
-2.4321608040201              0.30981572790355355
-2.316582914572866            0.30980155895008904
-2.201005025125628            0.30977978235318987
-2.0854271356783904           0.3097463185364072
-1.9698492462311563           0.3096949173501748
-1.8542713567839186           0.30961604410697474
-1.7386934673366845           0.30949515084438173
-1.6231155778894468           0.30930992162922627
-1.5075376884422127           0.3090266120086003
-1.391959798994975            0.30859375057773286
-1.2763819095477373           0.30793357849667047
-1.1608040201005032           0.3069288187792754
-1.0452261306532655           0.3054032808271731
-0.9296482412060314           0.30309372005199
-0.8140703517587937           0.2996089799261453
-0.698492462311556            0.2943716945967088
-0.5829145728643219           0.28653673698072646
-0.46733668341708423          0.2748771902564592
-0.3517587939698501           0.2576299357457478
-0.23618090452261245          0.2322886363070579
-0.12060301507537828          0.19533205051941555
-0.005025125628140596         0.14187344781870423
0.11055276381909708           0.06521523941613676
0.22613065326633117           -0.04371170658861312
0.34170854271356893           -0.19705071238984365
0.457286432160803             -0.41090373367636457
0.5728643216080407            -0.7064533245035676
0.6884422110552748            -1.1114002588773257
0.8040201005025125            -1.6618197843733238
0.9195979899497502            -2.404567027682353
1.0351758793969843            -3.4004076231714633
1.150753768844222             -4.728143973817542
1.266331658291456             -6.490178891144195
1.3819095477386938            -8.820037122741004
1.4974874371859315            -11.892172705819148
1.6130653266331656            -15.934403438324567
1.7286432160804033            -21.243907394826195
1.8442211055276374            -28.208210970794067
1.959798994974875             -37.332739290585195
2.075376884422109             -49.27681727470163
2.190954773869347             -64.9006426418445
2.3065326633165846            -85.32656978310314
2.4221105527638187            -112.0190702778244
2.5376884422110564            -146.8890666967045
2.6532663316582905            -192.43007245608695
2.768844221105528             -253.64419560584577
