-20.0                         0.3328051177197438
-19.884422110552762           0.3328056119859808
-19.768844221105528           0.3328050656482173
-19.65326633165829            0.3328044344937124
-19.537688442211056           0.33280503548009216
-19.42211055276382            0.3328051036587108
-19.306532663316585           0.33280511092706105
-19.190954773869347           0.3328048760889782
-19.07537688442211            0.3328050356664728
-18.959798994974875           0.33280494896193175
-18.844221105527637           0.33280537135626365
-18.728643216080403           0.3328049623124317
-18.613065326633166           0.3328048339251559
-18.49748743718593            0.33280488514700884
-18.381909547738694           0.33280565411580293
-18.266331658291456           0.33280477705501094
-18.150753768844222           0.332804846911323
-18.035175879396984           0.33280441886507245
-17.91959798994975            0.3328047685972416
-17.804020100502512           0.33280483483587037
-17.688442211055275           0.332804907142653
-17.57286432160804            0.33280475439687485
-17.457286432160803           0.33280456743171644
-17.34170854271357            0.3328047377485094
-17.22613065326633            0.33280486681489346
-17.110552763819094           0.332804539950029
-16.99497487437186            0.33280464123975895
-16.87939698492462            0.33280475572052093
-16.763819095477388           0.3328046941322998
-16.64824120603015            0.3328046668497078
-16.532663316582916           0.33280450758139846
-16.417085427135678           0.3328045848004169
-16.301507537688444           0.3328045224397426
-16.185929648241206           0.3328045199152793
-16.07035175879397            0.33280456941969117
-15.954773869346734           0.3328041304023919
-15.839195979899497           0.33280444065050524
-15.72361809045226            0.3328044422570194
-15.608040201005025           0.33280435237953687
-15.492462311557789           0.3328043654544283
-15.376884422110553           0.332804187808568
-15.261306532663315           0.3328044223006144
-15.145728643216081           0.3328043351601221
-15.030150753768844           0.332804609795176
-14.914572864321608           0.33280421168297614
-14.798994974874372           0.3328039811590662
-14.683417085427136           0.33280429515579735
-14.5678391959799             0.3328043076095603
-14.452261306532662           0.33280427645409216
-14.336683417085428           0.3328042123127422
-14.22110552763819            0.3328041248043096
-14.105527638190955           0.3328042134269915
-13.989949748743719           0.3328037167264295
-13.874371859296481           0.3328041039381885
-13.758793969849247           0.33280468073627467
-13.64321608040201            0.3328041641838918
-13.527638190954773           0.3328040476615565
-13.412060301507537           0.3328041392160714
-13.296482412060302           0.3328043213123175
-13.180904522613066           0.3328041122636791
-13.065326633165828           0.3328037775625236
-12.949748743718594           0.33280414309215134
-12.834170854271356           0.3328037907354748
-12.71859296482412            0.3328041949500882
-12.603015075376884           0.3328037286089274
-12.487437185929648           0.3328040646337401
-12.371859296482413           0.33280404739116837
-12.256281407035175           0.3328040671057001
-12.14070351758794            0.3328039640610078
-12.025125628140703           0.33280412947755705
-11.909547738693467           0.3328038710380205
-11.793969849246231           0.3328038248968284
-11.678391959798995           0.3328039254319563
-11.56281407035176            0.33280390527593484
-11.447236180904522           0.3328040126999681
-11.331658291457286           0.3328039303873202
-11.21608040201005            0.33280388823556256
-11.100502512562814           0.3328042055971347
-10.984924623115578           0.33280390227659523
-10.869346733668342           0.3328038181687229
-10.753768844221106           0.33280352350081477
-10.638190954773869           0.3328038385878918
-10.522613065326633           0.33280380046323904
-10.407035175879397           0.3328038154610963
-10.291457286432161           0.3328039489840668
-10.175879396984925           0.3328037814411709
-10.06030150753769            0.3328037041642084
-9.944723618090451            0.33280374980024374
-9.829145728643216            0.3328037790390216
-9.71356783919598             0.3328037987247629
-9.597989949748744            0.33280371113000506
-9.482412060301508            0.3328037166978021
-9.366834170854272            0.33280370457013597
-9.251256281407034            0.3328036928998459
-9.135678391959798            0.33280368991196285
-9.020100502512562            0.3328037131321118
-8.904522613065327            0.3328036136051008
-8.78894472361809             0.3328034830884031
-8.673366834170855            0.33280414469470915
-8.557788944723619            0.33280361133463626
-8.442211055276381            0.3328041043825878
-8.326633165829145            0.33280348193431847
-8.21105527638191             0.33280364887201486
-8.095477386934673            0.3328035663745091
-7.9798994974874375           0.3328035779780447
-7.864321608040202            0.3328035606797957
-7.748743718592964            0.33280354127951206
-7.633165829145728            0.3328035545320383
-7.517587939698492            0.332803496804958
-7.402010050251256            0.33280357322409615
-7.28643216080402             0.3328035470897409
-7.170854271356784            0.3328035175477056
-7.055276381909547            0.33280337611025856
-6.939698492462311            0.33280348697816414
-6.824120603015075            0.3328034961044394
-6.708542713567839            0.33280349986104035
-6.592964824120603            0.3328034498319467
-6.477386934673367            0.3328033745356941
-6.361809045226131            0.3328034406729795
-6.246231155778894            0.33280338099196627
-6.130653266331658            0.33280344336264656
-6.015075376884422            0.33280344057759903
-5.899497487437186            0.33280345444388926
-5.78391959798995             0.3328034203816189
-5.668341708542714            0.33280341734229135
-5.5527638190954764           0.33280337020572504
-5.4371859296482405           0.3328032841739801
-5.321608040201005            0.3328033771547164
-5.206030150753769            0.3328033621617284
-5.090452261306533            0.33280335564547214
-4.974874371859297            0.3328034199551307
-4.859296482412061            0.3328034819813541
-4.743718592964823            0.3328033557833012
-4.628140703517587            0.33280339270698844
-4.5125628140703515           0.3328033205800083
-4.396984924623116            0.3328033211615271
-4.28140703517588             0.3328033232300385
-4.165829145728644            0.33280330701446825
-4.050251256281406            0.33280331025912435
-3.934673366834172            0.3328032898378573
-3.8190954773869343           0.3328032760571275
-3.7035175879396967           0.33280323385023386
-3.5879396984924625           0.33280319757632115
-3.472361809045225            0.3328031370807319
-3.3567839195979907           0.3328030611739217
-3.241206030150753            0.3328029125137293
-3.125628140703519            0.3328026935476292
-3.0100502512562812           0.33280235629875016
-2.8944723618090435           0.3328017843888117
-2.7788944723618094           0.33280087129057145
-2.6633165829145717           0.332799492696136
-2.5477386934673376           0.33279727155656214
-2.4321608040201              0.33279366915967146
-2.316582914572866            0.33278789993312646
-2.201005025125628            0.3327786635483799
-2.0854271356783904           0.3327638695499154
-1.9698492462311563           0.3327401818324775
-1.8542713567839186           0.33270231008188494
-1.7386934673366845           0.3326418540526922
-1.6231155778894468           0.3325453122660369
-1.5075376884422127           0.33239151435809594
-1.391959798994975            0.3321467002482659
-1.2763819095477373           0.33175780552437395
-1.1608040201005032           0.331141477339141
-1.0452261306532655           0.33016735362510935
-0.9296482412060314           0.3286328710613232
-0.8140703517587937           0.32622528783856386
-0.698492462311556            0.3224656356691475
-0.5829145728643219           0.316627985871037
-0.46733668341708423          0.3076236236586362
-0.3517587939698501           0.29384129683637844
-0.23618090452261245          0.272930541416395
-0.12060301507537828          0.2415163027577164
-0.005025125628140596         0.19483224105276709
0.11055276381909708           0.12625982856313014
0.22613065326633117           0.026756431645509105
0.34170854271356893           -0.11585115645310261
0.457286432160803             -0.3177463803163472
0.5728643216080407            -0.6002329084195697
0.6884422110552748            -0.991156417879731
0.8040201005025125            -1.5267450136516267
0.9195979899497502            -2.25400144034509
1.0351758793969843            -3.233823693036564
1.150753768844222             -4.54512350306983
1.266331658291456             -6.290386465359382
1.3819095477386938            -8.603200133797817
1.4974874371859315            -11.65807373475339
1.6130653266331656            -15.682876504034349
1.7286432160804033            -20.974829664757426
1.8442211055276374            -27.92149203290877
1.959798994974875             -37.02831214837909
2.075376884422109             -48.954631903763605
2.190954773869347             -64.560661463186
2.3065326633165846            -84.96876443487207
2.4221105527638187            -111.64341927768706
2.5376884422110564            -146.49555372833447
2.6532663316582905            -192.01868510102122
2.768844221105528             -253.21502475157442
