-20.0                         1.0251909527209286
-19.884422110552762           1.0251919448906268
-19.768844221105528           1.0251908266662442
-19.65326633165829            1.025189823064085
-19.537688442211056           1.0251908670890495
-19.42211055276382            1.0251906798790291
-19.306532663316585           1.0251909758926
-19.190954773869347           1.0251895537250884
-19.07537688442211            1.0251910374708084
-18.959798994974875           1.0251907122046966
-18.844221105527637           1.0251919527258415
-18.728643216080403           1.0251905856699495
-18.613065326633166           1.0251908495257824
-18.49748743718593            1.0251906364118946
-18.381909547738694           1.0251928475996237
-18.266331658291456           1.0251904976368913
-18.150753768844222           1.0251905725922419
-18.035175879396984           1.0251906936174087
-17.91959798994975            1.0251905328948818
-17.804020100502512           1.0251909740915328
-17.688442211055275           1.0251907145780859
-17.57286432160804            1.0251902394279067
-17.457286432160803           1.0251902768920378
-17.34170854271357            1.0251904475597138
-17.22613065326633            1.0251905036275943
-17.110552763819094           1.0251902312526866
-16.99497487437186            1.025190669492899
-16.87939698492462            1.025190168736413
-16.763819095477388           1.025190875799003
-16.64824120603015            1.0251902547003593
-16.532663316582916           1.025190320437438
-16.417085427135678           1.0251902710488985
-16.301507537688444           1.025189724603945
-16.185929648241206           1.0251902795227517
-16.07035175879397            1.0251905292770989
-15.954773869346734           1.0251892465841332
-15.839195979899497           1.0251901877806264
-15.72361809045226            1.025190290874009
-15.608040201005025           1.025190914147826
-15.492462311557789           1.0251901725666077
-15.376884422110553           1.0251901002513026
-15.261306532663315           1.0251902617936013
-15.145728643216081           1.0251901780912795
-15.030150753768844           1.0251910004727514
-14.914572864321608           1.0251899203682084
-14.798994974874372           1.0251892356388685
-14.683417085427136           1.025190173397079
-14.5678391959799             1.0251901017221607
-14.452261306532662           1.0251900617118574
-14.336683417085428           1.0251899836305631
-14.22110552763819            1.025190441323548
-14.105527638190955           1.0251899356153078
-13.989949748743719           1.0251890753805213
-13.874371859296481           1.0251897878672962
-13.758793969849247           1.0251904782371655
-13.64321608040201            1.025189882479812
-13.527638190954773           1.02518923858122
-13.412060301507537           1.025189919572093
-13.296482412060302           1.025189762230372
-13.180904522613066           1.0251900489312697
-13.065326633165828           1.0251895208057904
-12.949748743718594           1.0251899105651987
-12.834170854271356           1.0251894412368876
-12.71859296482412            1.0251900897542434
-12.603015075376884           1.025189351188257
-12.487437185929648           1.0251899229906016
-12.371859296482413           1.0251897048471261
-12.256281407035175           1.025189988870529
-12.14070351758794            1.0251897695954948
-12.025125628140703           1.0251896031281758
-11.909547738693467           1.025189595324344
-11.793969849246231           1.0251895045264474
-11.678391959798995           1.0251897469481428
-11.56281407035176            1.0251896884272176
-11.447236180904522           1.0251900393611815
-11.331658291457286           1.025189750692959
-11.21608040201005            1.0251896739733721
-11.100502512562814           1.0251899844830852
-10.984924623115578           1.0251897382820607
-10.869346733668342           1.0251896056453087
-10.753768844221106           1.025188975579225
-10.638190954773869           1.0251897401696952
-10.522613065326633           1.025189521166841
-10.407035175879397           1.025189731385638
-10.291457286432161           1.0251903734922299
-10.175879396984925           1.0251895766888675
-10.06030150753769            1.0251894467365397
-9.944723618090451            1.0251895786080558
-9.829145728643216            1.0251892529763764
-9.71356783919598             1.0251900200825277
-9.597989949748744            1.0251895565264182
-9.482412060301508            1.0251895240541995
-9.366834170854272            1.0251896177281263
-9.251256281407034            1.0251895283268728
-9.135678391959798            1.0251894678266262
-9.020100502512562            1.025189645911613
-8.904522613065327            1.0251891108348086
-8.78894472361809             1.0251890311720875
-8.673366834170855            1.0251904980549933
-8.557788944723619            1.0251894902650172
-8.442211055276381            1.0251904371850205
-8.326633165829145            1.0251890570101367
-8.21105527638191             1.0251892291514535
-8.095477386934673            1.025189524747362
-7.9798994974874375           1.0251894271815851
-7.864321608040202            1.0251893843715068
-7.748743718592964            1.0251893159316494
-7.633165829145728            1.0251894306970806
-7.517587939698492            1.0251891776877124
-7.402010050251256            1.0251896660247837
-7.28643216080402             1.0251893922137718
-7.170854271356784            1.0251893259905491
-7.055276381909547            1.0251890672229773
-6.939698492462311            1.0251893145276976
-6.824120603015075            1.0251893339855827
-6.708542713567839            1.0251891856226805
-6.592964824120603            1.0251893038586697
-6.477386934673367            1.0251892777520448
-6.361809045226131            1.0251892932849178
-6.246231155778894            1.0251891880342385
-6.130653266331658            1.0251892722492726
-6.015075376884422            1.025189274671538
-5.899497487437186            1.0251893335112416
-5.78391959798995             1.0251892223480354
-5.668341708542714            1.025189242783329
-5.5527638190954764           1.0251890947657356
-5.4371859296482405           1.0251889680833246
-5.321608040201005            1.0251890893218425
-5.206030150753769            1.0251891630534522
-5.090452261306533            1.0251892545888543
-4.974874371859297            1.0251891855052777
-4.859296482412061            1.0251893784835182
-4.743718592964823            1.0251891835465055
-4.628140703517587            1.0251892789572008
-4.5125628140703515           1.0251891264200677
-4.396984924623116            1.0251891403713793
-4.28140703517588             1.0251891625548502
-4.165829145728644            1.0251891407127964
-4.050251256281406            1.0251890504143693
-3.934673366834172            1.025189160631301
-3.8190954773869343           1.0251891760452962
-3.7035175879396967           1.0251891171270637
-3.5879396984924625           1.0251891306679328
-3.472361809045225            1.025189117032987
-3.3567839195979907           1.0251891360395036
-3.241206030150753            1.0251890865315554
-3.125628140703519            1.025189076144812
-3.0100502512562812           1.0251890795171479
-2.8944723618090435           1.0251891112378793
-2.7788944723618094           1.0251889630975277
-2.6633165829145717           1.0251890605077
-2.5477386934673376           1.025189062516434
-2.4321608040201              1.0251890566691781
-2.316582914572866            1.0251890598260847
-2.201005025125628            1.025189072949854
-2.0854271356783904           1.025189061057136
-1.9698492462311563           1.0251890218895163
-1.8542713567839186           1.0251889629725028
-1.7386934673366845           1.0251889806543488
-1.6231155778894468           1.025188921530714
-1.5075376884422127           1.0251889505585101
-1.391959798994975            1.0251888139363323
-1.2763819095477373           1.0251885337671367
-1.1608040201005032           1.0251877894444381
-1.0452261306532655           1.0251858389922457
-0.9296482412060314           1.0251808786767382
-0.8140703517587937           1.0251683812052548
-0.698492462311556            1.025136482390129
-0.5829145728643219           1.0250570803274766
-0.46733668341708423          1.0248611608984783
-0.3517587939698501           1.0243857447807414
-0.23618090452261245          1.023256837670041
-0.12060301507537828          1.0206501382062705
-0.005025125628140596         1.0148410146671345
0.11055276381909708           1.002446620521039
0.22613065326633117           0.9773191578766601
0.34170854271356893           0.929187506847584
0.457286432160803             0.8422821325254248
0.5728643216080407            0.6941482453689628
0.6884422110552748            0.45459943975321465
0.8040201005025125            0.08448249089211532
0.9195979899497502            -0.4661585581824707
1.0351758793969843            -1.2608391083467563
1.150753768844222             -2.380566583274548
1.266331658291456             -3.9293522164505674
1.3819095477386938            -6.041865023266664
1.4974874371859315            -8.893482239002106
1.6130653266331656            -12.712831870478576
1.7286432160804033            -17.797746018725814
1.8442211055276374            -24.536226425700434
1.959798994974875             -33.43403141364054
2.075376884422109             -45.1507216135569
2.190954773869347             -60.5466643677387
2.3065326633165846            -80.7443378887399
2.4221105527638187            -107.20830515335255
2.5376884422110564            -141.84955678157334
2.6532663316582905            -187.16165719868278
2.768844221105528             -248.1480398269513
