-20.0                         0.494218817345927
-19.884422110552762           0.49421947192533117
-19.768844221105528           0.4942187486723323
-19.65326633165829            0.4942179505772867
-19.537688442211056           0.494218707737252
-19.42211055276382            0.49421873775855063
-19.306532663316585           0.4942188646101316
-19.190954773869347           0.49421822366813095
-19.07537688442211            0.49421878001664443
-18.959798994974875           0.49421861188877236
-18.844221105527637           0.49421940123059566
-18.728643216080403           0.4942186511112793
-18.613065326633166           0.4942185528322629
-18.49748743718593            0.49421856916034307
-18.381909547738694           0.4942198389921669
-18.266331658291456           0.4942184298519253
-18.150753768844222           0.4942185105204036
-18.035175879396984           0.4942181437447027
-17.91959798994975            0.4942184520075497
-17.804020100502512           0.4942186183370552
-17.688442211055275           0.49421868528442364
-17.57286432160804            0.4942183528589053
-17.457286432160803           0.49421821022009615
-17.34170854271357            0.4942184435963701
-17.22613065326633            0.4942186065367629
-17.110552763819094           0.4942181667322
-16.99497487437186            0.4942183712642641
-16.87939698492462            0.49421841387918675
-16.763819095477388           0.4942184818530768
-16.64824120603015            0.4942183429748732
-16.532663316582916           0.49421812695009604
-16.417085427135678           0.49421823345732774
-16.301507537688444           0.4942180415560081
-16.185929648241206           0.49421820402936034
-16.07035175879397            0.494218296432072
-15.954773869346734           0.4942175870087239
-15.839195979899497           0.49421810324339394
-15.72361809045226            0.4942181213347341
-15.608040201005025           0.494218179751409
-15.492462311557789           0.49421804204033476
-15.376884422110553           0.4942178005847904
-15.261306532663315           0.49421812781580104
-15.145728643216081           0.4942180162172664
-15.030150753768844           0.4942185303534405
-14.914572864321608           0.4942178556651358
-14.798994974874372           0.4942174448076864
-14.683417085427136           0.49421799275798367
-14.5678391959799             0.4942179725544792
-14.452261306532662           0.4942179376255267
-14.336683417085428           0.4942178803157369
-14.22110552763819            0.49421787894215624
-14.105527638190955           0.4942178623444945
-13.989949748743719           0.4942172354127604
-13.874371859296481           0.4942177427436322
-13.758793969849247           0.4942184252281084
-13.64321608040201            0.4942178198432359
-13.527638190954773           0.49421753552305114
-13.412060301507537           0.49421780768779083
-13.296482412060302           0.49421796006498364
-13.180904522613066           0.4942178156915448
-13.065326633165828           0.49421738191287495
-12.949748743718594           0.49421783069313424
-12.834170854271356           0.49421740695976835
-12.71859296482412            0.49421792141373666
-12.603015075376884           0.4942173018160105
-12.487437185929648           0.4942177724758862
-12.371859296482413           0.49421771440890466
-12.256281407035175           0.4942177862612765
-12.14070351758794            0.4942176421890048
-12.025125628140703           0.4942177646278401
-11.909547738693467           0.49421752206722264
-11.793969849246231           0.49421741786411433
-11.678391959798995           0.4942176031176795
-11.56281407035176            0.4942175761174126
-11.447236180904522           0.4942177604682737
-11.331658291457286           0.49421762382443934
-11.21608040201005            0.49421756466759975
-11.100502512562814           0.49421792202749043
-10.984924623115578           0.49421760187395747
-10.869346733668342           0.4942174905221678
-10.753768844221106           0.49421708145821086
-10.638190954773869           0.4942175387500877
-10.522613065326633           0.4942174541793963
-10.407035175879397           0.49421753017746234
-10.291457286432161           0.4942178127775081
-10.175879396984925           0.4942174641713626
-10.06030150753769            0.4942173624939839
-9.944723618090451            0.4942174323767866
-9.829145728643216            0.4942173794941808
-9.71356783919598             0.4942176066433411
-9.597989949748744            0.49421739617250077
-9.482412060301508            0.4942173947103243
-9.366834170854272            0.494217413886549
-9.251256281407034            0.4942173821074162
-9.135678391959798            0.49421737020120243
-9.020100502512562            0.4942174524193684
-8.904522613065327            0.4942172010669198
-8.78894472361809             0.4942170783556497
-8.673366834170855            0.4942180117085548
-8.557788944723619            0.4942173107714832
-8.442211055276381            0.4942179643675268
-8.326633165829145            0.4942170875321263
-8.21105527638191             0.4942172833163837
-8.095477386934673            0.49421727001770777
-7.9798994974874375           0.4942172708506664
-7.864321608040202            0.4942172438366004
-7.748743718592964            0.49421721195265106
-7.633165829145728            0.4942172533167195
-7.517587939698492            0.4942171273731897
-7.402010050251256            0.49421734169560155
-7.28643216080402             0.4942172434872773
-7.170854271356784            0.49421719971834166
-7.055276381909547            0.49421700259973267
-6.939698492462311            0.49421717043705526
-6.824120603015075            0.4942171889443924
-6.708542713567839            0.4942171482707854
-6.592964824120603            0.4942171400319975
-6.477386934673367            0.4942170646860188
-6.361809045226131            0.49421712753253527
-6.246231155778894            0.4942170575945764
-6.130653266331658            0.4942171357715774
-6.015075376884422            0.49421713776646214
-5.899497487437186            0.49421717227149903
-5.78391959798995             0.49421710445677985
-5.668341708542714            0.4942171048179202
-5.5527638190954764           0.49421702002739915
-5.4371859296482405           0.4942169230204448
-5.321608040201005            0.4942170320403204
-5.206030150753769            0.49421703465822914
-5.090452261306533            0.49421705137704236
-4.974874371859297            0.49421710872825053
-4.859296482412061            0.4942172091864764
-4.743718592964823            0.49421704846262476
-4.628140703517587            0.49421710078430536
-4.5125628140703515           0.4942169972208201
-4.396984924623116            0.49421701049489214
-4.28140703517588             0.49421702060985206
-4.165829145728644            0.49421700208001096
-4.050251256281406            0.4942169876307564
-3.934673366834172            0.4942170053154027
-3.8190954773869343           0.4942170085650666
-3.7035175879396967           0.49421697400214404
-3.5879396984924625           0.49421697240450324
-3.472361809045225            0.4942169618245028
-3.3567839195979907           0.4942169734044318
-3.241206030150753            0.494216940319224
-3.125628140703519            0.49421693599731764
-3.0100502512562812           0.49421693692714186
-2.8944723618090435           0.4942169128126135
-2.7788944723618094           0.49421683380914333
-2.6633165829145717           0.49421685439062196
-2.5477386934673376           0.49421684064088783
-2.4321608040201              0.49421676677175436
-2.316582914572866            0.49421663369399244
-2.201005025125628            0.49421639077425866
-2.0854271356783904           0.49421591584799085
-1.9698492462311563           0.4942150012304029
-1.8542713567839186           0.49421328741780673
-1.7386934673366845           0.49421014063505664
-1.6231155778894468           0.4942041390373883
-1.5075376884422127           0.49419295805203745
-1.391959798994975            0.4941718650004969
-1.2763819095477373           0.4941323194967635
-1.1608040201005032           0.49405839929620815
-1.0452261306532655           0.4939206336448544
-0.9296482412060314           0.4936650150448863
-0.8140703517587937           0.49319319119158783
-0.698492462311556            0.49232783476332065
-0.5829145728643219           0.49075441285272303
-0.46733668341708423          0.487923032023008
-0.3517587939698501           0.48289339771593415
-0.23618090452261245          0.47409807090708705
-0.12060301507537828          0.4590020746129466
-0.005025125628140596         0.433643941646526
0.11055276381909708           0.3920581456053685
0.22613065326633117           0.32559198791855715
0.34170854271356893           0.2221300496429493
0.457286432160803             0.06521270728357902
0.5728643216080407            -0.1670098297758304
0.6884422110552748            -0.5030957916782556
0.8040201005025125            -0.9800445813951922
0.9195979899497502            -1.6456025585516836
1.0351758793969843            -2.5613254270601344
1.150753768844222             -3.8066595528977296
1.266331658291456             -5.484488530390761
1.3819095477386938            -7.728693577606981
1.4974874371859315            -10.714032830087387
1.6130653266331656            -14.668601754813636
1.7286432160804033            -19.889808316048207
1.8442211055276374            -26.765349707738263
1.959798994974875             -35.800773175711775
2.075376884422109             -47.65549143441035
2.190954773869347             -63.18976617250945
2.3065326633165846            -83.5259989258864
2.4221105527638187            -110.12869632941329
2.5376884422110564            -144.9088072015282
2.6532663316582905            -190.35986471885866
2.768844221105528             -251.48449711338347
