-20.0                         1.8222938352723346
-19.884422110552762           1.8222954021879478
-19.768844221105528           1.822293670190584
-19.65326633165829            1.822292698405168
-19.537688442211056           1.8222941929756693
-19.42211055276382            1.822293517773093
-19.306532663316585           1.8222935975673002
-19.190954773869347           1.8222918418401015
-19.07537688442211            1.8222941992004604
-18.959798994974875           1.822293784627033
-18.844221105527637           1.8222947769794222
-18.728643216080403           1.822293198771686
-18.613065326633166           1.8222942365251995
-18.49748743718593            1.8222934941969093
-18.381909547738694           1.8222964850112282
-18.266331658291456           1.8222935164133163
-18.150753768844222           1.8222935656989463
-18.035175879396984           1.8222946721659237
-17.91959798994975            1.822293406601691
-17.804020100502512           1.8222941843500933
-17.688442211055275           1.8222931587265063
-17.57286432160804            1.8222933619742836
-17.457286432160803           1.8222933049388041
-17.34170854271357            1.8222931286022543
-17.22613065326633            1.8222928770025233
-17.110552763819094           1.822293317328708
-16.99497487437186            1.822293766388226
-16.87939698492462            1.8222925726808623
-16.763819095477388           1.8222942518163214
-16.64824120603015            1.822292992299581
-16.532663316582916           1.8222939325160945
-16.417085427135678           1.822293231220001
-16.301507537688444           1.8222925215564802
-16.185929648241206           1.822293304654727
-16.07035175879397            1.8222936316331317
-15.954773869346734           1.8222917955434506
-15.839195979899497           1.8222932162849572
-15.72361809045226            1.8222935810145475
-15.608040201005025           1.8222947877346656
-15.492462311557789           1.8222932680463253
-15.376884422110553           1.8222938432848361
-15.261306532663315           1.822293300144332
-15.145728643216081           1.8222933093949911
-15.030150753768844           1.822294001457469
-14.914572864321608           1.8222929414953086
-14.798994974874372           1.8222921487251442
-14.683417085427136           1.8222933318167047
-14.5678391959799             1.822293346488317
-14.452261306532662           1.8222933200051628
-14.336683417085428           1.8222930507647785
-14.22110552763819            1.8222942065567942
-14.105527638190955           1.8222930310741285
-13.989949748743719           1.8222918744634597
-13.874371859296481           1.8222927782489686
-13.758793969849247           1.8222933010392708
-13.64321608040201            1.8222929360879279
-13.527638190954773           1.8222919300788887
-13.412060301507537           1.822293037333425
-13.296482412060302           1.8222923083500182
-13.180904522613066           1.8222932739268864
-13.065326633165828           1.8222928476994031
-12.949748743718594           1.822292879657151
-12.834170854271356           1.8222924553971867
-12.71859296482412            1.822293156410964
-12.603015075376884           1.8222925516437003
-12.487437185929648           1.8222929630712073
-12.371859296482413           1.8222926283648002
-12.256281407035175           1.8222930471354952
-12.14070351758794            1.8222928715163675
-12.025125628140703           1.8222922310623169
-11.909547738693467           1.8222926201787604
-11.793969849246231           1.8222928613220832
-11.678391959798995           1.8222928828477003
-11.56281407035176            1.8222927603900112
-11.447236180904522           1.822293308428746
-11.331658291457286           1.8222928019209599
-11.21608040201005            1.822292748118172
-11.100502512562814           1.8222928769486837
-10.984924623115578           1.8222927945172305
-10.869346733668342           1.8222926857119484
-10.753768844221106           1.8222918103354746
-10.638190954773869           1.8222929232865348
-10.522613065326633           1.8222925476619747
-10.407035175879397           1.82229276433891
-10.291457286432161           1.8222939111205647
-10.175879396984925           1.8222926306909673
-10.06030150753769            1.822292480152799
-9.944723618090451            1.8222927465525278
-9.829145728643216            1.8222920302809256
-9.71356783919598             1.8222932662475586
-9.597989949748744            1.8222926992582038
-9.482412060301508            1.8222926379397493
-9.366834170854272            1.8222927666605986
-9.251256281407034            1.8222926440227138
-9.135678391959798            1.8222925438440474
-9.020100502512562            1.822292608095932
-8.904522613065327            1.8222919815289425
-8.78894472361809             1.8222919157073494
-8.673366834170855            1.822293968359599
-8.557788944723619            1.8222926441123974
-8.442211055276381            1.8222938927513677
-8.326633165829145            1.8222919563462259
-8.21105527638191             1.8222920697880582
-8.095477386934673            1.8222927716918302
-7.9798994974874375           1.8222925006391364
-7.864321608040202            1.822292485370604
-7.748743718592964            1.822292366581827
-7.633165829145728            1.8222925679018045
-7.517587939698492            1.8222923001087623
-7.402010050251256            1.822292862856547
-7.28643216080402             1.8222924781520922
-7.170854271356784            1.822292407137716
-7.055276381909547            1.8222921539819834
-6.939698492462311            1.822292429993149
-6.824120603015075            1.8222924217116825
-6.708542713567839            1.8222921461147434
-6.592964824120603            1.8222924463968402
-6.477386934673367            1.8222925393857883
-6.361809045226131            1.82229245152769
-6.246231155778894            1.8222922828924613
-6.130653266331658            1.8222923347022346
-6.015075376884422            1.822292294090109
-5.899497487437186            1.8222923366487354
-5.78391959798995             1.8222922843188145
-5.668341708542714            1.8222923330578922
-5.5527638190954764           1.8222921946290056
-5.4371859296482405           1.822291958453173
-5.321608040201005            1.8222921378523553
-5.206030150753769            1.82229231811138
-5.090452261306533            1.8222924406421757
-4.974874371859297            1.8222921500685207
-4.859296482412061            1.8222924459837997
-4.743718592964823            1.8222922494074862
-4.628140703517587            1.8222924137145347
-4.5125628140703515           1.822292269380813
-4.396984924623116            1.8222922240263766
-4.28140703517588             1.8222922451628136
-4.165829145728644            1.8222922435083655
-4.050251256281406            1.8222920463487464
-3.934673366834172            1.8222922610500247
-3.8190954773869343           1.8222922946456057
-3.7035175879396967           1.822292211026658
-3.5879396984924625           1.8222922492924145
-3.472361809045225            1.822292233763844
-3.3567839195979907           1.8222922258435545
-3.241206030150753            1.8222922343686438
-3.125628140703519            1.8222921677926132
-3.0100502512562812           1.8222921651642243
-2.8944723618090435           1.822292290232214
-2.7788944723618094           1.8222920247863434
-2.6633165829145717           1.822292212665226
-2.5477386934673376           1.822292161615167
-2.4321608040201              1.8222921473846667
-2.316582914572866            1.8222921633094533
-2.201005025125628            1.822292164517002
-2.0854271356783904           1.8222921520302124
-1.9698492462311563           1.8222921163280368
-1.8542713567839186           1.8222920478606464
-1.7386934673366845           1.8222920856575295
-1.6231155778894468           1.82229201438689
-1.5075376884422127           1.8222921165443904
-1.391959798994975            1.8222920614023226
-1.2763819095477373           1.8222920961646105
-1.1608040201005032           1.8222921107093193
-1.0452261306532655           1.8222920960471929
-0.9296482412060314           1.822292017466191
-0.8140703517587937           1.8222920391302384
-0.698492462311556            1.8222913536456884
-0.5829145728643219           1.8222894644109946
-0.46733668341708423          1.8222828516345027
-0.3517587939698501           1.8222601545160393
-0.23618090452261245          1.8221839938322124
-0.12060301507537828          1.82193588046286
-0.005025125628140596         1.821160016870943
0.11055276381909708           1.8188585610181651
0.22613065326633117           1.812476754932434
0.34170854271356893           1.7961792036736535
0.457286432160803             1.7583111822151083
0.5728643216080407            1.6787004900057398
0.6884422110552748            1.5267984142693034
0.8040201005025125            1.2609036051176932
0.9195979899497502            0.8275330400657679
1.0351758793969843            0.15973839924127967
1.150753768844222             -0.8262623972186096
1.266331658291456             -2.236447132491333
1.3819095477386938            -4.206786045850367
1.4974874371859315            -6.913594096826337
1.6130653266331656            -10.586253057819539
1.7286432160804033            -15.523169157151855
1.8442211055276374            -22.11273998305186
1.959798994974875             -30.860987920103156
2.075376884422109             -42.42765286543512
2.190954773869347             -57.6732270704293
2.3065326633165846            -77.72027767473179
2.4221105527638187            -104.03343203536899
2.5376884422110564            -138.5237279926776
2.6532663316582905            -183.6847649600212
2.768844221105528             -244.52085389730306
