-20.0                         1.4063795215544015
-19.884422110552762           1.4063807735877316
-19.768844221105528           1.4063793655403813
-19.65326633165829            1.4063783483703565
-19.537688442211056           1.406379594974032
-19.42211055276382            1.4063791936894992
-19.306532663316585           1.4063794334967583
-19.190954773869347           1.4063777660342043
-19.07537688442211            1.4063797254415815
-18.959798994974875           1.4063793450839217
-18.844221105527637           1.406380557145117
-18.728643216080403           1.4063789958223636
-18.613065326633166           1.4063796281857748
-18.49748743718593            1.4063791752434156
-18.381909547738694           1.406381829224541
-18.266331658291456           1.4063791011811233
-18.150753768844222           1.4063791661051552
-18.035175879396984           1.4063797358188117
-17.91959798994975            1.4063790826604023
-17.804020100502512           1.4063797017115942
-17.688442211055275           1.406379085329392
-17.57286432160804            1.406378830596747
-17.457286432160803           1.4063788864219349
-17.34170854271357            1.406378899465468
-17.22613065326633            1.4063788191940547
-17.110552763819094           1.406378861797638
-16.99497487437186            1.4063793612909865
-16.87939698492462            1.406378470388202
-16.763819095477388           1.4063796691507462
-16.64824120603015            1.4063787038178064
-16.532663316582916           1.4063791729867194
-16.417085427135678           1.406378849760477
-16.301507537688444           1.406378167893074
-16.185929648241206           1.4063788720271846
-16.07035175879397            1.406379197656605
-15.954773869346734           1.4063776160404728
-15.839195979899497           1.4063787980444278
-15.72361809045226            1.40637900912205
-15.608040201005025           1.4063799680691913
-15.492462311557789           1.4063788165626727
-15.376884422110553           1.4063790226787596
-15.261306532663315           1.4063788773976698
-15.145728643216081           1.4063788448106307
-15.030150753768844           1.4063796629803538
-14.914572864321608           1.4063785269074638
-14.798994974874372           1.4063777604934102
-14.683417085427136           1.4063788465893359
-14.5678391959799             1.406378802120381
-14.452261306532662           1.4063787643550054
-14.336683417085428           1.4063786110012255
-14.22110552763819            1.4063794219988575
-14.105527638190955           1.4063785688012376
-13.989949748743719           1.4063775665031124
-13.874371859296481           1.4063783797883878
-13.758793969849247           1.4063790006593382
-13.64321608040201            1.4063784966452149
-13.527638190954773           1.4063776633296483
-13.412060301507537           1.4063785678923597
-13.296482412060302           1.4063781382375207
-13.180904522613066           1.4063787640410186
-13.065326633165828           1.4063782542046077
-12.949748743718594           1.406378496147311
-12.834170854271356           1.4063780412671298
-12.71859296482412            1.4063787263555538
-12.603015075376884           1.4063780234554082
-12.487437185929648           1.406378547037915
-12.371859296482413           1.4063782456076896
-12.256281407035175           1.4063786352532759
-12.14070351758794            1.4063784146108669
-12.025125628140703           1.406378017463418
-11.909547738693467           1.4063782043661077
-11.793969849246231           1.4063782386804562
-11.678391959798995           1.4063784109763304
-11.56281407035176            1.4063783200959008
-11.447236180904522           1.4063787700486685
-11.331658291457286           1.406378376179213
-11.21608040201005            1.406378302753201
-11.100502512562814           1.4063785370009851
-10.984924623115578           1.4063783669941803
-10.869346733668342           1.4063782415782144
-10.753768844221106           1.4063774873507888
-10.638190954773869           1.406378434009985
-10.522613065326633           1.4063781288579225
-10.407035175879397           1.4063783698744152
-10.291457286432161           1.4063792539973807
-10.175879396984925           1.406378198508342
-10.06030150753769            1.4063780604941638
-9.944723618090451            1.406378249669352
-9.829145728643216            1.4063777337495107
-9.71356783919598             1.406378771897431
-9.597989949748744            1.4063782261200153
-9.482412060301508            1.4063781747503616
-9.366834170854272            1.4063782948525316
-9.251256281407034            1.406378181065644
-9.135678391959798            1.4063780923769655
-9.020100502512562            1.4063782506695086
-8.904522613065327            1.4063776349260597
-8.78894472361809             1.406377569738582
-8.673366834170855            1.4063793335442543
-8.557788944723619            1.406378163291409
-8.442211055276381            1.4063792652012008
-8.326633165829145            1.406377603447271
-8.21105527638191             1.4063777448684573
-8.095477386934673            1.4063782541302021
-7.9798994974874375           1.4063780697796917
-7.864321608040202            1.406378032904117
-7.748743718592964            1.4063779388899005
-7.633165829145728            1.4063780994721289
-7.517587939698492            1.4063778163365273
-7.402010050251256            1.406378382966694
-7.28643216080402             1.4063780345956665
-7.170854271356784            1.4063779635448739
-7.055276381909547            1.4063776981921188
-6.939698492462311            1.4063779693512635
-6.824120603015075            1.4063779770752294
-6.708542713567839            1.4063777643777795
-6.592964824120603            1.406377970326784
-6.477386934673367            1.40637799695217
-6.361809045226131            1.406377966790904
-6.246231155778894            1.4063778317595048
-6.130653266331658            1.406377903831864
-6.015075376884422            1.4063778903435749
-5.899497487437186            1.4063779468514948
-5.78391959798995             1.4063778501687787
-5.668341708542714            1.4063778860441414
-5.5527638190954764           1.4063777293043231
-5.4371859296482405           1.4063775599530015
-5.321608040201005            1.4063777005885294
-5.206030150753769            1.4063778277490855
-5.090452261306533            1.4063779486320591
-4.974874371859297            1.4063777686774046
-4.859296482412061            1.4063780155131091
-4.743718592964823            1.4063778149106174
-4.628140703517587            1.406377944284369
-4.5125628140703515           1.406377786752967
-4.396984924623116            1.4063777770807444
-4.28140703517588             1.4063778019090178
-4.165829145728644            1.4063777875990928
-4.050251256281406            1.406377644870907
-3.934673366834172            1.4063778100150002
-3.8190954773869343           1.4063778342697921
-3.7035175879396967           1.4063777624789986
-3.5879396984924625           1.4063777884371578
-3.472361809045225            1.4063777728901417
-3.3567839195979907           1.4063777845081413
-3.241206030150753            1.4063777521602745
-3.125628140703519            1.4063777191400513
-3.0100502512562812           1.406377719642193
-2.8944723618090435           1.4063777951339371
-2.7788944723618094           1.4063775909196177
-2.6633165829145717           1.406377730912234
-2.5477386934673376           1.4063777100778356
-2.4321608040201              1.40637770125529
-2.316582914572866            1.4063777097345638
-2.201005025125628            1.406377720481463
-2.0854271356783904           1.4063777067104948
-1.9698492462311563           1.4063776669399182
-1.8542713567839186           1.406377602865137
-1.7386934673366845           1.4063776319234866
-1.6231155778894468           1.4063775782252217
-1.5075376884422127           1.406377664222182
-1.391959798994975            1.4063776195164313
-1.2763819095477373           1.4063776292778007
-1.1608040201005032           1.406377595241234
-1.0452261306532655           1.4063774359334904
-0.9296482412060314           1.406376955753407
-0.8140703517587937           1.4063756923949093
-0.698492462311556            1.4063713470163013
-0.5829145728643219           1.4063587972357907
-0.46733668341708423          1.4063218365808021
-0.3517587939698501           1.4062148860904289
-0.23618090452261245          1.4059123050300808
-0.12060301507537828          1.4050812081371833
-0.005025125628140596         1.4028856399490854
0.11055276381909708           1.397366115032873
0.22613065326633117           1.3843126651537319
0.34170854271356893           1.3555691887308416
0.457286432160803             1.2970284174506692
0.5728643216080407            1.1868595299396627
0.6884422110552748            0.9943215909779851
0.8040201005025125            0.6788811065185273
0.9195979899497502            0.18890928644846552
1.0351758793969843            -0.5406677047119722
1.150753768844222             -1.5921021534301478
1.266331658291456             -3.0702892271731366
1.3819095477386938            -5.110490336774149
1.4974874371859315            -7.8885192511208
1.6130653266331656            -11.633361186551317
1.7286432160804033            -16.643123500830423
1.8442211055276374            -23.305999744804794
1.959798994974875             -32.127877488291524
2.075376884422109             -43.768405840267064
2.190954773869347             -59.08801419312352
2.3065326633165846            -79.20922515583024
2.4221105527638187            -105.59663397044243
2.5376884422110564            -140.1612549924461
2.6532663316582905            -185.3966702742105
2.768844221105528             -246.30675841991612
