-20.0                         1.849423412389133
-19.884422110552762           1.8494250003836301
-19.768844221105528           1.8494232476659576
-19.65326633165829            1.8494222798072883
-19.537688442211056           1.8494237912609501
-19.42211055276382            1.8494230973016863
-19.306532663316585           1.8494231647542185
-19.190954773869347           1.8494214075272675
-19.07537688442211            1.8494237874636865
-18.959798994974875           1.8494233709958134
-18.844221105527637           1.8494243442574823
-18.728643216080403           1.8494227715703906
-18.613065326633166           1.8494238343441856
-18.49748743718593            1.849423073118698
-18.381909547738694           1.8494260809906677
-18.266331658291456           1.8494231016979565
-18.150753768844222           1.849423149755771
-18.035175879396984           1.8494242924250863
-17.91959798994975            1.849422985505909
-17.804020100502512           1.8494237718035664
-17.688442211055275           1.8494227200739628
-17.57286432160804            1.849422959055218
-17.457286432160803           1.8494228901841039
-17.34170854271357            1.849422702323692
-17.22613065326633            1.8494224388032607
-17.110552763819094           1.8494229054359805
-16.99497487437186            1.849423347126238
-16.87939698492462            1.849422139046933
-16.763819095477388           1.8494238465483583
-16.64824120603015            1.849422571713633
-16.532663316582916           1.84942354130659
-16.417085427135678           1.8494228139732662
-16.301507537688444           1.849422106595722
-16.185929648241206           1.8494228927606198
-16.07035175879397            1.8494232164110074
-15.954773869346734           1.8494213658200898
-15.839195979899497           1.849422801622923
-15.72361809045226            1.849423177185317
-15.608040201005025           1.849424395615117
-15.492462311557789           1.8494228553220766
-15.376884422110553           1.849423455867666
-15.261306532663315           1.8494228860471453
-15.145728643216081           1.849422896980946
-15.030150753768844           1.8494235777450245
-14.914572864321608           1.8494225264693842
-14.798994974874372           1.8494217338057723
-14.683417085427136           1.8494229215834128
-14.5678391959799             1.8494229402183509
-14.452261306532662           1.8494229148180115
-14.336683417085428           1.8494226375443623
-14.22110552763819            1.8494238136557657
-14.105527638190955           1.8494226197277814
-13.989949748743719           1.8494214529932027
-13.874371859296481           1.8494223621697314
-13.758793969849247           1.8494228781092656
-13.64321608040201            1.84942252328842
-13.527638190954773           1.8494215069411704
-13.412060301507537           1.8494226261518323
-13.296482412060302           1.8494218779673828
-13.180904522613066           1.8494228641122907
-13.065326633165828           1.8494224455266712
-12.949748743718594           1.8494224625025253
-12.834170854271356           1.8494220405226467
-12.71859296482412            1.8494227419829727
-12.603015075376884           1.8494221452534825
-12.487437185929648           1.8494225478077317
-12.371859296482413           1.8494222131936784
-12.256281407035175           1.8494226306291643
-12.14070351758794            1.8494224592346316
-12.025125628140703           1.8494218034893086
-11.909547738693467           1.849422205195749
-11.793969849246231           1.8494224617605721
-11.678391959798995           1.8494224711166887
-11.56281407035176            1.849422347085922
-11.447236180904522           1.849422901186231
-11.331658291457286           1.8494223873952629
-11.21608040201005            1.849422335567745
-11.100502512562814           1.8494224567301705
-10.984924623115578           1.8494223800559177
-10.869346733668342           1.8494222724804639
-10.753768844221106           1.8494213896505352
-10.638190954773869           1.8494225121293595
-10.522613065326633           1.8494221330338352
-10.407035175879397           1.8494223463487447
-10.291457286432161           1.8494235100732732
-10.175879396984925           1.849422217093572
-10.06030150753769            1.8494220653880018
-9.944723618090451            1.849422337212857
-9.829145728643216            1.8494216082420463
-9.71356783919598             1.8494228539692994
-9.597989949748744            1.8494222874942186
-9.482412060301508            1.8494222260569413
-9.366834170854272            1.8494223547519664
-9.251256281407034            1.8494222321062614
-9.135678391959798            1.8494221319794182
-9.020100502512562            1.8494221879282415
-8.904522613065327            1.8494215627631316
-8.78894472361809             1.8494214963602718
-8.673366834170855            1.84942356694595
-8.557788944723619            1.849422233250637
-8.442211055276381            1.8494234908864469
-8.326633165829145            1.8494215374084886
-8.21105527638191             1.8494216493221296
-8.095477386934673            1.8494223620538295
-7.9798994974874375           1.8494220859738906
-7.864321608040202            1.849422072540228
-7.748743718592964            1.8494219522905537
-7.633165829145728            1.8494221558672048
-7.517587939698492            1.8494218906496145
-7.402010050251256            1.8494224503830117
-7.28643216080402             1.8494220648024597
-7.170854271356784            1.8494219938851075
-7.055276381909547            1.8494217420828138
-6.939698492462311            1.8494220176548999
-6.824120603015075            1.849422008364785
-6.708542713567839            1.8494217288937393
-6.592964824120603            1.849422035294418
-6.477386934673367            1.8494221328473641
-6.361809045226131            1.8494220409478344
-6.246231155778894            1.8494218701514384
-6.130653266331658            1.849421920492622
-6.015075376884422            1.8494218779343632
-5.899497487437186            1.8494219192392574
-5.78391959798995             1.8494218705354084
-5.668341708542714            1.8494219198983184
-5.5527638190954764           1.8494217835639997
-5.4371859296482405           1.849421542382376
-5.321608040201005            1.8494217249433895
-5.206030150753769            1.849421908337861
-5.090452261306533            1.8494220299108892
-4.974874371859297            1.8494217327880753
-4.859296482412061            1.8494220315825214
-4.743718592964823            1.849421835647667
-4.628140703517587            1.849422002027569
-4.5125628140703515           1.8494218590340084
-4.396984924623116            1.849421811256276
-4.28140703517588             1.8494218319028255
-4.165829145728644            1.8494218311119512
-4.050251256281406            1.8494216305339752
-3.934673366834172            1.8494218481507256
-3.8190954773869343           1.8494218823130384
-3.7035175879396967           1.8494217979849688
-3.5879396984924625           1.8494218369667605
-3.472361809045225            1.8494218215371865
-3.3567839195979907           1.8494218119911672
-3.241206030150753            1.8494218237846853
-3.125628140703519            1.849421754856087
-3.0100502512562812           1.849421752064677
-2.8944723618090435           1.8494218803546252
-2.7788944723618094           1.849421610920012
-2.6633165829145717           1.8494218019662394
-2.5477386934673376           1.8494217487762687
-2.4321608040201              1.8494217341246293
-2.316582914572866            1.8494217505804071
-2.201005025125628            1.8494217509702702
-2.0854271356783904           1.8494217387061969
-1.9698492462311563           1.849421703434233
-1.8542713567839186           1.8494216347867092
-1.7386934673366845           1.8494216732485296
-1.6231155778894468           1.84942160060183
-1.5075376884422127           1.8494217036804932
-1.391959798994975            1.8494216476993122
-1.2763819095477373           1.849421683105929
-1.1608040201005032           1.8494216982253255
-1.0452261306532655           1.8494216856515555
-0.9296482412060314           1.849421611796155
-0.8140703517587937           1.8494216554845488
-0.698492462311556            1.8494210346022895
-0.5829145728643219           1.849419359612511
-0.46733668341708423          1.8494134337148682
-0.3517587939698501           1.8493928785557543
-0.23618090452261245          1.8493231723111672
-0.12060301507537828          1.849093656585755
-0.005025125628140596         1.8483683611097002
0.11055276381909708           1.846194440968991
0.22613065326633117           1.840105141035627
0.34170854271356893           1.8244056898851793
0.457286432160803             1.7876120862727385
0.5728643216080407            1.7096907872520264
0.6884422110552748            1.560137515574614
0.8040201005025125            1.297191874412767
0.9195979899497502            0.8672514930653601
1.0351758793969843            0.20323995861773902
1.150753768844222             -0.7787311909129376
1.266331658291456             -2.1847151122476856
1.3819095477386938            -4.15073090442588
1.4974874371859315            -6.853127396947357
1.6130653266331656            -10.521312716672751
1.7286432160804033            -15.45371273576887
1.8442211055276374            -22.038738315030376
1.959798994974875             -30.782420520873377
2.075376884422109             -42.344505047760606
2.190954773869347             -57.58548813444002
2.3065326633165846            -77.62793973079944
2.4221105527638187            -103.93648921250887
2.5376884422110564            -138.42217589153339
2.6532663316582905            -183.57860026652912
2.768844221105528             -244.41010012845885
