-20.0                         1.3850399962135462
-19.884422110552762           1.3850412328216186
-19.768844221105528           1.3850398413835872
-19.65326633165829            1.3850388231473665
-19.537688442211056           1.3850400577561004
-19.42211055276382            1.3850396695568388
-19.306532663316585           1.3850399153833115
-19.190954773869347           1.3850382566825192
-19.07537688442211            1.3850401926293203
-18.959798994974875           1.3850398145413503
-18.844221105527637           1.3850410333656253
-18.728643216080403           1.3850394782359383
-18.613065326633166           1.3850400892963068
-18.49748743718593            1.3850396507689027
-18.381909547738694           1.3850422835391452
-18.266331658291456           1.3850395721966702
-18.150753768844222           1.3850396377734162
-18.035175879396984           1.3850401810742263
-17.91959798994975            1.3850395576940613
-17.804020100502512           1.385040167429765
-17.688442211055275           1.3850395720051762
-17.57286432160804            1.3850392991927598
-17.457286432160803           1.3850393571226363
-17.34170854271357            1.385039379946152
-17.22613065326633            1.385039307892249
-17.110552763819094           1.3850393309680853
-16.99497487437186            1.3850398297547746
-16.87939698492462            1.3850389583036904
-16.763819095477388           1.3850401304413262
-16.64824120603015            1.3850391828891453
-16.532663316582916           1.3850396278077015
-16.417085427135678           1.3850393222858812
-16.301507537688444           1.3850386451567367
-16.185929648241206           1.3850393432307282
-16.07035175879397            1.3850396662792863
-15.954773869346734           1.3850380995604186
-15.839195979899497           1.3850392687865984
-15.72361809045226            1.3850394728449162
-15.608040201005025           1.3850404156122496
-15.492462311557789           1.3850392854619475
-15.376884422110553           1.3850394740402936
-15.261306532663315           1.385039348008993
-15.145728643216081           1.3850393126493077
-15.030150753768844           1.3850401343832042
-14.914572864321608           1.3850389977944986
-14.798994974874372           1.385038234314697
-14.683417085427136           1.3850393138843318
-14.5678391959799             1.385039266887096
-14.452261306532662           1.3850392288070308
-14.336683417085428           1.3850390807015835
-14.22110552763819            1.3850398725711623
-14.105527638190955           1.3850390377316006
-13.989949748743719           1.3850380433235119
-13.874371859296481           1.3850388514995595
-13.758793969849247           1.385039476932347
-13.64321608040201            1.3850389667321978
-13.527638190954773           1.3850381431059542
-13.412060301507537           1.3850390362040257
-13.296482412060302           1.38503862201924
-13.180904522613066           1.3850392293160305
-13.065326633165828           1.3850387169356075
-12.949748743718594           1.3850389684809574
-12.834170854271356           1.385038512338794
-12.71859296482412            1.385039196051828
-12.603015075376884           1.3850384895721528
-12.487437185929648           1.3850390174758143
-12.371859296482413           1.3850387194695586
-12.256281407035175           1.385039105086616
-12.14070351758794            1.3850388833381277
-12.025125628140703           1.3850384990229057
-11.909547738693467           1.3850386751550219
-11.793969849246231           1.3850387006063467
-11.678391959798995           1.385038878688134
-11.56281407035176            1.3850387896535705
-11.447236180904522           1.385039234311254
-11.331658291457286           1.3850388462761751
-11.21608040201005            1.3850387723322932
-11.100502512562814           1.385039011383264
-10.984924623115578           1.3850388369562714
-10.869346733668342           1.3850387108709943
-10.753768844221106           1.3850379632219396
-10.638190954773869           1.3850389003878145
-10.522613065326633           1.385038599619013
-10.407035175879397           1.3850388403472926
-10.291457286432161           1.3850397109317298
-10.175879396984925           1.3850386686168399
-10.06030150753769            1.3850385310551416
-9.944723618090451            1.3850387166475107
-9.829145728643216            1.3850382112381021
-9.71356783919598             1.38503923661342
-9.597989949748744            1.3850386936487902
-9.482412060301508            1.3850386431423896
-9.366834170854272            1.3850387622844207
-9.251256281407034            1.3850386494351579
-9.135678391959798            1.3850385619296026
-9.020100502512562            1.3850387231502668
-8.904522613065327            1.3850381098815077
-8.78894472361809             1.3850380442822614
-8.673366834170855            1.3850397924346884
-8.557788944723619            1.3850386306328186
-8.442211055276381            1.3850397244853208
-8.326633165829145            1.3850380775961202
-8.21105527638191             1.3850382206562117
-8.095477386934673            1.3850387187691886
-7.9798994974874375           1.3850385392211477
-7.864321608040202            1.3850385016288775
-7.748743718592964            1.3850384089915477
-7.633165829145728            1.3850385671970533
-7.517587939698492            1.3850382845716545
-7.402010050251256            1.3850388490532797
-7.28643216080402             1.385038503769682
-7.170854271356784            1.3850384328305079
-7.055276381909547            1.385038167338419
-6.939698492462311            1.3850384376655882
-6.824120603015075            1.3850384461759047
-6.708542713567839            1.3850382368955347
-6.592964824120603            1.3850384379721286
-6.477386934673367            1.3850384614077145
-6.361809045226131            1.38503843399124
-6.246231155778894            1.38503830067749
-6.130653266331658            1.3850383736342406
-6.015075376884422            1.3850383613219959
-5.899497487437186            1.3850384182550801
-5.78391959798995             1.3850383199919536
-5.668341708542714            1.3850383550672933
-5.5527638190954764           1.3850381981314817
-5.4371859296482405           1.3850380316657132
-5.321608040201005            1.3850381708138737
-5.206030150753769            1.385038295053959
-5.090452261306533            1.3850384149950832
-4.974874371859297            1.3850382411327542
-4.859296482412061            1.385038485187727
-4.743718592964823            1.3850382846623692
-4.628140703517587            1.3850384121374342
-4.5125628140703515           1.3850382543845743
-4.396984924623116            1.3850382463602298
-4.28140703517588             1.3850382711877487
-4.165829145728644            1.385038256310708
-4.050251256281406            1.3850381164616468
-3.934673366834172            1.3850382787889133
-3.8190954773869343           1.3850383025462079
-3.7035175879396967           1.3850382314169603
-3.5879396984924625           1.3850382566921273
-3.472361809045225            1.3850382412130222
-3.3567839195979907           1.385038253527522
-3.241206030150753            1.3850382196416053
-3.125628140703519            1.3850381881502178
-3.0100502512562812           1.3850381888284669
-2.8944723618090435           1.385038261797634
-2.7788944723618094           1.3850380607249684
-2.6633165829145717           1.3850381982984323
-2.5477386934673376           1.3850381788736117
-2.4321608040201              1.3850381702701657
-2.316582914572866            1.3850381784109407
-2.201005025125628            1.3850381894705892
-2.0854271356783904           1.3850381757402683
-1.9698492462311563           1.3850381359067527
-1.8542713567839186           1.3850380721436946
-1.7386934673366845           1.3850381008113535
-1.6231155778894468           1.385038047765983
-1.5075376884422127           1.3850381326595413
-1.391959798994975            1.3850380878947204
-1.2763819095477373           1.3850380943319214
-1.1608040201005032           1.3850380523260868
-1.0452261306532655           1.38503787058385
-0.9296482412060314           1.3850373284330497
-0.8140703517587937           1.38503588712275
-0.698492462311556            1.385031056517974
-0.5829145728643219           1.3850171871105608
-0.46733668341708423          1.3849767198172755
-0.3517587939698501           1.3848607037139569
-0.23618090452261245          1.3845354973211867
-0.12060301507537828          1.3836504431127603
-0.005025125628140596         1.3813334584340438
0.11055276381909708           1.3755599436986066
0.22613065326633117           1.3620200591700953
0.34170854271356893           1.3324344222066085
0.457286432160803             1.2725836729316151
0.5728643216080407            1.1605781878054529
0.6884422110552748            0.9656909358172563
0.8040201005025125            0.6474595184964544
0.9195979899497502            0.15435027000586585
1.0351758793969843            -0.5786192757169601
1.150753768844222             -1.6336279113880157
1.266331658291456             -3.1155187687377257
1.3819095477386938            -5.159518789478674
1.4974874371859315            -7.941416840749493
1.6130653266331656            -11.690178085222533
1.7286432160804033            -16.70389459076419
1.8442211055276374            -23.370749357380127
1.959798994974875             -32.196622911475984
2.075376884422109             -43.841159577900655
2.190954773869347             -59.16478541439904
2.3065326633165846            -79.29002065533929
2.4221105527638187            -105.68145882337409
2.5376884422110564            -140.2501130127387
2.6532663316582905            -185.48956434120242
2.768844221105528             -246.40366796765483
