-20.0                         1.3010370398899955
-19.884422110552762           1.3010382167353904
-19.768844221105528           1.3010368903480556
-19.65326633165829            1.3010358696900644
-19.537688442211056           1.3010370578753117
-19.42211055276382            1.3010367200124222
-19.306532663316585           1.3010369866567182
-19.190954773869347           1.3010353675388846
-19.07537688442211            1.3010372077677426
-18.959798994974875           1.3010368393915377
-18.844221105527637           1.301038079550638
-18.728643216080403           1.301036554059433
-18.613065326633166           1.3010370815385945
-18.49748743718593            1.3010366988742639
-18.381909547738694           1.3010392442301935
-18.266331658291456           1.3010366033587044
-18.150753768844222           1.3010366713859487
-18.035175879396984           1.3010371120297082
-17.91959798994975            1.3010366036870182
-17.804020100502512           1.3010371758884398
-17.688442211055275           1.3010366622831322
-17.57286432160804            1.3010363243966083
-17.457286432160803           1.3010363869752029
-17.34170854271357            1.3010364476474199
-17.22613065326633            1.3010364073558864
-17.110552763819094           1.3010363551778734
-16.99497487437186            1.3010368480007548
-16.87939698492462            1.3010360563482588
-16.763819095477388           1.30103712226859
-16.64824120603015            1.3010362467916519
-16.532663316582916           1.3010365973764841
-16.417085427135678           1.3010363592250709
-16.301507537688444           1.3010357040014937
-16.185929648241206           1.3010363758476065
-16.07035175879397            1.301036686601331
-15.954773869346734           1.3010351805056497
-15.839195979899497           1.3010362987546662
-15.72361809045226            1.3010364762220987
-15.608040201005025           1.301037352114005
-15.492462311557789           1.3010363080952811
-15.376884422110553           1.3010364295149792
-15.261306532663315           1.301036377394187
-15.145728643216081           1.3010363308058208
-15.030150753768844           1.301037163164224
-14.914572864321608           1.3010360283617313
-14.798994974874372           1.3010352781521894
-14.683417085427136           1.3010363302185373
-14.5678391959799             1.3010362742040829
-14.452261306532662           1.301036235119833
-14.336683417085428           1.3010361066569829
-14.22110552763819            1.3010368222132658
-14.105527638190955           1.301036061110757
-13.989949748743719           1.3010350977785199
-13.874371859296481           1.301035885305579
-13.758793969849247           1.3010365280758853
-13.64321608040201            1.3010359945963932
-13.527638190954773           1.3010352100481728
-13.412060301507537           1.3010360568935264
-13.296482412060302           1.3010357035126119
-13.180904522613066           1.301036237191334
-13.065326633165828           1.301035716505462
-12.949748743718594           1.3010360045058402
-12.834170854271356           1.3010355438149273
-12.71859296482412            1.3010362214489821
-12.603015075376884           1.3010355025074525
-12.487437185929648           1.3010360457682746
-12.371859296482413           1.30103576277262
-12.256281407035175           1.3010361302102509
-12.14070351758794            1.3010359054234215
-12.025125628140703           1.301035571820339
-11.909547738693467           1.301035705294073
-11.793969849246231           1.3010356978111997
-11.678391959798995           1.3010358966494493
-11.56281407035176            1.3010358149274615
-11.447236180904522           1.301036238478448
-11.331658291457286           1.3010358734696792
-11.21608040201005            1.301035797894861
-11.100502512562814           1.3010360552720777
-10.984924623115578           1.3010358635719221
-10.869346733668342           1.3010357351058446
-10.753768844221106           1.3010350137332638
-10.638190954773869           1.3010359126914943
-10.522613065326633           1.3010356297687338
-10.407035175879397           1.301035867758025
-10.291457286432161           1.3010366850476895
-10.175879396984925           1.3010356961148317
-10.06030150753769            1.301035560260896
-9.944723618090451            1.3010357321715467
-9.829145728643216            1.3010352683109374
-9.71356783919598             1.3010362407297849
-9.597989949748744            1.301035710751186
-9.482412060301508            1.3010356639077718
-9.366834170854272            1.3010357787093012
-9.251256281407034            1.3010356700407162
-9.135678391959798            1.301035587700503
-9.020100502512562            1.301035758439187
-8.904522613065327            1.3010351570637628
-8.78894472361809             1.3010350893955576
-8.673366834170855            1.3010367749602687
-8.557788944723619            1.3010356470676654
-8.442211055276381            1.3010367085851733
-8.326633165829145            1.3010351211094482
-8.21105527638191             1.3010352707657458
-8.095477386934673            1.3010357239306138
-7.9798994974874375           1.3010355634594293
-7.864321608040202            1.3010355234722584
-7.748743718592964            1.3010354363336183
-7.633165829145728            1.3010355849450534
-7.517587939698492            1.301035305638354
-7.402010050251256            1.3010358592110391
-7.28643216080402             1.3010355273047591
-7.170854271356784            1.3010354569599032
-7.055276381909547            1.3010351914502736
-6.939698492462311            1.3010354579428767
-6.824120603015075            1.301035469442862
-6.708542713567839            1.301035273810942
-6.592964824120603            1.301035455669216
-6.477386934673367            1.3010354667930675
-6.361809045226131            1.3010354499734922
-6.246231155778894            1.3010353233815706
-6.130653266331658            1.3010353996202813
-6.015075376884422            1.3010353916493995
-5.899497487437186            1.3010354499457686
-5.78391959798995             1.3010353462654984
-5.668341708542714            1.301035378093729
-5.5527638190954764           1.30103522114288
-5.4371859296482405           1.3010350654799923
-5.321608040201005            1.3010351992493423
-5.206030150753769            1.30103531187341
-5.090452261306533            1.3010354272824358
-4.974874371859297            1.3010352776520087
-4.859296482412061            1.3010355104982172
-4.743718592964823            1.3010353105416883
-4.628140703517587            1.301035430504481
-4.5125628140703515           1.3010352724052006
-4.396984924623116            1.3010352705670114
-4.28140703517588             1.3010352952169522
-4.165829145728644            1.3010352782441001
-4.050251256281406            1.301035149797105
-3.934673366834172            1.3010353007486468
-3.8190954773869343           1.301035322544877
-3.7035175879396967           1.3010352540804324
-3.5879396984924625           1.3010352766389408
-3.472361809045225            1.3010352614811447
-3.3567839195979907           1.3010352762188857
-3.241206030150753            1.3010352369016323
-3.125628140703519            1.3010352111700383
-3.0100502512562812           1.301035212536195
-2.8944723618090435           1.301035275633271
-2.7788944723618094           1.3010350869246452
-2.6633165829145717           1.3010352150146254
-2.5477386934673376           1.3010352009949822
-2.4321608040201              1.3010351931946378
-2.316582914572866            1.301035200050715
-2.201005025125628            1.3010352121494315
-2.0854271356783904           1.3010351986741902
-1.9698492462311563           1.3010351587402862
-1.8542713567839186           1.301035096274182
-1.7386934673366845           1.3010351233887827
-1.6231155778894468           1.3010350724712234
-1.5075376884422127           1.3010351522293162
-1.391959798994975            1.301035105266337
-1.2763819095477373           1.301035093044958
-1.1608040201005032           1.3010350050564108
-1.0452261306532655           1.3010346967080693
-0.9296482412060314           1.3010338109273907
-0.8140703517587937           1.3010314142682264
-0.698492462311556            1.3010240350561892
-0.5829145728643219           1.3010034091572102
-0.46733668341708423          1.3009454336216353
-0.3517587939698501           1.3007852769625883
-0.23618090452261245          1.3003526401921788
-0.12060301507537828          1.2992177183163378
-0.005025125628140596         1.2963522259189488
0.11055276381909708           1.2894585762201898
0.22613065326633117           1.2738215006819071
0.34170854271356893           1.2406780038773007
0.457286432160803             1.175386424141492
0.5728643216080407            1.055852711860458
0.6884422110552748            0.8514255153971747
0.8040201005025125            0.5219306003352915
0.9195979899497502            0.0162075480779443
1.0351758793969843            -0.730371187410664
1.150753768844222             -1.7996996400873386
1.266331658291456             -3.296419206404506
1.3819095477386938            -5.355622770012557
1.4974874371859315            -8.153001810666522
1.6130653266331656            -11.917442710444936
1.7286432160804033            -16.946977292426126
1.8442211055276374            -23.629746870423517
1.959798994974875             -32.47160406942028
2.075376884422109             -44.13217422113982
2.190954773869347             -59.471870121996396
2.3065326633165846            -79.61320255043478
2.4221105527638187            -106.02075817522284
2.5376884422110564            -140.60554505900086
2.6532663316582905            -185.86114058878434
2.768844221105528             -246.7913061586096
