-20.0                         1.227916617643863
-19.884422110552762           1.2279177437839301
-19.768844221105528           1.2279164734762296
-19.65326633165829            1.2279154532861103
-19.537688442211056           1.227916602085958
-19.42211055276382            1.227916306425307
-19.306532663316585           1.2279165870891875
-19.190954773869347           1.2279150095584017
-19.07537688442211            1.2279167618685145
-18.959798994974875           1.2279164030899694
-18.844221105527637           1.2279176544257124
-18.728643216080403           1.2279161616661396
-18.613065326633166           1.2279166171490958
-18.49748743718593            1.2279162817491767
-18.381909547738694           1.2279187457895169
-18.266331658291456           1.22791617271744
-18.150753768844222           1.2279162427360693
-18.035175879396984           1.2279165958654614
-17.91959798994975            1.2279161845231368
-17.804020100502512           1.2279167230401826
-17.688442211055275           1.2279162794213185
-17.57286432160804            1.2279158932425698
-17.457286432160803           1.227915955140314
-17.34170854271357            1.2279160475514375
-17.22613065326633            1.2279160340925401
-17.110552763819094           1.2279159189454674
-16.99497487437186            1.2279164024650155
-16.87939698492462            1.2279156841216086
-16.763819095477388           1.2279166560353771
-16.64824120603015            1.227915845720741
-16.532663316582916           1.2279161162862793
-16.417085427135678           1.2279159334202212
-16.301507537688444           1.2279153015187196
-16.185929648241206           1.227915947228927
-16.07035175879397            1.2279162446694647
-15.954773869346734           1.2279147940242476
-15.839195979899497           1.2279158669204182
-15.72361809045226            1.2279160226711927
-15.608040201005025           1.227916836333305
-15.492462311557789           1.2279158697959858
-15.376884422110553           1.2279159354855842
-15.261306532663315           1.2279159448678856
-15.145728643216081           1.2279158882619867
-15.030150753768844           1.2279167251066154
-14.914572864321608           1.2279155971221944
-14.798994974874372           1.2279148608226607
-14.683417085427136           1.2279158864127573
-14.5678391959799             1.2279158239588253
-14.452261306532662           1.2279157842926898
-14.336683417085428           1.2279156714536728
-14.22110552763819            1.227916319466597
-14.105527638190955           1.2279156243020362
-13.989949748743719           1.2279146880779073
-13.874371859296481           1.2279154568772008
-13.758793969849247           1.2279161138236214
-13.64321608040201            1.2279155615741435
-13.527638190954773           1.227914812344769
-13.412060301507537           1.227915617406335
-13.296482412060302           1.2279153167077208
-13.180904522613066           1.227915785469774
-13.065326633165828           1.227915259803279
-12.949748743718594           1.227915577651458
-12.834170854271356           1.2279151136211344
-12.71859296482412            1.2279157850200078
-12.603015075376884           1.227915057491053
-12.487437185929648           1.2279156118088155
-12.371859296482413           1.2279153437942494
-12.256281407035175           1.227915692492973
-12.14070351758794            1.2279154668205088
-12.025125628140703           1.2279151775401556
-11.909547738693467           1.227915273622588
-11.793969849246231           1.2279152401597688
-11.678391959798995           1.2279154543492183
-11.56281407035176            1.227915378978514
-11.447236180904522           1.2279157838014576
-11.331658291457286           1.2279154389162854
-11.21608040201005            1.2279153624286259
-11.100502512562814           1.2279156349846052
-10.984924623115578           1.2279154284505511
-10.869346733668342           1.2279152982822659
-10.753768844221106           1.2279146003083288
-10.638190954773869           1.2279154649530037
-10.522613065326633           1.2279151982623513
-10.407035175879397           1.2279154317346614
-10.291457286432161           1.2279162026364945
-10.175879396984925           1.2279152621318197
-10.06030150753769            1.227915127726165
-9.944723618090451            1.2279152882899609
-9.829145728643216            1.2279148608104682
-9.71356783919598             1.2279157835787844
-9.597989949748744            1.2279152675142875
-9.482412060301508            1.2279152241695421
-9.366834170854272            1.2279153344326272
-9.251256281407034            1.2279152300449152
-9.135678391959798            1.2279151528218923
-9.020100502512562            1.2279153291569138
-8.904522613065327            1.2279147410903357
-8.78894472361809             1.227914671028744
-8.673366834170855            1.2279163007482279
-8.557788944723619            1.2279152032785172
-8.442211055276381            1.2279162357781488
-8.326633165829145            1.2279147012854483
-8.21105527638191             1.2279148568360039
-8.095477386934673            1.2279152695891828
-7.9798994974874375           1.2279151258617536
-7.864321608040202            1.227915084360748
-7.748743718592964            1.2279150020981522
-7.633165829145728            1.2279151420669532
-7.517587939698492            1.2279148673869604
-7.402010050251256            1.2279154081785422
-7.28643216080402             1.227915089530683
-7.170854271356784            1.227915019927204
-7.055276381909547            1.2279147551318645
-6.939698492462311            1.2279150175485534
-6.824120603015075            1.2279150314781657
-6.708542713567839            1.227914847993387
-6.592964824120603            1.2279150130694092
-6.477386934673367            1.2279150138167012
-6.361809045226131            1.227915005946764
-6.246231155778894            1.2279148851389179
-6.130653266331658            1.2279149639472686
-6.015075376884422            1.2279149593455523
-5.899497487437186            1.2279150184040581
-5.78391959798995             1.2279149111211476
-5.668341708542714            1.2279149400146148
-5.5527638190954764           1.227914784058358
-5.4371859296482405           1.2279146370610987
-5.321608040201005            1.2279147667596932
-5.206030150753769            1.2279148691487558
-5.090452261306533            1.2279149795501947
-4.974874371859297            1.2279148512483298
-4.859296482412061            1.227915073991025
-4.743718592964823            1.2279148748789324
-4.628140703517587            1.2279149882828477
-4.5125628140703515           1.227914830607279
-4.396984924623116            1.227914833702042
-4.28140703517588             1.2279148579744288
-4.165829145728644            1.227914839381101
-4.050251256281406            1.2279147209438999
-3.934673366834172            1.2279148616105549
-3.8190954773869343           1.2279148817017205
-3.7035175879396967           1.227914815640994
-3.5879396984924625           1.2279148358095116
-3.472361809045225            1.2279148209945983
-3.3567839195979907           1.2279148374198776
-3.241206030150753            1.2279147942216346
-3.125628140703519            1.2279147731322313
-3.0100502512562812           1.2279147750801858
-2.8944723618090435           1.227914829679393
-2.7788944723618094           1.2279146517286343
-2.6633165829145717           1.2279147716163097
-2.5477386934673376           1.227914762110003
-2.4321608040201              1.227914754930708
-2.316582914572866            1.2279147607316268
-2.201005025125628            1.2279147734751323
-2.0854271356783904           1.227914760337072
-1.9698492462311563           1.2279147204981535
-1.8542713567839186           1.2279146592191326
-1.7386934673366845           1.2279146848553781
-1.6231155778894468           1.2279146349381154
-1.5075376884422127           1.2279147084930424
-1.391959798994975            1.2279146552881277
-1.2763819095477373           1.227914615176169
-1.1608040201005032           1.2279144572997538
-1.0452261306532655           1.2279139625705597
-0.9296482412060314           1.2279125851171122
-0.8140703517587937           1.2279088786826469
-0.698492462311556            1.2278981171285177
-0.5829145728643219           1.2278688451412578
-0.46733668341708423          1.2277892611913532
-0.3517587939698501           1.2275765725298564
-0.23618090452261245          1.2270206691240992
-0.12060301507537828          1.2256093419791718
-0.005025125628140596         1.2221587065240376
0.11055276381909708           1.2141115606252264
0.22613065326633117           1.1963854185479328
0.34170854271356893           1.1598016379093334
0.457286432160803             1.089378149382676
0.5728643216080407            0.9628786171517256
0.6884422110552748            0.7497438167331757
0.8040201005025125            0.41006010471273485
0.9195979899497502            -0.10701006522729055
1.0351758793969843            -0.8657915001766742
1.150753768844222             -1.9479361521111946
1.266331658291456             -3.457913722484689
1.3819095477386938            -5.530702425566511
1.4974874371859315            -8.341909722162862
1.6130653266331656            -12.120353558411722
1.7286432160804033            -17.164013185017254
1.8442211055276374            -23.860993386071474
1.959798994974875             -32.71712223882645
2.075376884422109             -44.392008309186885
2.190954773869347             -59.746052656920156
2.3065326633165846            -79.90175767485518
2.4221105527638187            -106.32370394418477
2.5376884422110564            -140.92289505313317
2.6532663316582905            -186.1929050680023
2.768844221105528             -247.1374116862478
