-20.0                         0.5538235898003152
-19.884422110552762           0.5538242871127719
-19.768844221105528           0.5538235148312846
-19.65326633165829            0.5538226764418512
-19.537688442211056           0.553823473006318
-19.42211055276382            0.5538234841300873
-19.306532663316585           0.553823646758634
-19.190954773869347           0.5538228839265568
-19.07537688442211            0.5538235655412933
-18.959798994974875           0.5538233732439191
-18.844221105527637           0.5538242561438894
-18.728643216080403           0.5538234097324175
-18.613065326633166           0.5538233358063389
-18.49748743718593            0.5538233344527697
-18.381909547738694           0.5538247425913686
-18.266331658291456           0.5538231883882656
-18.150753768844222           0.5538232698003597
-18.035175879396984           0.5538229435637324
-17.91959798994975            0.5538232180523781
-17.804020100502512           0.5538234171890273
-17.688442211055275           0.5538234659111089
-17.57286432160804            0.5538230866866732
-17.457286432160803           0.5538229671890235
-17.34170854271357            0.553823209463223
-17.22613065326633            0.5538233710385674
-17.110552763819094           0.5538229206387809
-16.99497487437186            0.5538231581915023
-16.87939698492462            0.553823153940332
-16.763819095477388           0.5538232821750305
-16.64824120603015            0.5538230957864407
-16.532663316582916           0.5538228826654109
-16.417085427135678           0.5538229890321332
-16.301507537688444           0.5538227501629192
-16.185929648241206           0.5538229684242003
-16.07035175879397            0.5538230777993425
-15.954773869346734           0.5538222896318759
-15.839195979899497           0.5538228643148706
-15.72361809045226            0.5538228887445982
-15.608040201005025           0.5538230092916636
-15.492462311557789           0.5538228081294665
-15.376884422110553           0.553822564355413
-15.261306532663315           0.5538228993947186
-15.145728643216081           0.5538227848846867
-15.030150753768844           0.5538233608706689
-14.914572864321608           0.5538226126668297
-14.798994974874372           0.5538221552150867
-14.683417085427136           0.5538227654212191
-14.5678391959799             0.55382273414976
-14.452261306532662           0.5538226983263659
-14.336683417085428           0.5538226433311617
-14.22110552763819            0.5538226848619472
-14.105527638190955           0.5538226193524
-13.989949748743719           0.5538219593978204
-13.874371859296481           0.5538224976491045
-13.758793969849247           0.553823195227155
-13.64321608040201            0.5538225774719291
-13.527638190954773           0.5538222430942534
-13.412060301507537           0.553822570439461
-13.296482412060302           0.5538226980860864
-13.180904522613066           0.5538225922614886
-13.065326633165828           0.5538221370807703
-12.949748743718594           0.5538225951353629
-12.834170854271356           0.5538221579807524
-12.71859296482412            0.5538226974272439
-12.603015075376884           0.5538220463998059
-12.487437185929648           0.5538225453579144
-12.371859296482413           0.5538224698389629
-12.256281407035175           0.5538225644157512
-12.14070351758794            0.5538224080919033
-12.025125628140703           0.5538225044140245
-11.909547738693467           0.5538222806404107
-11.793969849246231           0.5538221651036807
-11.678391959798995           0.5538223695955611
-11.56281407035176            0.5538223400816823
-11.447236180904522           0.5538225466863766
-11.331658291457286           0.5538223922225094
-11.21608040201005            0.5538223291668024
-11.100502512562814           0.5538226887270773
-10.984924623115578           0.5538223718805763
-10.869346733668342           0.5538222547827758
-10.753768844221106           0.5538218146350564
-10.638190954773869           0.5538223124309558
-10.522613065326633           0.5538222122437543
-10.407035175879397           0.5538223081443773
-10.291457286432161           0.5538226359085636
-10.175879396984925           0.5538222301393144
-10.06030150753769            0.5538221228401421
-9.944723618090451            0.5538221996871774
-9.829145728643216            0.5538221159906512
-9.71356783919598             0.5538224134944453
-9.597989949748744            0.5538221650066206
-9.482412060301508            0.5538221602926157
-9.366834170854272            0.5538221900789438
-9.251256281407034            0.5538221509305132
-9.135678391959798            0.5538221343561758
-9.020100502512562            0.5538222345068178
-8.904522613065327            0.5538219381311972
-8.78894472361809             0.5538218207594836
-8.673366834170855            0.5538228288194184
-8.557788944723619            0.5538220834195783
-8.442211055276381            0.5538227795687636
-8.326633165829145            0.5538218325138314
-8.21105527638191             0.5538220300659502
-8.095477386934673            0.5538220481623877
-7.9798994974874375           0.5538220413752799
-7.864321608040202            0.5538220113797686
-7.748743718592964            0.5538219753696408
-7.633165829145728            0.5538220256887992
-7.517587939698492            0.5538218795077703
-7.402010050251256            0.5538221359407705
-7.28643216080402             0.5538220137766695
-7.170854271356784            0.5538219661309699
-7.055276381909547            0.5538217564644959
-6.939698492462311            0.5538219381140611
-6.824120603015075            0.5538219584179612
-6.708542713567839            0.553821903793949
-6.592964824120603            0.5538219102317835
-6.477386934673367            0.5538218379669412
-6.361809045226131            0.5538218971504961
-6.246231155778894            0.5538218236870668
-6.130653266331658            0.5538219048699985
-6.015075376884422            0.5538219082257183
-5.899497487437186            0.5538219479449419
-5.78391959798995             0.5538218707214385
-5.668341708542714            0.5538218728417571
-5.5527638190954764           0.5538217772634408
-5.4371859296482405           0.5538216779231524
-5.321608040201005            0.5538217890753183
-5.206030150753769            0.553821798941331
-5.090452261306533            0.5538218248488779
-4.974874371859297            0.5538218730283538
-4.859296482412061            0.5538219853287699
-4.743718592964823            0.5538218174208482
-4.628140703517587            0.5538218743928441
-4.5125628140703515           0.5538217620779352
-4.396984924623116            0.5538217780390626
-4.28140703517588             0.5538217899848312
-4.165829145728644            0.5538217700994792
-4.050251256281406            0.5538217470973973
-3.934673366834172            0.5538217759005677
-3.8190954773869343           0.5538217806252518
-3.7035175879396967           0.5538217426600229
-3.5879396984924625           0.5538217425063748
-3.472361809045225            0.5538217317889356
-3.3567839195979907           0.5538217453571083
-3.241206030150753            0.5538217085007547
-3.125628140703519            0.5538217062039191
-3.0100502512562812           0.553821709587411
-2.8944723618090435           0.5538216939441041
-2.7788944723618094           0.5538216129497067
-2.6633165829145717           0.5538216535418412
-2.5477386934673376           0.5538216635681318
-2.4321608040201              0.553821636199572
-2.316582914572866            0.5538215896718839
-2.201005025125628            0.5538215070811947
-2.0854271356783904           0.5538213239991732
-1.9698492462311563           0.5538209448500677
-1.8542713567839186           0.5538202120116026
-1.7386934673366845           0.5538188625307766
-1.6231155778894468           0.5538161263007312
-1.5075376884422127           0.5538108598861107
-1.391959798994975            0.5538004070998332
-1.2763819095477373           0.5537799080237125
-1.1608040201005032           0.5537398250771174
-1.0452261306532655           0.5536616643128802
-0.9296482412060314           0.5535099731098696
-0.8140703517587937           0.5532171406839785
-0.698492462311556            0.5526554567412101
-0.5829145728643219           0.5515880215562202
-0.46733668341708423          0.5495814442465305
-0.3517587939698501           0.5458614266447396
-0.23618090452261245          0.5390817860760285
-0.12060301507537828          0.5269783113914537
-0.005025125628140596         0.5058861435045323
0.11055276381909708           0.4701194838316166
0.22613065326633117           0.411235883924945
0.34170854271356893           0.31721665629012696
0.457286432160803             0.17156827600374622
0.5728643216080407            -0.04770759575582535
0.6884422110552748            -0.36939293108348575
0.8040201005025125            -0.8307408751063202
0.9195979899497502            -1.479744846159236
1.0351758793969843            -2.3781776283461813
1.150753768844222             -3.605659952351755
1.266331658291456             -5.26520337758108
1.3819095477386938            -7.490781263509267
1.4974874371859315            -10.457227310337617
1.6130653266331656            -14.392704051658542
1.7286432160804033            -19.594673961563714
1.8442211055276374            -26.450874082780512
1.959798994974875             -35.46687973716219
2.075376884422109             -47.302123580778705
2.190954773869347             -62.81688169597239
2.3065326633165846            -83.13356614920968
2.4221105527638187            -109.71669136145833
2.5376884422110564            -144.4772119555817
2.6532663316582905            -189.90866546330972
2.768844221105528             -251.01379359579553
