-20.0                         0.39915225709586183
-19.884422110552762           0.3991528308540796
-19.768844221105528           0.39915219813181224
-19.65326633165829            0.3991514823782119
-19.537688442211056           0.39915216236530027
-19.42211055276382            0.3991522181102324
-19.306532663316585           0.399152278991202
-19.190954773869347           0.3991518586401029
-19.07537688442211            0.3991521964394221
-18.959798994974875           0.39915207218981735
-18.844221105527637           0.399152674025634
-18.728643216080403           0.39915210334631823
-18.613065326633166           0.3991519794531037
-18.49748743718593            0.3991520189668088
-18.381909547738694           0.39915302917068657
-18.266331658291456           0.39915189503788207
-18.150753768844222           0.3991519719579079
-18.035175879396984           0.399151556266916
-17.91959798994975            0.39915190150834945
-17.804020100502512           0.3991520123581189
-17.688442211055275           0.3991520924301606
-17.57286432160804            0.3991518541150545
-17.457286432160803           0.39915167969069715
-17.34170854271357            0.39915188525327683
-17.22613065326633            0.39915203791545484
-17.110552763819094           0.3991516437322777
-16.99497487437186            0.3991517914076486
-16.87939698492462            0.3991518897362327
-16.763819095477388           0.39915187396839563
-16.64824120603015            0.39915180402878825
-16.532663316582916           0.39915160686114826
-16.417085427135678           0.39915170232701697
-16.301507537688444           0.3991515866026953
-16.185929648241206           0.3991516546087923
-16.07035175879397            0.39915172150880435
-15.954773869346734           0.39915115485472463
-15.839195979899497           0.399151563524582
-15.72361809045226            0.39915157220079234
-15.608040201005025           0.3991515381386077
-15.492462311557789           0.39915149425355045
-15.376884422110553           0.39915127631208713
-15.261306532663315           0.3991515664912309
-15.145728643216081           0.39915146526595285
-15.030150753768844           0.39915185653619717
-14.914572864321608           0.39915132474930803
-14.798994974874372           0.3991510055487409
-14.683417085427136           0.3991514335189353
-14.5678391959799             0.39915143249004054
-14.452261306532662           0.39915139935573635
-14.336683417085428           0.3991513374639536
-14.22110552763819            0.39915127807209755
-14.105527638190955           0.39915133033922057
-13.989949748743719           0.3991507678765853
-13.874371859296481           0.3991512150225468
-13.758793969849247           0.3991518536806243
-13.64321608040201            0.3991512850867939
-13.527638190954773           0.3991510909798687
-13.412060301507537           0.3991512652054048
-13.296482412060302           0.3991514448118111
-13.180904522613066           0.39915125205584345
-13.065326633165828           0.3991508650739085
-12.949748743718594           0.3991512805802384
-12.834170854271356           0.3991508890575917
-12.71859296482412            0.39915135066165447
-12.603015075376884           0.3991508025938931
-12.487437185929648           0.39915120958579203
-12.371859296482413           0.39915117703698216
-12.256281407035175           0.39915121616805677
-12.14070351758794            0.3991510940991289
-12.025125628140703           0.3991512493068386
-11.909547738693467           0.3991509878093874
-11.793969849246231           0.3991509115350199
-11.678391959798995           0.3991510549402383
-11.56281407035176            0.3991510317618561
-11.447236180904522           0.39915117564407715
-11.331658291457286           0.39915106900402253
-11.21608040201005            0.3991510181628269
-11.100502512562814           0.39915136163695947
-10.984924623115578           0.3991510439032834
-10.869346733668342           0.3991509454623859
-10.753768844221106           0.3991505949650035
-10.638190954773869           0.39915097827191187
-10.522613065326633           0.3991509196765706
-10.407035175879397           0.399150961449842
-10.291457286432161           0.3991511640743187
-10.175879396984925           0.39915091447357015
-10.06030150753769            0.39915082466247925
-9.944723618090451            0.3991508819807146
-9.829145728643216            0.39915087782789177
-9.71356783919598             0.3991509869296823
-9.597989949748744            0.3991508439156165
-9.482412060301508            0.39915084709559223
-9.366834170854272            0.3991508483255458
-9.251256281407034            0.39915082839746596
-9.135678391959798            0.3991508226221755
-9.020100502512562            0.39915087239034847
-8.904522613065327            0.39915070311151496
-8.78894472361809             0.39915057347543675
-8.673366834170855            0.39915136701377896
-8.557788944723619            0.3991507510192752
-8.442211055276381            0.39915132326974123
-8.326633165829145            0.3991505775465526
-8.21105527638191             0.39915076325471976
-8.095477386934673            0.3991507052095045
-7.9798994974874375           0.39915071470417246
-7.864321608040202            0.3991506930266298
-7.748743718592964            0.3991506680269326
-7.633165829145728            0.3991506940217791
-7.517587939698492            0.3991506049266342
-7.402010050251256            0.39915074388622446
-7.28643216080402             0.3991506864038737
-7.170854271356784            0.3991506500415579
-7.055276381909547            0.39915047972350426
-6.939698492462311            0.39915061945852087
-6.824120603015075            0.39915063356667285
-6.708542713567839            0.39915061725632683
-6.592964824120603            0.3991505850006118
-6.477386934673367            0.39915050744033337
-6.361809045226131            0.3991505740857781
-6.246231155778894            0.39915050979950695
-6.130653266331658            0.3991505807171497
-6.015075376884422            0.39915058005849635
-5.899497487437186            0.39915060401818014
-5.78391959798995             0.39915055420780027
-5.668341708542714            0.39915055227844143
-5.5527638190954764           0.3991504875675888
-5.4371859296482405           0.39915039530080937
-5.321608040201005            0.39915049802934166
-5.206030150753769            0.3991504898433493
-5.090452261306533            0.3991504924406913
-4.974874371859297            0.3991505584492344
-4.859296482412061            0.39915063823188074
-4.743718592964823            0.3991504936409137
-4.628140703517587            0.39915053799922356
-4.5125628140703515           0.39915045113905373
-4.396984924623116            0.3991504584618198
-4.28140703517588             0.399150465199318
-4.165829145728644            0.399150449303935
-4.050251256281406            0.39915044807864486
-3.934673366834172            0.39915044752198037
-3.8190954773869343           0.3991504475670477
-3.7035175879396967           0.39915041820999403
-3.5879396984924625           0.3991504127260482
-3.472361809045225            0.3991503991698026
-3.3567839195979907           0.39915040161494786
-3.241206030150753            0.399150366395454
-3.125628140703519            0.39915034168600644
-3.0100502512562812           0.3991503106665434
-2.8944723618090435           0.39915022680687867
-2.7788944723618094           0.3991500711409639
-2.6633165829145717           0.399149922099901
-2.5477386934673376           0.3991496359692902
-2.4321608040201              0.39914909239166707
-2.316582914572866            0.39914815282874416
-2.201005025125628            0.39914652773926906
-2.0854271356783904           0.39914369653453474
-1.9698492462311563           0.3991387670262319
-1.8542713567839186           0.3991302274417777
-1.7386934673366845           0.3991154992127794
-1.6231155778894468           0.39908994556348515
-1.5075376884422127           0.3990458785919564
-1.391959798994975            0.39896977642831244
-1.2763819095477373           0.39883872420890054
-1.1608040201005032           0.39861365360915874
-1.0452261306532655           0.39822827990236764
-0.9296482412060314           0.3975710425548928
-0.8140703517587937           0.3964555029927572
-0.698492462311556            0.3945730921964853
-0.5829145728643219           0.39142000911776254
-0.46733668341708423          0.3861847706733364
-0.3517587939698501           0.3775840989973046
-0.23618090452261245          0.3636300811200642
-0.12060301507537828          0.34131476284653495
-0.005025125628140596         0.3062015229237175
0.11055276381909708           0.2519178014007739
0.22613065326633117           0.16954436981707663
0.34170854271356893           0.0468895695116236
0.457286432160803             -0.13238384128128342
0.5728643216080407            -0.3898392219243707
0.6884422110552748            -0.7536457115220156
0.8040201005025125            -1.2603761997045044
0.9195979899497502            -1.9573652742399705
1.0351758793969843            -2.9058057531260437
1.150753768844222             -4.184850492035006
1.266331658291456             -5.897165810581234
1.3819095477386938            -8.176474120814728
1.4974874371859315            -11.197400649779365
1.6130653266331656            -15.187921158717966
1.7286432160804033            -20.445345385018914
1.8442211055276374            -27.357298110879952
1.959798994974875             -36.42927517262309
2.075376884422109             -48.32065254046748
2.190954773869347             -63.89166525149623
2.3065326633165846            -84.2646952690468
2.4221105527638187            -110.90423471411535
2.5376884422110564            -145.72122156082207
2.6532663316582905            -191.20918083506822
2.768844221105528             -252.37052726413722
