-20.0                         1.2951211710761021
-19.884422110552762           1.295122343772615
-19.768844221105528           1.2951210219430898
-19.65326633165829            1.2951200012290442
-19.537688442211056           1.2951211861927034
-19.42211055276382            1.2951208518015092
-19.306532663316585           1.2951211197283878
-19.190954773869347           1.29511950371918
-19.07537688442211            1.2951213369982189
-18.959798994974875           1.2951209693565657
-18.844221105527637           1.2951222106853126
-18.728643216080403           1.2951206876004915
-18.613065326633166           1.2951212092214284
-18.49748743718593            1.295120830431982
-18.381909547738694           1.2951233693925217
-18.266331658291456           1.29512073377711
-18.150753768844222           1.295120801970151
-18.035175879396984           1.2951212354672594
-17.91959798994975            1.2951207350861784
-17.804020100502512           1.2951213045955037
-17.688442211055275           1.2951207967015226
-17.57286432160804            1.2951204546112598
-17.457286432160803           1.2951205172982305
-17.34170854271357            1.2951205805865378
-17.22613065326633            1.295120542495228
-17.110552763819094           1.295120485126957
-16.99497487437186            1.295120977338943
-16.87939698492462            1.295120191490848
-16.763819095477388           1.295121249853986
-16.64824120603015            1.2951203795702637
-16.532663316582916           1.2951207235973188
-16.417085427135678           1.2951204900410058
-16.301507537688444           1.2951198365566585
-16.185929648241206           1.295120506406594
-16.07035175879397            1.2951208161705738
-15.954773869346734           1.295119314466434
-15.839195979899497           1.2951204290818805
-15.72361809045226            1.295120604741559
-15.608040201005025           1.2951214757354774
-15.492462311557789           1.2951204379018104
-15.376884422110553           1.2951205547129907
-15.261306532663315           1.2951205076735712
-15.145728643216081           1.2951204602801585
-15.030150753768844           1.2951212931724216
-14.914572864321608           1.2951201587338923
-14.798994974874372           1.295119409565796
-14.683417085427136           1.2951204595811303
-14.5678391959799             1.2951204029935577
-14.452261306532662           1.2951203638523507
-14.336683417085428           1.2951202367071968
-14.22110552763819            1.2951209468337488
-14.105527638190955           1.2951201910082075
-13.989949748743719           1.2951192298664498
-13.874371859296481           1.2951200159054752
-13.758793969849247           1.2951206598564535
-13.64321608040201            1.29512012480479
-13.527638190954773           1.2951193430673429
-13.412060301507537           1.2951201865860733
-13.296482412060302           1.2951198374781985
-13.180904522613066           1.2951203659307353
-13.065326633165828           1.2951198447635184
-12.949748743718594           1.2951201352465038
-12.834170854271356           1.295119674262546
-12.71859296482412            1.2951203514262917
-12.603015075376884           1.2951196317091027
-12.487437185929648           1.2951201759474642
-12.371859296482413           1.2951198940990092
-12.256281407035175           1.2951202601194507
-12.14070351758794            1.29512003519931
-12.025125628140703           1.2951197051773775
-11.909547738693467           1.2951198356334253
-11.793969849246231           1.2951198259529446
-11.678391959798995           1.2951200261289115
-11.56281407035176            1.2951199449225426
-11.447236180904522           1.2951203669709255
-11.331658291457286           1.2951200035874355
-11.21608040201005            1.295119927921597
-11.100502512562814           1.2951201865540205
-10.984924623115578           1.2951199936460516
-10.869346733668342           1.2951198650287188
-10.753768844221106           1.2951191455303876
-10.638190954773869           1.2951200417484652
-10.522613065326633           1.2951197601160598
-10.407035175879397           1.2951199978145105
-10.291457286432161           1.2951208113510821
-10.175879396984925           1.2951198262687074
-10.06030150753769            1.295119690532242
-9.944723618090451            1.2951198615052042
-9.829145728643216            1.2951194005807773
-9.71356783919598             1.295120369106956
-9.597989949748744            1.2951198401615596
-9.482412060301508            1.2951197935910634
-9.366834170854272            1.295119908052272
-9.251256281407034            1.2951197997077515
-9.135678391959798            1.2951197177607827
-9.020100502512562            1.2951198890466415
-8.904522613065327            1.2951192886427905
-8.78894472361809             1.2951192208016278
-8.673366834170855            1.2951209018974026
-8.557788944723619            1.2951197764334594
-8.442211055276381            1.2951208356347277
-8.326633165829145            1.295119252399951
-8.21105527638191             1.2951194025285246
-8.095477386934673            1.2951198524666707
-7.9798994974874375           1.2951196933468958
-7.864321608040202            1.2951196532172216
-7.748743718592964            1.2951195664701995
-7.633165829145728            1.2951197143921682
-7.517587939698492            1.2951194353990052
-7.402010050251256            1.29511998805312
-7.28643216080402             1.295119657163236
-7.170854271356784            1.295119586870204
-7.055276381909547            1.2951193213923748
-6.939698492462311            1.2951195875810015
-6.824120603015075            1.2951195992841622
-6.708542713567839            1.2951194046255772
-6.592964824120603            1.2951195851280026
-6.477386934673367            1.295119595400152
-6.361809045226131            1.2951195793142418
-6.246231155778894            1.2951194531928725
-6.130653266331658            1.29511952964993
-6.015075376884422            1.2951195219664253
-5.899497487437186            1.2951195803395474
-5.78391959798995             1.2951194763280882
-5.668341708542714            1.2951195079222908
-5.5527638190954764           1.295119351016583
-5.4371859296482405           1.2951191960805863
-5.321608040201005            1.2951193294995929
-5.206030150753769            1.2951194412993194
-5.090452261306533            1.2951195563397855
-4.974874371859297            1.2951194084284265
-4.859296482412061            1.2951196404693124
-4.743718592964823            1.2951194405688946
-4.628140703517587            1.2951195600012029
-4.5125628140703515           1.2951194019103478
-4.396984924623116            1.29511940048798
-4.28140703517588             1.2951194251150224
-4.165829145728644            1.2951194080035522
-4.050251256281406            1.2951192803635334
-3.934673366834172            1.2951194304963785
-3.8190954773869343           1.2951194521545029
-3.7035175879396967           1.2951193838815203
-3.5879396984924625           1.2951194062473381
-3.472361809045225            1.2951193911152221
-3.3567839195979907           1.2951194060042164
-3.241206030150753            1.295119366343029
-3.125628140703519            1.2951193410004993
-3.0100502512562812           1.295119342414494
-2.8944723618090435           1.295119404820386
-2.7788944723618094           1.2951192169822907
-2.6633165829145717           1.2951193444068152
-2.5477386934673376           1.2951193307590518
-2.4321608040201              1.295119323011667
-2.316582914572866            1.2951193297801837
-2.201005025125628            1.2951193419402365
-2.0854271356783904           1.2951193284884752
-1.9698492462311563           1.2951192885561953
-1.8542713567839186           1.2951192261848996
-1.7386934673366845           1.295119253186686
-1.6231155778894468           1.295119202385705
-1.5075376884422127           1.295119281717433
-1.391959798994975            1.295119234437986
-1.2763819095477373           1.2951192204585011
-1.1608040201005032           1.2951191280815042
-1.0452261306532655           1.2951188078483808
-0.9296482412060314           1.2951178902691218
-0.8140703517587937           1.2951154072265216
-0.698492462311556            1.2951078014623518
-0.5829145728643219           1.2950865865581218
-0.46733668341708423          1.295027114132649
-0.3517587939698501           1.294863257091614
-0.23618090452261245          1.2944217913955378
-0.12060301507537828          1.2932667414275025
-0.005025125628140596         1.290357937902437
0.11055276381909708           1.2833775549599293
0.22613065326633117           1.2675810776436953
0.34170854271356893           1.234171641940212
0.457286432160803             1.1684790598859525
0.5728643216080407            1.0483965282172296
0.6884422110552748            0.8432792575626891
0.8040201005025125            0.5129737766844745
0.9195979899497502            0.00634586672326439
1.0351758793969843            -0.7412073101660295
1.150753768844222             -1.8115600040931084
1.266331658291456             -3.3093395874828713
1.3819095477386938            -5.369629598329469
1.4974874371859315            -8.168114694160069
1.6130653266331656            -11.933675716684512
1.7286432160804033            -16.96434024125081
1.8442211055276374            -23.64824663549444
1.959798994974875             -32.491245547999995
2.075376884422109             -44.15296096257482
2.190954773869347             -59.49380473310774
2.3065326633165846            -79.63628696521394
2.4221105527638187            -106.04499383954756
2.5376884422110564            -140.63093306016873
2.6532663316582905            -185.8876817480781
2.768844221105528             -246.81899460082064
