-20.0                         0.7355502530792756
-19.884422110552762           0.7355510663988534
-19.768844221105528           0.7355501581130077
-19.65326633165829            0.7355492294724773
-19.537688442211056           0.7355501279006448
-19.42211055276382            0.7355500720286107
-19.306532663316585           0.7355503170550706
-19.190954773869347           0.7355492421142239
-19.07537688442211            0.7355502675966834
-18.959798994974875           0.7355500131157315
-18.844221105527637           0.7355511024663678
-18.728643216080403           0.7355500119226943
-18.613065326633166           0.7355500425581791
-18.49748743718593            0.7355499737951835
-18.381909547738694           0.7355517385363307
-18.266331658291456           0.7355498185811012
-18.150753768844222           0.7355498989770649
-18.035175879396984           0.7355497244085583
-17.91959798994975            0.7355498613704557
-17.804020100502512           0.7355501564177376
-17.688442211055275           0.7355501147319939
-17.57286432160804            0.7355496434732249
-17.457286432160803           0.7355495955826011
-17.34170854271357            0.7355498354314078
-17.22613065326633            0.7355499708435428
-17.110552763819094           0.735549544995835
-16.99497487437186            0.7355498734908925
-16.87939698492462            0.7355496932222982
-16.763819095477388           0.7355500296696899
-16.64824120603015            0.7355496837105081
-16.532663316582916           0.7355495326070238
-16.417085427135678           0.7355496091305941
-16.301507537688444           0.7355492358433744
-16.185929648241206           0.7355496062031224
-16.07035175879397            0.7355497705318222
-15.954773869346734           0.7355487703439595
-15.839195979899497           0.7355495009308479
-15.72361809045226            0.7355495489128784
-15.608040201005025           0.735549866538378
-15.492462311557789           0.7355494602249165
-15.376884422110553           0.7355492496644053
-15.261306532663315           0.7355495584392305
-15.145728643216081           0.7355494468641448
-15.030150753768844           0.7355501615276948
-14.914572864321608           0.7355492406366589
-14.798994974874372           0.7355486720933215
-14.683417085427136           0.7355494358087105
-14.5678391959799             0.735549378252034
-14.452261306532662           0.7355493402152127
-14.336683417085428           0.7355492860070817
-14.22110552763819            0.7355494771413078
-14.105527638190955           0.7355492479105147
-13.989949748743719           0.735548503031173
-13.874371859296481           0.7355491190100332
-13.758793969849247           0.735549832285398
-13.64321608040201            0.7355492043834027
-13.527638190954773           0.7355487362878242
-13.412060301507537           0.7355492139208399
-13.296482412060302           0.7355492451297707
-13.180904522613066           0.7355492786589009
-13.065326633165828           0.7355487793451301
-12.949748743718594           0.7355492338330571
-12.834170854271356           0.7355487730699221
-12.71859296482412            0.7355493681145989
-12.603015075376884           0.7355486575169375
-12.487437185929648           0.7355492096484788
-12.371859296482413           0.7355490778346143
-12.256281407035175           0.7355492469122173
-12.14070351758794            0.7355490589616349
-12.025125628140703           0.7355490616338625
-11.909547738693467           0.7355489121236448
-11.793969849246231           0.7355487847226971
-11.678391959798995           0.735549024503928
-11.56281407035176            0.7355489858602295
-11.447236180904522           0.7355492528002185
-11.331658291457286           0.7355490457485244
-11.21608040201005            0.7355489745693947
-11.100502512562814           0.7355493249711526
-10.984924623115578           0.7355490292488865
-10.869346733668342           0.7355489012773281
-10.753768844221106           0.7355483797582443
-10.638190954773869           0.7355489880927235
-10.522613065326633           0.7355488413340638
-10.407035175879397           0.7355489907960552
-10.291457286432161           0.7355494451299325
-10.175879396984925           0.7355488780278697
-10.06030150753769            0.7355487585961578
-9.944723618090451            0.7355488556221184
-9.829145728643216            0.7355486779417626
-9.71356783919598             0.7355491746298322
-9.597989949748744            0.7355488263220652
-9.482412060301508            0.735548810987794
-9.366834170854272            0.7355488697287413
-9.251256281407034            0.7355488091127932
-9.135678391959798            0.7355487761175348
-9.020100502512562            0.7355489199316053
-8.904522613065327            0.7355485092977042
-8.78894472361809             0.7355484084642048
-8.673366834170855            0.7355496131108433
-8.557788944723619            0.7355487532697293
-8.442211055276381            0.735549558864075
-8.326633165829145            0.7355484265861936
-8.21105527638191             0.7355486192869538
-8.095477386934673            0.7355487414589252
-7.9798994974874375           0.7355487045049721
-7.864321608040202            0.7355486671464592
-7.748743718592964            0.7355486186871858
-7.633165829145728            0.7355486948503589
-7.517587939698492            0.7355484972185226
-7.402010050251256            0.7355488629140705
-7.28643216080402             0.7355486743707406
-7.170854271356784            0.735548617375417
-7.055276381909547            0.7355483807955996
-6.939698492462311            0.735548594618524
-6.824120603015075            0.735548617248619
-6.708542713567839            0.7355485237855962
-6.592964824120603            0.7355485739969972
-6.477386934673367            0.7355485159277296
-6.361809045226131            0.7355485606258285
-6.246231155778894            0.7355484757770663
-6.130653266331658            0.7355485616105331
-6.015075376884422            0.7355485672208786
-5.899497487437186            0.7355486182244376
-5.78391959798995             0.7355485199052901
-5.668341708542714            0.7355485284427192
-5.5527638190954764           0.7355484063600913
-5.4371859296482405           0.7355482992684957
-5.321608040201005            0.7355484140529658
-5.206030150753769            0.7355484475371036
-5.090452261306533            0.7355485012065427
-4.974874371859297            0.7355485107736612
-4.859296482412061            0.7355486563862428
-4.743718592964823            0.7355484737179185
-4.628140703517587            0.735548544871403
-4.5125628140703515           0.7355484116259172
-4.396984924623116            0.7355484313971322
-4.28140703517588             0.7355484481380336
-4.165829145728644            0.7355484257147756
-4.050251256281406            0.7355483765358858
-3.934673366834172            0.7355484383076886
-3.8190954773869343           0.7355484471994111
-3.7035175879396967           0.7355484001553313
-3.5879396984924625           0.7355484047927243
-3.472361809045225            0.7355483930593932
-3.3567839195979907           0.7355484105154785
-3.241206030150753            0.7355483642537188
-3.125628140703519            0.7355483621898683
-3.0100502512562812           0.7355483666183461
-2.8944723618090435           0.7355483684150897
-2.7788944723618094           0.7355482628984892
-2.6633165829145717           0.7355483286172466
-2.5477386934673376           0.7355483436258833
-2.4321608040201              0.7355483376865936
-2.316582914572866            0.735548335336852
-2.201005025125628            0.7355483401060111
-2.0854271356783904           0.7355483189681659
-1.9698492462311563           0.7355482567328416
-1.8542713567839186           0.7355481446674729
-1.7386934673366845           0.7355480223602529
-1.6231155778894468           0.7355476649447511
-1.5075376884422127           0.7355470161028083
-1.391959798994975            0.7355454377297627
-1.2763819095477373           0.7355419780558357
-1.1608040201005032           0.7355343637876756
-1.0452261306532655           0.7355176286754589
-0.9296482412060314           0.735481099508751
-0.8140703517587937           0.7354017996673329
-0.698492462311556            0.7352305022272854
-0.5829145728643219           0.7348646963032552
-0.46733668341708423          0.734092412356106
-0.3517587939698501           0.732487157355276
-0.23618090452261245          0.7292158600806368
-0.12060301507537828          0.7227121016989582
-0.005025125628140596         0.7101645569656758
0.11055276381909708           0.6867945810992288
0.22613065326633117           0.6449508552123193
0.34170854271356893           0.573106411133673
0.457286432160803             0.4548453091131515
0.5728643216080407            0.2678408061341137
0.6884422110552748            -0.017307116563951803
0.8040201005025125            -0.43860109115174606
0.9195979899497502            -1.0447799294210183
1.0351758793969843            -1.8982722598210735
1.150753768844222             -3.079222239625772
1.266331658291456             -4.691021846383594
1.3819095477386938            -6.867913541673527
1.4974874371859315            -9.784946318005426
1.6130653266331656            -13.6704703512461
1.7286432160804033            -18.82209883128926
1.8442211055276374            -25.627677833158458
1.959798994974875             -34.59285876596725
2.075376884422109             -46.37712790427873
2.190954773869347             -61.840799794645235
2.3065326633165846            -82.10631451106597
2.4221105527638187            -108.63820710685802
2.5376884422110564            -143.34744754254206
2.6532663316582905            -188.72758483272577
2.768844221105528             -249.78165791740358
