-20.0                         0.9596911999737977
-19.884422110552762           0.9596921507867615
-19.768844221105528           0.9596910805784381
-19.65326633165829            0.9596900880021596
-19.537688442211056           0.9596910991915955
-19.42211055276382            0.9596909441799247
-19.306532663316585           0.9596912367469224
-19.190954773869347           0.9596898790342071
-19.07537688442211            0.9596912674317507
-18.959798994974875           0.9596909555578621
-18.844221105527637           0.9596921774740866
-18.728643216080403           0.9596908624782002
-18.613065326633166           0.9596910683500787
-18.49748743718593            0.9596908913782057
-18.381909547738694           0.9596930113882536
-18.266331658291456           0.9596907459145526
-18.150753768844222           0.9596908222951573
-18.035175879396984           0.9596908722133897
-17.91959798994975            0.9596907857455125
-17.804020100502512           0.9596911945205407
-17.688442211055275           0.9596909900137027
-17.57286432160804            0.9596905014794607
-17.457286432160803           0.9596905243239219
-17.34170854271357            0.9596907159568302
-17.22613065326633            0.9596907925290509
-17.110552763819094           0.9596904765920559
-16.99497487437186            0.9596908943606378
-16.87939698492462            0.9596904666901336
-16.763819095477388           0.959691088075614
-16.64824120603015            0.9596905296443943
-16.532663316582916           0.9596905368204645
-16.417085427135678           0.9596905232790042
-16.301507537688444           0.9596900109100434
-16.185929648241206           0.9596905300898755
-16.07035175879397            0.9596907617477047
-15.954773869346734           0.9596895381854441
-15.839195979899497           0.9596904345085201
-15.72361809045226            0.9596905230699292
-15.608040201005025           0.9596910799500562
-15.492462311557789           0.9596904134607961
-15.376884422110553           0.9596903028663624
-15.261306532663315           0.9596905062251776
-15.145728643216081           0.9596904146167151
-15.030150753768844           0.959691222614071
-14.914572864321608           0.9596901682240173
-14.798994974874372           0.9596895048238191
-14.683417085427136           0.9596904089188131
-14.5678391959799             0.9596903374320185
-14.452261306532662           0.9596902976543455
-14.336683417085428           0.9596902277635092
-14.22110552763819            0.9596906238688643
-14.105527638190955           0.9596901807470636
-13.989949748743719           0.9596893455819844
-13.874371859296481           0.9596900382057114
-13.758793969849247           0.9596907369432733
-13.64321608040201            0.9596901303078477
-13.527638190954773           0.9596895231737771
-13.412060301507537           0.959690161178025
-13.296482412060302           0.9596900487186836
-13.180904522613066           0.9596902767133129
-13.065326633165828           0.9596897515409217
-12.949748743718594           0.9596901604864397
-12.834170854271356           0.9596896910600823
-12.71859296482412            0.9596903300319757
-12.603015075376884           0.9596895925986401
-12.487437185929648           0.9596901652051021
-12.371859296482413           0.9596899654001604
-12.256281407035175           0.959690225151923
-12.14070351758794            0.9596900107366054
-12.025125628140703           0.9596898835533786
-11.909547738693467           0.959689842549479
-11.793969849246231           0.9596897383826517
-11.678391959798995           0.9596899850127498
-11.56281407035176            0.9596899315113292
-11.447236180904522           0.9596902643057105
-11.331658291457286           0.9596899939457707
-11.21608040201005            0.9596899178502853
-11.100502512562814           0.9596902391271517
-10.984924623115578           0.959689980767738
-10.869346733668342           0.9596898481993466
-10.753768844221106           0.9596892412421298
-10.638190954773869           0.9596899719691732
-10.522613065326633           0.9596897690041055
-10.407035175879397           0.959689968290034
-10.291457286432161           0.9596905685651237
-10.175879396984925           0.9596898211449808
-10.06030150753769            0.9596896929784471
-9.944723618090451            0.9596898164129124
-9.829145728643216            0.9596895239902583
-9.71356783919598             0.9596902349659959
-9.597989949748744            0.9596897931083564
-9.482412060301508            0.9596897644152358
-9.366834170854272            0.959689851386496
-9.251256281407034            0.9596897677800975
-9.135678391959798            0.959689713293214
-9.020100502512562            0.9596898874631808
-8.904522613065327            0.9596893751080546
-8.78894472361809             0.9596892914017635
-8.673366834170855            0.9596907026115425
-8.557788944723619            0.9596897258422198
-8.442211055276381            0.9596906431450634
-8.326633165829145            0.9596893156671861
-8.21105527638191             0.959689493030614
-8.095477386934673            0.9596897496108481
-7.9798994974874375           0.959689666559742
-7.864321608040202            0.9596896242442332
-7.748743718592964            0.959689560324214
-7.633165829145728            0.9596896666060993
-7.517587939698492            0.9596894235031104
-7.402010050251256            0.9596898892328403
-7.28643216080402             0.9596896325002086
-7.170854271356784            0.9596895678584072
-7.055276381909547            0.9596893125061278
-6.939698492462311            0.9596895536157861
-6.824120603015075            0.959689574363571
-6.708542713567839            0.9596894378632306
-6.592964824120603            0.9596895408484587
-6.477386934673367            0.9596895067630319
-6.361809045226131            0.9596895293777594
-6.246231155778894            0.959689428957167
-6.130653266331658            0.9596895142659684
-6.015075376884422            0.9596895181476817
-5.899497487437186            0.9596895760830633
-5.78391959798995             0.9596894657946485
-5.668341708542714            0.9596894834656029
-5.5527638190954764           0.9596893397342001
-5.4371859296482405           0.9596892184324824
-5.321608040201005            0.9596893377433129
-5.206030150753769            0.9596894022285634
-5.090452261306533            0.9596894862047761
-4.974874371859297            0.9596894358830161
-4.859296482412061            0.9596896186715416
-4.743718592964823            0.9596894257410196
-4.628140703517587            0.9596895154784026
-4.5125628140703515           0.9596893659796876
-4.396984924623116            0.9596893823648551
-4.28140703517588             0.959689403560688
-4.165829145728644            0.9596893811302032
-4.050251256281406            0.9596893000400437
-3.934673366834172            0.9596893998011455
-3.8190954773869343           0.9596894137263626
-3.7035175879396967           0.9596893572934843
-3.5879396984924625           0.9596893687327757
-3.472361809045225            0.95968935552467
-3.3567839195979907           0.9596893747065374
-3.241206030150753            0.9596893246388003
-3.125628140703519            0.9596893169208848
-3.0100502512562812           0.9596893206600161
-2.8944723618090435           0.9596893452759919
-2.7788944723618094           0.9596892067684287
-2.6633165829145717           0.9596892969966538
-2.5477386934673376           0.9596893023810863
-2.4321608040201              0.9596892968291685
-2.316582914572866            0.9596892991780127
-2.201005025125628            0.9596893118763352
-2.0854271356783904           0.9596893002359482
-1.9698492462311563           0.9596892608784525
-1.8542713567839186           0.9596892011907261
-1.7386934673366845           0.9596892120957425
-1.6231155778894468           0.9596891393587181
-1.5075376884422127           0.9596891296476545
-1.391959798994975            0.9596889095860642
-1.2763819095477373           0.9596884207951055
-1.1608040201005032           0.9596871866919173
-1.0452261306532655           0.9596840853123989
-0.9296482412060314           0.959676444830284
-0.8140703517587937           0.9596577584841475
-0.698492462311556            0.9596118138518933
-0.5829145728643219           0.9595010473835944
-0.46733668341708423          0.9592366483534686
-0.3517587939698501           0.9586158658103979
-0.23618090452261245          0.9571891748095338
-0.12060301507537828          0.9539991494072898
-0.005025125628140596         0.9471086264077858
0.11055276381909708           0.9328371763891473
0.22613065326633117           0.9046869889063759
0.34170854271356893           0.8520638401587265
0.457286432160803             0.7589993384192114
0.5728643216080407            0.6030232124321224
0.6884422110552748            0.35410302322208514
0.8040201005025125            -0.02665948923517907
0.9195979899497502            -0.5889405299358949
1.0351758793969843            -1.3960030900112226
1.150753768844222             -2.52865410401729
1.266331658291456             -4.090761640245172
1.3819095477386938            -6.216897125078535
1.4974874371859315            -9.082363889227494
1.6130653266331656            -12.915728155283993
1.7286432160804033            -18.014773740219493
1.8442211055276374            -24.76746830590293
1.959798994974875             -33.679546931041465
2.075376884422109             -45.410554174709624
2.190954773869347             -60.82084601935029
2.3065326633165846            -81.03289250031844
2.4221105527638187            -107.51125062375161
2.5376884422110564            -142.16690660153247
2.6532663316582905            -187.4934215761361
2.768844221105528             -248.4941453545895
