-20.0                         1.2453000800138325
-19.884422110552762           1.2453012180940923
-19.768844221105528           1.245299934506639
-19.65326633165829            1.2452989139699178
-19.537688442211056           1.2453000720485414
-19.42211055276382            1.245299766496279
-19.306532663316585           1.2453000441972477
-19.190954773869347           1.2452984561431168
-19.07537688442211            1.2453002297584825
-18.959798994974875           1.2452998685927648
-18.844221105527637           1.2453011179315372
-18.728643216080403           1.2452996167984745
-18.613065326633166           1.245300089306483
-18.49748743718593            1.245299742799263
-18.381909547738694           1.2453022266226956
-18.266331658291456           1.2452996368650637
-18.150753768844222           1.2452997064213902
-18.035175879396984           1.2453000801913454
-17.91959798994975            1.2452996460727388
-17.804020100502512           1.2453001926761673
-17.688442211055275           1.2452997325473383
-17.57286432160804            1.2452993571163158
-17.457286432160803           1.2452994195736777
-17.34170854271357            1.245299504565823
-17.22613065326633            1.2452994848010155
-17.110552763819094           1.2452993843794966
-16.99497487437186            1.2452998704553921
-16.87939698492462            1.2452991343843918
-16.763819095477388           1.245300128757771
-16.64824120603015            1.2452993027669241
-16.532663316582916           1.2452995921361145
-16.417085427135678           1.24529939643267
-16.301507537688444           1.2452987586263533
-16.185929648241206           1.245299410843917
-16.07035175879397            1.2452997116580777
-15.954773869346734           1.245298247596665
-15.839195979899497           1.2452993313646512
-15.72361809045226            1.2452994921530225
-15.608040201005025           1.2453003209392342
-15.492462311557789           1.2452993357824382
-15.376884422110553           1.2452994144710026
-15.261306532663315           1.2452994094990708
-15.145728643216081           1.2452993552836815
-15.030150753768844           1.2453001914868331
-14.914572864321608           1.2452990614164339
-14.798994974874372           1.2452983216019997
-14.683417085427136           1.2452993537131363
-14.5678391959799             1.2452992926586632
-14.452261306532662           1.2452992531071314
-14.336683417085428           1.2452991366879165
-14.22110552763819            1.2452998008381897
-14.105527638190955           1.2452990898610468
-13.989949748743719           1.2452981471845492
-13.874371859296481           1.2452989205038687
-13.758793969849247           1.2452995741653905
-13.64321608040201            1.2452990262449308
-13.527638190954773           1.245298268502709
-13.412060301507537           1.245299083631056
-13.296482412060302           1.245298770437373
-13.180904522613066           1.245299254691435
-13.065326633165828           1.2452987300171572
-12.949748743718594           1.2452990409381761
-12.834170854271356           1.2452985776439642
-12.71859296482412            1.2452992506105942
-12.603015075376884           1.245298524922172
-12.487437185929648           1.2452990768177945
-12.371859296482413           1.245298805085729
-12.256281407035175           1.2452991584773396
-12.14070351758794            1.2452989328642792
-12.025125628140703           1.245298633037088
-11.909547738693467           1.245298738024857
-11.793969849246231           1.2452987105015423
-11.678391959798995           1.245298921277171
-11.56281407035176            1.2452988444025268
-11.447236180904522           1.2452992537090162
-11.331658291457286           1.245298904032717
-11.21608040201005            1.245298827720702
-11.100502512562814           1.2452990967349822
-10.984924623115578           1.2452988937077958
-10.869346733668342           1.2452987639101774
-10.753768844221106           1.2452980603266264
-10.638190954773869           1.2452989332160478
-10.522613065326633           1.2452986626122673
-10.407035175879397           1.2452988973412276
-10.291457286432161           1.2452996792713185
-10.175879396984925           1.245298727088929
-10.06030150753769            1.2452985923382431
-9.944723618090451            1.2452987555515196
-9.829145728643216            1.2452983194053668
-9.71356783919598             1.2452992542822783
-9.597989949748744            1.2452987346814193
-9.482412060301508            1.2452986904809924
-9.366834170854272            1.245298801889256
-9.251256281407034            1.245298696429471
-9.135678391959798            1.2452986179403636
-9.020100502512562            1.2452987931767183
-8.904522613065327            1.2452982016857852
-8.78894472361809             1.2452981322438188
-8.673366834170855            1.245299775362823
-8.557788944723619            1.2452986705786924
-8.442211055276381            1.2452997100555865
-8.326633165829145            1.2452981628527633
-8.21105527638191             1.2452983169918443
-8.095477386934673            1.2452987394542376
-7.9798994974874375           1.245298591740397
-7.864321608040202            1.2452985505501672
-7.748743718592964            1.2452984671216403
-7.633165829145728            1.2452986091685083
-7.517587939698492            1.245298333239529
-7.402010050251256            1.2452988773535751
-7.28643216080402             1.245298555415959
-7.170854271356784            1.2452984856157916
-7.055276381909547            1.2452982205862158
-6.939698492462311            1.2452984840351664
-6.824120603015075            1.245298497404123
-6.708542713567839            1.2452983110081999
-6.592964824120603            1.2452984800788156
-6.477386934673367            1.2452984832627467
-6.361809045226131            1.245298473288656
-6.246231155778894            1.245298351112389
-6.130653266331658            1.2452984293360287
-6.015075376884422            1.245298423970189
-5.899497487437186            1.2452984828848712
-5.78391959798995             1.2452983763600076
-5.668341708542714            1.245298405959018
-5.5527638190954764           1.2452982496795781
-5.4371859296482405           1.2452981006853547
-5.321608040201005            1.2452982313008274
-5.206030150753769            1.245298336131466
-5.090452261306533            1.2452984478122004
-4.974874371859297            1.24529831442617
-4.859296482412061            1.2452985396005105
-4.743718592964823            1.2452983402576814
-4.628140703517587            1.2452984552205946
-4.5125628140703515           1.2452982973802513
-4.396984924623116            1.2452982993444859
-4.28140703517588             1.2452983237251705
-4.165829145728644            1.2452983054981686
-4.050251256281406            1.2452981846743312
-3.934673366834172            1.2452983278189689
-3.8190954773869343           1.2452983483150015
-3.7035175879396967           1.2452982816753297
-3.5879396984924625           1.2452983024133977
-3.472361809045225            1.2452982875121248
-3.3567839195979907           1.2452983035722296
-3.241206030150753            1.245298261222851
-3.125628140703519            1.2452982390635459
-3.0100502512562812           1.2452982408753028
-2.8944723618090435           1.2452982974853566
-2.7788944723618094           1.2452981169774273
-2.6633165829145717           1.2452982388105853
-2.5477386934673376           1.2452982282478149
-2.4321608040201              1.2452982209275003
-2.316582914572866            1.2452982269739385
-2.201005025125628            1.2452982395867622
-2.0854271356783904           1.245298226359624
-1.9698492462311563           1.2452981864839134
-1.8542713567839186           1.2452981249212294
-1.7386934673366845           1.2452981509300416
-1.6231155778894468           1.2452981008732515
-1.5075376884422127           1.2452981761152928
-1.391959798994975            1.2452981249235913
-1.2763819095477373           1.2452980928261648
-1.1608040201005032           1.2452979550567302
-1.0452261306532655           1.245297513385476
-0.9296482412060314           1.2452962745074285
-0.8140703517587937           1.2452929322663329
-0.698492462311556            1.2452831008417347
-0.5829145728643219           1.2452561777337277
-0.46733668341708423          1.2451823929121366
-0.3517587939698501           1.2449836293915015
-0.23618090452261245          1.2444599958492
-0.12060301507537828          1.24312012444069
-0.005025125628140596         1.2398188747916141
0.11055276381909708           1.2320626321017318
0.22613065326633117           1.2148572935099158
0.34170854271356893           1.1791223665637596
0.457286432160803             1.109954249163543
0.5728643216080407            0.9851473974771221
0.6884422110552748            0.7741185368091406
0.8040201005025125            0.4368913146755018
0.9195979899497502            -0.0774483756158754
1.0351758793969843            -0.833296790052413
1.150753768844222             -1.9123629533222932
1.266331658291456             -3.4191570645612916
1.3819095477386938            -5.488684435432898
1.4974874371859315            -8.296572443295112
1.6130653266331656            -12.071655297440325
1.7286432160804033            -17.111924762464607
1.8442211055276374            -23.805494330829625
1.959798994974875             -32.6581979401578
2.075376884422109             -44.329648163705485
2.190954773869347             -59.6802488691445
2.3065326633165846            -79.83250445695026
2.4221105527638187            -106.25099696659096
2.5376884422110564            -140.84673105859846
2.6532663316582905            -186.11328159535975
2.768844221105528             -247.0543463596146
