-20.0                         1.8054133826389853
-19.884422110552762           1.8054149364488445
-19.768844221105528           1.8054132173925566
-19.65326633165829            1.805412243190355
-19.537688442211056           1.8054137272843034
-19.42211055276382            1.805413063718151
-19.306532663316585           1.8054131511200675
-19.190954773869347           1.8054113965302232
-19.07537688442211            1.8054137396611534
-18.959798994974875           1.8054133262713954
-18.844221105527637           1.8054143302575085
-18.728643216080403           1.8054127490114034
-18.613065326633166           1.8054137710731695
-18.49748743718593            1.805413040528515
-18.381909547738694           1.8054160204312149
-18.266331658291456           1.8054130587669106
-18.150753768844222           1.8054131088035419
-18.035175879396984           1.8054141928058063
-17.91959798994975            1.8054129529216614
-17.804020100502512           1.8054137252244655
-17.688442211055275           1.805412715909791
-17.57286432160804            1.8054128972284094
-17.457286432160803           1.8054128472985127
-17.34170854271357            1.8054126782188815
-17.22613065326633            1.805412433988358
-17.110552763819094           1.8054128579341666
-16.99497487437186            1.8054133113387625
-16.87939698492462            1.8054121269156234
-16.763819095477388           1.805413788200596
-16.64824120603015            1.805412538470378
-16.532663316582916           1.805413460267072
-16.417085427135678           1.8054127751267985
-16.301507537688444           1.805412064284517
-16.185929648241206           1.8054128453697103
-16.07035175879397            1.8054131742025297
-15.954773869346734           1.8054113472512414
-15.839195979899497           1.8054127585972826
-15.72361809045226            1.8054131166195178
-15.608040201005025           1.8054143157840419
-15.492462311557789           1.8054128091361836
-15.376884422110553           1.8054133686768168
-15.261306532663315           1.8054128421273943
-15.145728643216081           1.8054128502573192
-15.030150753768844           1.8054135491912233
-14.914572864321608           1.8054124840230859
-14.798994974874372           1.8054116912899023
-14.683417085427136           1.8054128713811075
-14.5678391959799             1.8054128835650094
-14.452261306532662           1.805412856429416
-14.336683417085428           1.8054125921799424
-14.22110552763819            1.8054137351813602
-14.105527638190955           1.8054125713443143
-13.989949748743719           1.8054114210288887
-13.874371859296481           1.8054123214322124
-13.758793969849247           1.8054128484635266
-13.64321608040201            1.8054124772670934
-13.527638190954773           1.8054114777416936
-13.412060301507537           1.8054125774835086
-13.296482412060302           1.805411860474771
-13.180904522613066           1.8054128131471694
-13.065326633165828           1.8054123822967367
-12.949748743718594           1.805412423506985
-12.834170854271356           1.805411997840854
-12.71859296482412            1.8054126985457701
-12.603015075376884           1.8054120888677716
-12.487437185929648           1.8054125057331676
-12.371859296482413           1.805412171109694
-12.256281407035175           1.8054125905172036
-12.14070351758794            1.805412412333396
-12.025125628140703           1.8054117814356199
-11.909547738693467           1.8054121626779451
-11.793969849246231           1.8054123943292137
-11.678391959798995           1.8054124232911386
-11.56281407035176            1.8054123018522137
-11.447236180904522           1.8054128460982166
-11.331658291457286           1.8054123441258179
-11.21608040201005            1.8054122891401096
-11.100502512562814           1.805412422691843
-10.984924623115578           1.8054123366789678
-10.869346733668342           1.8054122271130155
-10.753768844221106           1.805411356401767
-10.638190954773869           1.805412463339336
-10.522613065326633           1.805412089950091
-10.407035175879397           1.8054123086209988
-10.291457286432161           1.8054134448418295
-10.175879396984925           1.8054121723526055
-10.06030150753769            1.8054120225144972
-9.944723618090451            1.8054122855564305
-9.829145728643216            1.8054115772137866
-9.71356783919598             1.8054128069255682
-9.597989949748744            1.8054122397170689
-9.482412060301508            1.8054121785089012
-9.366834170854272            1.8054123072134116
-9.251256281407034            1.8054121846122562
-9.135678391959798            1.8054120844517618
-9.020100502512562            1.8054121537510455
-8.904522613065327            1.8054115264241328
-8.78894472361809             1.8054114609325216
-8.673366834170855            1.8054135023774498
-8.557788944723619            1.8054121840410244
-8.442211055276381            1.805413427051217
-8.326633165829145            1.805411501314404
-8.21105527638191             1.8054116157266158
-8.095477386934673            1.8054123107818967
-7.9798994974874375           1.805412042904268
-7.864321608040202            1.8054120265157372
-7.748743718592964            1.8054119086462295
-7.633165829145728            1.8054121085360708
-7.517587939698492            1.8054118392326666
-7.402010050251256            1.805412403698976
-7.28643216080402             1.8054120196274817
-7.170854271356784            1.8054119485561138
-7.055276381909547            1.8054116945895182
-6.939698492462311            1.8054119708266716
-6.824120603015075            1.805411963178926
-6.708542713567839            1.8054116900059254
-6.592964824120603            1.8054119864791176
-6.477386934673367            1.8054120766408221
-6.361809045226131            1.8054119912800375
-6.246231155778894            1.8054118239934338
-6.130653266331658            1.805411876710377
-6.015075376884422            1.8054118373034704
-5.899497487437186            1.8054118806221728
-5.78391959798995             1.8054118260732772
-5.668341708542714            1.8054118744093302
-5.5527638190954764           1.8054117347298777
-5.4371859296482405           1.8054115016315835
-5.321608040201005            1.8054116791015575
-5.206030150753769            1.8054118573855753
-5.090452261306533            1.8054119804493687
-4.974874371859297            1.805411693997174
-4.859296482412061            1.8054119881019153
-4.743718592964823            1.8054117911507603
-4.628140703517587            1.8054119541520235
-4.5125628140703515           1.8054118090085634
-4.396984924623116            1.8054117651628214
-4.28140703517588             1.805411786588574
-4.165829145728644            1.8054117843957391
-4.050251256281406            1.8054115893725033
-3.934673366834172            1.8054118022421037
-3.8190954773869343           1.8054118354813986
-3.7035175879396967           1.8054117523071855
-3.5879396984924625           1.8054117901211568
-3.472361809045225            1.8054117745373348
-3.3567839195979907           1.8054117676094366
-3.241206030150753            1.8054117741317308
-3.125628140703519            1.8054117090135748
-3.0100502512562812           1.8054117064901682
-2.8944723618090435           1.8054118295508754
-2.7788944723618094           1.8054115665875194
-2.6633165829145717           1.8054117524980666
-2.5477386934673376           1.805411702769733
-2.4321608040201              1.8054116887974672
-2.316582914572866            1.805411704394014
-2.201005025125628            1.8054117061000454
-2.0854271356783904           1.8054116934832407
-1.9698492462311563           1.805411657522119
-1.8542713567839186           1.8054115891729117
-1.7386934673366845           1.805411626562029
-1.6231155778894468           1.8054115561357067
-1.5075376884422127           1.805411657716531
-1.391959798994975            1.805411603100326
-1.2763819095477373           1.8054116374386684
-1.1608040201005032           1.8054116515724619
-1.0452261306532655           1.8054116354581502
-0.9296482412060314           1.8054115534508561
-0.8140703517587937           1.8054115598811837
-0.698492462311556            1.8054108295323534
-0.5829145728643219           1.8054087930131868
-0.46733668341708423          1.8054017122375254
-0.3517587939698501           1.8053775685610238
-0.23618090452261245          1.8052970875306213
-0.12060301507537828          1.805036636429422
-0.005025125628140596         1.8042275259857872
0.11055276381909708           1.8018429673314087
0.22613065326633117           1.7952722247834794
0.34170854271356893           1.7785915184571681
0.457286432160803             1.7400402079517698
0.5728643216080407            1.6593614905118441
0.6884422110552748            1.5059810168444936
0.8040201005025125            1.238235376727913
0.9195979899497502            0.802715998593703
1.0351758793969843            0.13255392845164898
1.150753768844222             -0.8559671346999421
1.266331658291456             -2.268778380545838
1.3819095477386938            -4.241819817732767
1.4974874371859315            -6.951385410187764
1.6130653266331656            -10.626840567223795
1.7286432160804033            -15.566579307692722
1.8442211055276374            -22.15899096219497
1.959798994974875             -30.91009250863314
2.075376884422109             -42.47962023087501
2.190954773869347             -57.728063893550804
2.3065326633165846            -77.77798888281838
2.4221105527638187            -104.09402129566581
2.5376884422110564            -138.58719805356884
2.6532663316582905            -183.7511178920978
2.768844221105528             -244.5900750028307
