-20.0                         1.7086706202040292
-19.884422110552762           1.7086720991784041
-19.768844221105528           1.7086704548854132
-19.65326633165829            1.7086694673907288
-19.537688442211056           1.7086708919538733
-19.42211055276382            1.7086702944562886
-19.306532663316585           1.708670424169965
-19.190954773869347           1.7086686794102877
-19.07537688442211            1.7086709381619476
-18.959798994974875           1.7086705317062105
-18.844221105527637           1.7086715985084384
-18.728643216080403           1.7086700057845892
-18.613065326633166           1.7086709362530763
-18.49748743718593            1.7086702734855848
-18.381909547738694           1.7086731864193527
-18.266331658291456           1.708670268766785
-18.150753768844222           1.7086703229135047
-18.035175879396984           1.7086712791333736
-17.91959798994975            1.708670185482794
-17.804020100502512           1.7086709247838228
-17.688442211055275           1.7086700097690755
-17.57286432160804            1.7086700702113837
-17.457286432160803           1.7086700570727935
-17.34170854271357            1.7086699306955668
-17.22613065326633            1.7086697280023433
-17.110552763819094           1.7086700580521061
-16.99497487437186            1.708670532731428
-16.87939698492462            1.7086694065536676
-16.763819095477388           1.7086709626397256
-16.64824120603015            1.7086697727112012
-16.532663316582916           1.708670587125097
-16.417085427135678           1.7086699937103393
-16.301507537688444           1.7086692797702518
-16.185929648241206           1.7086700476525092
-16.07035175879397            1.7086703839238078
-15.954773869346734           1.7086686111265308
-15.839195979899497           1.708669968236358
-15.72361809045226            1.7086702883984548
-15.608040201005025           1.7086714402268885
-15.492462311557789           1.7086700115329008
-15.376884422110553           1.7086704819595622
-15.261306532663315           1.7086700501867094
-15.145728643216081           1.7086700508385089
-15.030150753768844           1.7086707866581716
-14.914572864321608           1.7086696947491982
-14.798994974874372           1.7086689038005392
-14.683417085427136           1.7086700653641107
-14.5678391959799             1.7086700631130667
-14.452261306532662           1.708670032555985
-14.336683417085428           1.708669796688565
-14.22110552763819            1.708670864260463
-14.105527638190955           1.7086697696209387
-13.989949748743719           1.708668655324252
-13.874371859296481           1.7086695359151307
-13.758793969849247           1.7086700869039584
-13.64321608040201            1.7086696808118838
-13.527638190954773           1.7086687192280723
-13.412060301507537           1.7086697748055277
-13.296482412060302           1.7086691267984984
-13.180904522613066           1.708670003967884
-13.065326633165828           1.7086695485932804
-12.949748743718594           1.7086696417565839
-12.834170854271356           1.7086692082390953
-12.71859296482412            1.708669906689509
-12.603015075376884           1.7086692702561381
-12.487437185929648           1.70866971699474
-12.371859296482413           1.7086693849285428
-12.256281407035175           1.708669805069734
-12.14070351758794            1.7086696132205845
-12.025125628140703           1.7086690376803688
-11.909547738693467           1.708669373210328
-11.793969849246231           1.7086695520712183
-11.678391959798995           1.708669621599943
-11.56281407035176            1.708669506541809
-11.447236180904522           1.708670028741838
-11.331658291457286           1.7086695528174634
-11.21608040201005            1.7086694917200678
-11.100502512562814           1.7086696515959556
-10.984924623115578           1.7086695450777116
-10.869346733668342           1.7086694312422814
-10.753768844221106           1.7086685876742287
-10.638190954773869           1.7086696589039048
-10.522613065326633           1.7086692994176964
-10.407035175879397           1.7086695280034623
-10.291457286432161           1.70867060346248
-10.175879396984925           1.7086693784268592
-10.06030150753769            1.7086692322321837
-9.944723618090451            1.7086694763285968
-9.829145728643216            1.7086688138058292
-9.71356783919598             1.7086700049174093
-9.597989949748744            1.7086694380279268
-9.482412060301508            1.7086693779727635
-9.366834170854272            1.7086695060846855
-9.251256281407034            1.708669384184513
-9.135678391959798            1.7086692848731095
-9.020100502512562            1.7086693812593974
-8.904522613065327            1.708668751328062
-8.78894472361809             1.7086686872501589
-8.673366834170855            1.708670663709528
-8.557788944723619            1.70866937974382
-8.442211055276381            1.7086705900181962
-8.326633165829145            1.708668726123662
-8.21105527638191             1.708668846381913
-8.095477386934673            1.7086695005560313
-7.9798994974874375           1.7086692515312893
-7.864321608040202            1.7086692290700942
-7.748743718592964            1.7086691166186094
-7.633165829145728            1.708669307932338
-7.517587939698492            1.7086690313636426
-7.402010050251256            1.708669603285417
-7.28643216080402             1.7086692241650443
-7.170854271356784            1.708669152828866
-7.055276381909547            1.7086688946932633
-6.939698492462311            1.7086691715302227
-6.824120603015075            1.7086691675856602
-6.708542713567839            1.7086689085063327
-6.592964824120603            1.7086691831220435
-6.477386934673367            1.7086692572759286
-6.361809045226131            1.7086691859721317
-6.246231155778894            1.7086690264622333
-6.130653266331658            1.7086690842687122
-6.015075376884422            1.7086690516580343
-5.899497487437186            1.7086690990313815
-5.78391959798995             1.7086690323562421
-5.668341708542714            1.7086690781696574
-5.5527638190954764           1.70866893211796
-5.4371859296482405           1.7086687160927438
-5.321608040201005            1.708668883076816
-5.206030150753769            1.7086690497046975
-5.090452261306533            1.7086691748740446
-4.974874371859297            1.7086689127075272
-4.859296482412061            1.7086691961493972
-4.743718592964823            1.7086689974045601
-4.628140703517587            1.7086691527010265
-4.5125628140703515           1.7086690033017322
-4.396984924623116            1.7086689680823481
-4.28140703517588             1.708668990936978
-4.165829145728644            1.7086689856599309
-4.050251256281406            1.7086688030128474
-3.934673366834172            1.7086690051138582
-3.8190954773869343           1.7086690362624766
-3.7035175879396967           1.708668955690569
-3.5879396984924625           1.7086689908267154
-3.472361809045225            1.7086689750192228
-3.3567839195979907           1.7086689734810763
-3.241206030150753            1.7086689690153614
-3.125628140703519            1.708668912143915
-3.0100502512562812           1.7086689102699053
-2.8944723618090435           1.7086690217977483
-2.7788944723618094           1.708668773069667
-2.6633165829145717           1.708668947737074
-2.5477386934673376           1.708668905435443
-2.4321608040201              1.7086688928844547
-2.316582914572866            1.708668906635315
-2.201005025125628            1.7086689110363353
-2.0854271356783904           1.7086688978015487
-1.9698492462311563           1.7086688604938043
-1.8542713567839186           1.7086687929148758
-1.7386934673366845           1.7086688280567628
-1.6231155778894468           1.708668762285968
-1.5075376884422127           1.7086688604991336
-1.391959798994975            1.708668808919678
-1.2763819095477373           1.7086688403930423
-1.1608040201005032           1.708668851106605
-1.0452261306532655           1.7086688235927692
-0.9296482412060314           1.708668712349508
-0.8140703517587937           1.7086686019431816
-0.698492462311556            1.7086675261253046
-0.5829145728643219           1.708664386352676
-0.46733668341708423          1.708653885744469
-0.3517587939698501           1.7086194269293267
-0.23618090452261245          1.7085088827531931
-0.12060301507537828          1.7081646516950755
-0.005025125628140596         1.7071352188020072
0.11055276381909708           1.7042130806572304
0.22613065326633117           1.6964483970195192
0.34170854271356893           1.6773986672655956
0.457286432160803             1.634702615286715
0.5728643216080407            1.5476445236723733
0.6884422110552748            1.385532782588214
0.8040201005025125            1.1069384533145896
0.9195979899497502            0.6588819684934425
1.0351758793969843            -0.02505588536275985
1.150753768844222             -1.0282205256534942
1.266331658291456             -2.45628057257387
1.3819095477386938            -4.445005265346576
1.4974874371859315            -7.170569378722086
1.6130653266331656            -10.862245040433546
1.7286432160804033            -15.818356473657532
1.8442211055276374            -22.427245681746108
1.959798994974875             -31.194898576957954
2.075376884422109             -42.781030638172915
2.190954773869347             -58.04611728771576
2.3065326633165846            -78.11271378555499
2.4221105527638187            -104.44543894487948
2.5376884422110564            -138.95532437149888
2.6532663316582905            -184.13596487757928
2.768844221105528             -244.991557414891
