-20.0                         0.47302259629290083
-19.884422110552762           0.4730232345588235
-19.768844221105528           0.47302252981530823
-19.65326633165829            0.47302174781361594
-19.537688442211056           0.47302248966776156
-19.42211055276382            0.47302252595582195
-19.306532663316585           0.47302263905343894
-19.190954773869347           0.4730220442139652
-19.07537688442211            0.4730225541176702
-18.959798994974875           0.47302239513448635
-18.844221105527637           0.4730231472766176
-18.728643216080403           0.4730224339747717
-18.613065326633166           0.4730223284626167
-18.49748743718593            0.47302235051474156
-18.381909547738694           0.4730235674149289
-18.266331658291456           0.4730222141067964
-18.150753768844222           0.4730222942797869
-18.035175879396984           0.4730219146415754
-17.91959798994975            0.4730222331854376
-17.804020100502512           0.47302238756754106
-17.688442211055275           0.47302245930085385
-17.57286432160804            0.4730221456619958
-17.457286432160803           0.4730219952041472
-17.34170854271357            0.4730222239856964
-17.22613065326633            0.4730223861719413
-17.110552763819094           0.4730219530765968
-16.99497487437186            0.4730221454477304
-16.87939698492462            0.4730222028042716
-16.763819095477388           0.4730222506487906
-16.64824120603015            0.4730221279159706
-16.532663316582916           0.4730219133753362
-16.417085427135678           0.47302201867770627
-16.301507537688444           0.4730218436780663
-16.185929648241206           0.4730219856613668
-16.07035175879397            0.473022072212063
-15.954773869346734           0.4730213924156532
-15.839195979899497           0.4730218865169639
-15.72361809045226            0.4730219024644171
-15.608040201005025           0.4730219394124903
-15.492462311557789           0.47302182352816
-15.376884422110553           0.47302158494071533
-15.261306532663315           0.4730219068584472
-15.145728643216081           0.4730217968902356
-15.030150753768844           0.47302228654779177
-14.914572864321608           0.4730216406060252
-14.798994974874372           0.4730212480236955
-14.683417085427136           0.47302177181483845
-14.5678391959799             0.4730217557622509
-14.452261306532662           0.4730217211834128
-14.336683417085428           0.4730216628967655
-14.22110552763819            0.47302164732182045
-14.105527638190955           0.47302164721687984
-13.989949748743719           0.47302103309690474
-13.874371859296481           0.473021528416193
-13.758793969849247           0.47302220367044817
-13.64321608040201            0.4730216043127482
-13.527638190954773           0.4730213388205676
-13.412060301507537           0.47302159038476316
-13.296482412060302           0.47302175035150584
-13.180904522613066           0.47302159355926837
-13.065326633165828           0.47302116860345256
-12.949748743718594           0.47302161228353906
-12.834170854271356           0.4730211943535998
-12.71859296482412            0.473021698688072
-12.603015075376884           0.4730210923391687
-12.487437185929648           0.47302155111437905
-12.371859296482413           0.4730214990227717
-12.256281407035175           0.4730215631549244
-12.14070351758794            0.4730214236892857
-12.025125628140703           0.47302155455834866
-11.909547738693467           0.4730213063710594
-11.793969849246231           0.4730212072519002
-11.678391959798995           0.47302138450948916
-11.56281407035176            0.47302135836744424
-11.447236180904522           0.4730215343400343
-11.331658291457286           0.47302140416623295
-11.21608040201005            0.47302134660354844
-11.100502512562814           0.4730217022032734
-10.984924623115578           0.47302138158572316
-10.869346733668342           0.47302127264568167
-10.753768844221106           0.47302087547204347
-10.638190954773869           0.4730213175084745
-10.522613065326633           0.47302123857842177
-10.407035175879397           0.47302130722532315
-10.291457286432161           0.4730215730314032
-10.175879396984925           0.47302124549306146
-10.06030150753769            0.47302114609766366
-9.944723618090451            0.4730212133829392
-9.829145728643216            0.47302117142523675
-9.71356783919598             0.4730213729232101
-9.597989949748744            0.47302117669289795
-9.482412060301508            0.4730211763367456
-9.366834170854272            0.4730211916180021
-9.251256281407034            0.47302116247764725
-9.135678391959798            0.4730211520979558
-9.020100502512562            0.47302122750716996
-8.904522613065327            0.47302099324205926
-8.78894472361809             0.47302086874587135
-8.673366834170855            0.47302177360608694
-8.557788944723619            0.47302108978726337
-8.442211055276381            0.47302172699542305
-8.326633165829145            0.473020876913166
-8.21105527638191             0.4730210713953375
-8.095477386934673            0.47302104745668055
-7.9798994974874375           0.47302105063697697
-7.864321608040202            0.4730210247477322
-7.748743718592964            0.4730209943528997
-7.633165829145728            0.47302103243545773
-7.517587939698492            0.473020914166448
-7.402010050251256            0.47302111264793356
-7.28643216080402             0.4730210232327307
-7.170854271356784            0.4730209809663762
-7.055276381909547            0.47302078896455857
-6.939698492462311            0.47302095130795424
-6.824120603015075            0.4730209690186296
-6.708542713567839            0.473020933512688
-6.592964824120603            0.4730209199972922
-6.477386934673367            0.4730208438212086
-6.361809045226131            0.47302090777546435
-6.246231155778894            0.473020839080807
-6.130653266331658            0.47302091594485746
-6.015075376884422            0.4730209173945939
-5.899497487437186            0.4730209498150812
-5.78391959798995             0.473020885673525
-5.668341708542714            0.4730208854639315
-5.5527638190954764           0.47302080480948594
-5.4371859296482405           0.4730207086937056
-5.321608040201005            0.4730208167050115
-5.206030150753769            0.4730208168248629
-5.090452261306533            0.473020830318625
-4.974874371859297            0.47302089033327444
-4.859296482412061            0.47302098641541857
-4.743718592964823            0.47302082868746104
-4.628140703517587            0.4730208793193145
-4.5125628140703515           0.4730207791489936
-4.396984924623116            0.4730207912840012
-4.28140703517588             0.4730208007077911
-4.165829145728644            0.47302078272276693
-4.050251256281406            0.4730207712924729
-3.934673366834172            0.4730207849916353
-3.8190954773869343           0.4730207876776254
-3.7035175879396967           0.4730207543727353
-3.5879396984924625           0.47302075223009477
-3.472361809045225            0.47302074158542773
-3.3567839195979907           0.47302075220847656
-3.241206030150753            0.47302072025287134
-3.125628140703519            0.4730207144589485
-3.0100502512562812           0.47302071334265255
-2.8944723618090435           0.47302068430299926
-2.7788944723618094           0.4730206024910248
-2.6633165829145717           0.47302060957649955
-2.5477386934673376           0.4730205760429268
-2.4321608040201              0.4730204658737338
-2.316582914572866            0.47302026734028574
-2.201005025125628            0.47301990673970457
-2.0854271356783904           0.473019222432349
-1.9698492462311563           0.4730179344350907
-1.8542713567839186           0.4730155562729735
-1.7386934673366845           0.4730112291224382
-1.6231155778894468           0.4730031445126273
-1.5075376884422127           0.4729883014296471
-1.391959798994975            0.4729608112679755
-1.2763819095477373           0.4729101543010636
-1.1608040201005032           0.47281708060434957
-1.0452261306532655           0.4726465872079754
-0.9296482412060314           0.47233562790176187
-0.8140703517587937           0.47177139024346226
-0.698492462311556            0.47075402840528396
-0.5829145728643219           0.4689350582419735
-0.46733668341708423          0.46571553706799973
-0.3517587939698501           0.4600879622387093
-0.23618090452261245          0.45039882695975964
-0.12060301507537828          0.43401205395066034
-0.005025125628140596         0.4068600365761864
0.11055276381909708           0.3628817477889799
0.22613065326633117           0.2933572008228576
0.34170854271356893           0.1861452396275179
0.457286432160803             0.024805849512271397
0.5728643216080407            -0.2124526579340429
0.6884422110552748            -0.5541058123378576
0.8040201005025125            -1.0370609601735923
0.9195979899497502            -1.708975287267252
1.0351758793969843            -2.6313260698744916
1.150753768844222             -3.8834964805240504
1.266331658291456             -5.5683235468575
1.3819095477386938            -7.8196547166475545
1.4974874371859315            -10.812220159704058
1.6130653266331656            -14.774090346708647
1.7286432160804033            -20.00265283229072
1.8442211055276374            -26.885589829960725
1.959798994974875             -35.92843799204633
2.075376884422109             -47.79060248601188
2.190954773869347             -63.3323395403856
2.3065326633165846            -83.67604668906718
2.4221105527638187            -110.28622760379622
2.5376884422110564            -145.07382889164475
2.6532663316582905            -190.53238206865183
2.768844221105528             -251.66447198775532
