-20.0                         0.3665819242019782
-19.884422110552762           0.36658246317227233
-19.768844221105528           0.3665818685470875
-19.65326633165829            0.3665811895964503
-19.537688442211056           0.36658183537606975
-19.42211055276382            0.36658189808982367
-19.306532663316585           0.36658193365472325
-19.190954773869347           0.36658159933924833
-19.07537688442211            0.3665818539956857
-18.959798994974875           0.3665817470310378
-18.844221105527637           0.3665822685749414
-18.728643216080403           0.3665817710891889
-18.613065326633166           0.3665816431582835
-18.49748743718593            0.36658168899187576
-18.381909547738694           0.36658259124334325
-18.266331658291456           0.3665815720544368
-18.150753768844222           0.36658164630636936
-18.035175879396984           0.3665812209771616
-17.91959798994975            0.3665815718033275
-17.804020100502512           0.36658166186278324
-17.688442211055275           0.36658174050328185
-17.57286432160804            0.36658154129671044
-17.457286432160803           0.3665813590404714
-17.34170854271357            0.3665815497181492
-17.22613065326633            0.36658169340357777
-17.110552763819094           0.36658132674957283
-16.99497487437186            0.36658145290747246
-16.87939698492462            0.36658156249493956
-16.763819095477388           0.3665815226011818
-16.64824120603015            0.366581474122843
-16.532663316582916           0.3665812920495107
-16.417085427135678           0.3665813799713389
-16.301507537688444           0.36658129040653026
-16.185929648241206           0.3665813244429823
-16.07035175879397            0.36658138291346454
-15.954773869346734           0.36658087388516064
-15.839195979899497           0.36658123840732537
-15.72361809045226            0.36658124378960566
-15.608040201005025           0.36658118105050524
-15.492462311557789           0.3665811662916691
-15.376884422110553           0.3665809644713377
-15.261306532663315           0.36658123191603786
-15.145728643216081           0.3665811365501883
-15.030150753768844           0.36658147554060166
-14.914572864321608           0.3665810037980648
-14.798994974874372           0.36658072397631375
-14.683417085427136           0.36658110114965
-14.5678391959799             0.3665811068240661
-14.452261306532662           0.3665810745227251
-14.336683417085428           0.3665810112448255
-14.22110552763819            0.3665809362441928
-14.105527638190955           0.3665810081237692
-13.989949748743719           0.36658047414985423
-13.874371859296481           0.36658089508856745
-13.758793969849247           0.36658150884878676
-13.64321608040201            0.36658096122297446
-13.527638190954773           0.36658080274305543
-13.412060301507537           0.36658093882542025
-13.296482412060302           0.36658112230174994
-13.180904522613066           0.3665809187924438
-13.065326633165828           0.36658055404874507
-12.949748743718594           0.3665809495279428
-12.834170854271356           0.3665805743350676
-12.71859296482412            0.36658101136935517
-12.603015075376884           0.36658049798515246
-12.487437185929648           0.3665808746120176
-12.371859296482413           0.36658084988828193
-12.256281407035175           0.3665808791041444
-12.14070351758794            0.36658076571134307
-12.025125628140703           0.36658092799931186
-11.909547738693467           0.36658066528490874
-11.793969849246231           0.3665806022549252
-11.678391959798995           0.3665807267558006
-11.56281407035176            0.36658070496286665
-11.447236180904522           0.36658083242017847
-11.331658291457286           0.3665807370531246
-11.21608040201005            0.36658069000322613
-11.100502512562814           0.36658102352633914
-10.984924623115578           0.36658071060966446
-10.869346733668342           0.3665806183127831
-10.753768844221106           0.3665802925352445
-10.638190954773869           0.36658064539887375
-10.522613065326633           0.36658059639206075
-10.407035175879397           0.3665806255038156
-10.291457286432161           0.36658079658668347
-10.175879396984925           0.3665805849135352
-10.06030150753769            0.36658050052962204
-9.944723618090451            0.36658055265891754
-9.829145728643216            0.36658056497414926
-9.71356783919598             0.3665806313631159
-9.597989949748744            0.36658051419642346
-9.482412060301508            0.36658051869259345
-9.366834170854272            0.3665805134802501
-9.251256281407034            0.3665804976032176
-9.135678391959798            0.36658049340389226
-9.020100502512562            0.36658053072796193
-8.904522613065327            0.36658039369954815
-8.78894472361809             0.36658026285101025
-8.673366834170855            0.3665809978039533
-8.557788944723619            0.36658041817241716
-8.442211055276381            0.36658095557851145
-8.326633165829145            0.3665802646568615
-8.21105527638191             0.3665804432031802
-8.095477386934673            0.36658037213870753
-7.9798994974874375           0.3665803832341855
-7.864321608040202            0.36658036359937846
-7.748743718592964            0.3665803411859581
-7.633165829145728            0.36658036130356914
-7.517587939698492            0.36658028669489295
-7.402010050251256            0.36658039655682173
-7.28643216080402             0.3665803539844476
-7.170854271356784            0.36658032069466273
-7.055276381909547            0.3665801628098814
-6.939698492462311            0.3665802899712764
-6.824120603015075            0.3665803019361284
-6.708542713567839            0.36658029495671735
-6.592964824120603            0.3665802541610708
-6.477386934673367            0.3665801770784403
-6.361809045226131            0.3665802440224123
-6.246231155778894            0.3665801818342232
-6.130653266331658            0.3665802491418257
-6.015075376884422            0.3665802474671403
-5.899497487437186            0.3665802669013303
-5.78391959798995             0.3665802243462451
-5.668341708542714            0.3665802218142168
-5.5527638190954764           0.366580165157667
-5.4371859296482405           0.3665800753633223
-5.321608040201005            0.36658017428679923
-5.206030150753769            0.3665801626763235
-5.090452261306533            0.36658016071532495
-4.974874371859297            0.36658022711810884
-4.859296482412061            0.3665802988399072
-4.743718592964823            0.3665801620885566
-4.628140703517587            0.36658020325395363
-4.5125628140703515           0.3665801232485385
-4.396984924623116            0.3665801278684371
-4.28140703517588             0.36658013305228887
-4.165829145728644            0.366580117912966
-4.050251256281406            0.36658012051605793
-3.934673366834172            0.3665801127208001
-3.8190954773869343           0.36658010995969265
-3.7035175879396967           0.3665800801993746
-3.5879396984924625           0.3665800691949022
-3.472361809045225            0.3665800476304971
-3.3567839195979907           0.36658003526175914
-3.241206030150753            0.36657998093224575
-3.125628140703519            0.3665799182313129
-3.0100502512562812           0.3665798260384998
-2.8944723618090435           0.36657964065705906
-2.7788944723618094           0.3665793269228002
-2.6633165829145717           0.36657890516913794
-2.5477386934673376           0.366578178839376
-2.4321608040201              0.3665769161593941
-2.316582914572866            0.36657480361434636
-2.201005025125628            0.3665712694111268
-2.0854271356783904           0.36656534165434523
-1.9698492462311563           0.3665554019349522
-1.8542713567839186           0.3665387805191314
-1.7386934673366845           0.3665110576120775
-1.6231155778894468           0.3664647092101887
-1.5075376884422127           0.36638751733410435
-1.391959798994975            0.36625895430010896
-1.2763819095477373           0.3660453448539987
-1.1608040201005032           0.3656913354983593
-1.0452261306532655           0.36510635995068175
-0.9296482412060314           0.3641433284703376
-0.8140703517587937           0.3625650067500357
-0.698492462311556            0.35999225521789674
-0.5829145728643219           0.35582657367852083
-0.46733668341708423          0.3491348838900597
-0.3517587939698501           0.3384860156887224
-0.23618090452261245          0.321724092522814
-0.12060301507537828          0.2956664628435708
-0.005025125628140596         0.2557150647142142
0.11055276381909708           0.1953723848996045
0.22613065326633117           0.10565109944971515
0.34170854271356893           -0.025640644310678928
0.457286432160803             -0.21477436328824825
0.5728643216080407            -0.48319563667909093
0.6884422110552748            -0.8589243193384317
0.8040201005025125            -1.3783733637569846
0.9195979899497502            -2.088723481333394
1.0351758793969843            -3.051031157193055
1.150753768844222             -4.344338106293
1.266331658291456             -6.071227634883835
1.3819095477386938            -8.36536056205437
1.4974874371859315            -11.401309529070899
1.6130653266331656            -15.407002260655345
1.7286432160804033            -20.679708715304344
1.8442211055276374            -27.607024116915007
1.959798994974875             -36.69442316542924
2.075376884422109             -48.60126663519733
2.190954773869347             -64.18777849080755
2.3065326633165846            -84.57633253533976
2.4221105527638187            -111.23141482209039
2.5376884422110564            -146.0639587820445
2.6532663316582905            -191.56748602089326
2.768844221105528             -252.74432123398648
