-20.0                         1.4278520876084773
-19.884422110552762           1.4278533552576962
-19.768844221105528           1.4278519304702053
-19.65326633165829            1.4278509145422968
-19.537688442211056           1.4278521732974525
-19.42211055276382            1.427851758729711
-19.306532663316585           1.4278519922021224
-19.190954773869347           1.4278503164233618
-19.07537688442211            1.4278522991007516
-18.959798994974875           1.4278519165323793
-18.844221105527637           1.4278531212673895
-18.728643216080403           1.4278515542537586
-18.613065326633166           1.4278522080606042
-18.49748743718593            1.4278517405341433
-18.381909547738694           1.427854415457975
-18.266331658291456           1.4278516710837637
-18.150753768844222           1.4278517353379427
-18.035175879396984           1.427852331758889
-17.91959798994975            1.4278516484262194
-17.804020100502512           1.427852276754927
-17.688442211055275           1.4278516392323306
-17.57286432160804            1.4278514033008558
-17.457286432160803           1.4278514566321099
-17.34170854271357            1.4278514597868337
-17.22613065326633            1.4278513711880558
-17.110552763819094           1.4278514335862138
-16.99497487437186            1.4278519334599207
-16.87939698492462            1.4278510233360868
-16.763819095477388           1.4278522487288923
-16.64824120603015            1.4278512657349052
-16.532663316582916           1.4278517593886146
-16.417085427135678           1.42785141812526
-16.301507537688444           1.4278507318258356
-16.185929648241206           1.4278514418240082
-16.07035175879397            1.4278517698204312
-15.954773869346734           1.4278501734137623
-15.839195979899497           1.427851368209973
-15.72361809045226            1.4278515864538526
-15.608040201005025           1.4278525613458712
-15.492462311557789           1.4278513885729402
-15.376884422110553           1.4278516125158063
-15.261306532663315           1.4278514476928437
-15.145728643216081           1.4278514178545223
-15.030150753768844           1.4278522321023146
-14.914572864321608           1.4278510969283085
-14.798994974874372           1.427850327733833
-14.683417085427136           1.427851420218143
-14.5678391959799             1.4278513783790354
-14.452261306532662           1.4278513409552835
-14.336683417085428           1.4278511822236655
-14.22110552763819            1.427852012352595
-14.105527638190955           1.4278511408431898
-13.989949748743719           1.4278501306059364
-13.874371859296481           1.42785094897945
-13.758793969849247           1.4278515652011854
-13.64321608040201            1.4278510675178204
-13.527638190954773           1.4278502245452447
-13.412060301507537           1.4278511405308683
-13.296482412060302           1.427850695305975
-13.180904522613066           1.4278513396439299
-13.065326633165828           1.4278508325434252
-12.949748743718594           1.4278510646908589
-12.834170854271356           1.4278506111202012
-12.71859296482412            1.427851297527635
-12.603015075376884           1.4278505983911145
-12.487437185929648           1.427851117462398
-12.371859296482413           1.4278508127495557
-12.256281407035175           1.427851206203366
-12.14070351758794            1.4278509868071525
-12.025125628140703           1.4278505767719964
-11.909547738693467           1.4278507744815767
-11.793969849246231           1.4278508179091942
-11.678391959798995           1.4278509841781692
-11.56281407035176            1.4278508914494459
-11.447236180904522           1.4278513467036584
-11.331658291457286           1.4278509469694252
-11.21608040201005            1.427850874108233
-11.100502512562814           1.4278511034631294
-10.984924623115578           1.4278509379154236
-10.869346733668342           1.4278508131971364
-10.753768844221106           1.427850052388433
-10.638190954773869           1.4278510085112621
-10.522613065326633           1.427850699013869
-10.407035175879397           1.4278509401568784
-10.291457286432161           1.4278518379020135
-10.175879396984925           1.427850769315623
-10.06030150753769            1.4278506308354568
-9.944723618090451            1.4278508236585288
-9.829145728643216            1.4278502971816809
-9.71356783919598             1.4278513479083392
-9.597989949748744            1.4278507994922287
-9.482412060301508            1.4278507472833202
-9.366834170854272            1.4278508682951605
-9.251256281407034            1.4278507536151648
-9.135678391959798            1.4278506637906507
-9.020100502512562            1.4278508189330499
-8.904522613065327            1.4278502009140703
-8.78894472361809             1.4278501360950344
-8.673366834170855            1.4278519155563592
-8.557788944723619            1.42785073686286
-8.442211055276381            1.4278518468195707
-8.326633165829145            1.4278501701965256
-8.21105527638191             1.4278503099852873
-8.095477386934673            1.4278508303505564
-7.9798994974874375           1.4278506411900702
-7.864321608040202            1.4278506050788136
-7.748743718592964            1.4278505096879441
-7.633165829145728            1.427850672636009
-7.517587939698492            1.4278503891210939
-7.402010050251256            1.4278509576643525
-7.28643216080402             1.4278506063122545
-7.170854271356784            1.427850535163972
-7.055276381909547            1.427850270004516
-6.939698492462311            1.42785054194314
-6.824120603015075            1.4278505488668154
-6.708542713567839            1.4278503327509247
-6.592964824120603            1.4278505435989768
-6.477386934673367            1.4278505734583216
-6.361809045226131            1.4278505405137314
-6.246231155778894            1.4278504037507194
-6.130653266331658            1.427850474913948
-6.015075376884422            1.4278504602144315
-5.899497487437186            1.4278505162633839
-5.78391959798995             1.427850421250634
-5.668341708542714            1.4278504579198459
-5.5527638190954764           1.4278503014544426
-5.4371859296482405           1.427850129142774
-5.321608040201005            1.4278502713246346
-5.206030150753769            1.4278504014096944
-5.090452261306533            1.427850523154576
-4.974874371859297            1.4278503371000264
-4.859296482412061            1.4278505867068796
-4.743718592964823            1.4278503860542162
-4.628140703517587            1.4278505173328644
-4.5125628140703515           1.4278503600764525
-4.396984924623116            1.42785034871825
-4.28140703517588             1.4278503735289547
-4.165829145728644            1.4278503598023664
-4.050251256281406            1.427850214184479
-3.934673366834172            1.4278503821337327
-3.8190954773869343           1.4278504068885105
-3.7035175879396967           1.4278503344380729
-3.5879396984924625           1.4278503610799689
-3.472361809045225            1.4278503454705826
-3.3567839195979907           1.4278503563552134
-3.241206030150753            1.427850325617493
-3.125628140703519            1.4278502910340547
-3.0100502512562812           1.4278502913589877
-2.8944723618090435           1.4278503693939895
-2.7788944723618094           1.4278501620181583
-2.6633165829145717           1.4278503044490294
-2.5477386934673376           1.4278502821816152
-2.4321608040201              1.4278502731325033
-2.316582914572866            1.4278502819572432
-2.201005025125628            1.4278502923700707
-2.0854271356783904           1.4278502785683682
-1.9698492462311563           1.4278502388765186
-1.8542713567839186           1.4278501744962402
-1.7386934673366845           1.4278502039497203
-1.6231155778894468           1.427850149558248
-1.5075376884422127           1.4278502366082717
-1.391959798994975            1.4278501918224156
-1.2763819095477373           1.4278502045140689
-1.1608040201005032           1.4278501773941734
-1.0452261306532655           1.4278500377179737
-0.9296482412060314           1.4278496120724713
-0.8140703517587937           1.4278485073599814
-0.698492462311556            1.4278445980233794
-0.5829145728643219           1.427833245731604
-0.46733668341708423          1.4277994978979527
-0.3517587939698501           1.4277009339542015
-0.23618090452261245          1.4274194873423993
-0.12060301507537828          1.426639284246381
-0.005025125628140596         1.4245593515506743
0.11055276381909708           1.4192840233366502
0.22613065326633117           1.406702473505796
0.34170854271356893           1.3787826581978095
0.457286432160803             1.3215319182122518
0.5728643216080407            1.2131813719938551
0.6884422110552748            1.0229783188319745
0.8040201005025125            0.7103186459633231
0.9195979899497502            0.2234777477666193
1.0351758793969843            -0.5027106414364657
1.150753768844222             -1.5505732386370172
1.266331658291456             -3.0250579002967757
1.3819095477386938            -5.061460895463579
1.4974874371859315            -7.8356211202644666
1.6130653266331656            -11.576543989952027
1.7286432160804033            -16.582352244679047
1.8442211055276374            -23.24125003832934
1.959798994974875             -32.05913201155259
2.075376884422109             -43.69565207187125
2.190954773869347             -59.01124295408317
2.3065326633165846            -79.12842964602079
2.4221105527638187            -105.51180911152018
2.5376884422110564            -140.0723969686614
2.6532663316582905            -185.30377620517942
2.768844221105528             -246.20984887217745
