-20.0                         1.274505676506544
-19.884422110552762           1.2745068348085637
-19.768844221105528           1.2745055288347844
-19.65326633165829            1.2745045080511652
-19.537688442211056           1.2745056818369807
-19.42211055276382            1.2745053594660452
-19.306532663316585           1.2745056316629473
-19.190954773869347           1.274504026832164
-19.07537688442211            1.2745058356709065
-18.959798994974875           1.2745054706450325
-18.844221105527637           1.2745067156916277
-18.728643216080403           1.2745052013237688
-18.613065326633166           1.274505702570698
-18.49748743718593            1.2745053372170263
-18.381909547738694           1.2745078536406826
-18.266331658291456           1.274505236652651
-18.150753768844222           1.2745053054168627
-18.035175879396984           1.2745057140987726
-17.91959798994975            1.274505241309493
-17.804020100502512           1.2745058013905126
-17.688442211055275           1.2745053133365034
-17.57286432160804            1.2745049569997797
-17.457286432160803           1.2745050198392676
-17.34170854271357            1.2745050921824523
-17.22613065326633            1.2745050617190268
-17.110552763819094           1.2745049863895876
-16.99497487437186            1.2745054762771804
-16.87939698492462            1.2745047108354424
-16.763819095477388           1.274505742792862
-16.64824120603015            1.274504890718571
-16.532663316582916           1.274505212000147
-16.417085427135678           1.2745049942929687
-16.301507537688444           1.2745043470723523
-16.185929648241206           1.274505009806054
-16.07035175879397            1.2745053159985356
-15.954773869346734           1.274503829726847
-15.839195979899497           1.2745049316323145
-15.72361809045226            1.274505101061334
-15.608040201005025           1.2745059547968713
-15.492462311557789           1.2745049386342129
-15.376884422110553           1.2745050395189363
-15.261306532663315           1.2745050100474233
-15.145728643216081           1.2745049598389024
-15.030150753768844           1.2745057943609308
-14.914572864321608           1.2745046614448508
-14.798994974874372           1.2745039160197116
-14.683417085427136           1.2745049587648838
-14.5678391959799             1.274504900249492
-14.452261306532662           1.2745048609235718
-14.336683417085428           1.2745047382983432
-14.22110552763819            1.2745054294526603
-14.105527638190955           1.2745046920978758
-13.989949748743719           1.274503738592632
-13.874371859296481           1.274504519409646
-13.758793969849247           1.2745051674301713
-13.64321608040201            1.2745046269721048
-13.527638190954773           1.27450385509264
-13.412060301507537           1.2745046869455579
-13.296482412060302           1.2745043527152402
-13.180904522613066           1.2745048629177127
-13.065326633165828           1.2745043401805172
-12.949748743718594           1.2745046392235513
-12.834170854271356           1.2745041772487853
-12.71859296482412            1.2745048527277563
-12.603015075376884           1.274504130416821
-12.487437185929648           1.2745046779497946
-12.371859296482413           1.2745044001894024
-12.256281407035175           1.2745047611336222
-12.14070351758794            1.274504535833261
-12.025125628140703           1.2745042182985487
-11.909547738693467           1.274504338227177
-11.793969849246231           1.2745043210181939
-11.678391959798995           1.2745045257254168
-11.56281407035176            1.274504446314342
-11.447236180904522           1.274504863109384
-11.331658291457286           1.2745045053934927
-11.21608040201005            1.274504429434334
-11.100502512562814           1.2745046924038574
-10.984924623115578           1.2745044952969387
-10.869346733668342           1.2745043661706035
-10.753768844221106           1.2745036532290344
-10.638190954773869           1.2745045398483938
-10.522613065326633           1.2745042627450143
-10.407035175879397           1.2745044993278314
-10.291457286432161           1.2745052997858775
-10.175879396984925           1.2745043282148085
-10.06030150753769            1.2745041928865393
-9.944723618090451            1.2745043606188105
-9.829145728643216            1.274503909936427
-9.71356783919598             1.274504864727381
-9.597989949748744            1.2745043395081985
-9.482412060301508            1.274504293903143
-9.366834170854272            1.2745044071418432
-9.251256281407034            1.2745042999572418
-9.135678391959798            1.2745042194097667
-9.020100502512562            1.274504392473471
-8.904522613065327            1.2745037955979541
-8.78894472361809             1.2745037271257427
-8.673366834170855            1.274505392582011
-8.557788944723619            1.2745042756254037
-8.442211055276381            1.2745053267127813
-8.326633165829145            1.2745037583182097
-8.21105527638191             1.2745039100994247
-8.095477386934673            1.274504348732949
-7.9798994974874375           1.2745041943281428
-7.864321608040202            1.2745041537292525
-7.748743718592964            1.2745040683510618
-7.633165829145728            1.2745042138567215
-7.517587939698492            1.2745039360393264
-7.402010050251256            1.2745044853348269
-7.28643216080402             1.2745041580639973
-7.170854271356784            1.2745040879624916
-7.055276381909547            1.274503822630672
-6.939698492462311            1.2745040877247398
-6.824120603015075            1.2745041001272888
-6.708542713567839            1.2745039088733872
-6.592964824120603            1.2745040846483786
-6.477386934673367            1.274504091968986
-6.361809045226131            1.2745040784266215
-6.246231155778894            1.274503953941657
-6.130653266331658            1.2745040311456106
-6.015075376884422            1.2745040244436294
-5.899497487437186            1.2745040830637606
-5.78391959798995             1.2745039779519483
-5.668341708542714            1.2745040087256736
-5.5527638190954764           1.2745038520255398
-5.4371859296482405           1.274503699587291
-5.321608040201005            1.2745038318144495
-5.206030150753769            1.2745039407359982
-5.090452261306533            1.2745040544416115
-4.974874371859297            1.2745039125310471
-4.859296482412061            1.2745041417489782
-4.743718592964823            1.2745039420607784
-4.628140703517587            1.2745040596438664
-4.5125628140703515           1.2745039016173982
-4.396984924623116            1.2745039016218571
-4.28140703517588             1.2745039261585303
-4.165829145728644            1.2745039085740162
-4.050251256281406            1.274503783750125
-3.934673366834172            1.2745039310116506
-3.8190954773869343           1.2745039521886619
-3.7035175879396967           1.2745038845869496
-3.5879396984924625           1.2745039062802095
-3.472361809045225            1.2745038912405122
-3.3567839195979907           1.2745039066364146
-3.241206030150753            1.2745038658174406
-3.125628140703519            1.2745038418126164
-3.0100502512562812           1.2745038433923908
-2.8944723618090435           1.274503903394427
-2.7788944723618094           1.2745037185897217
-2.6633165829145717           1.2745038436978002
-2.5477386934673376           1.2745038313367756
-2.4321608040201              1.274503823770219
-2.316582914572866            1.2745038302366254
-2.201005025125628            1.2745038425979438
-2.0854271356783904           1.2745038292334006
-1.9698492462311563           1.2745037893153839
-1.8542713567839186           1.2745037272769237
-1.7386934673366845           1.2745037538784583
-1.6231155778894468           1.2745037034402886
-1.5075376884422127           1.2745037811963391
-1.391959798994975            1.2745037325892092
-1.2763819095477373           1.2745037118814462
-1.1608040201005032           1.2745036026728518
-1.0452261306532655           1.2745032371104348
-0.9296482412060314           1.2745021988631662
-0.8140703517587937           1.2744993904074395
-0.698492462311556            1.27449093604078
-0.5829145728643219           1.2744675287423994
-0.46733668341708423          1.2744025193431388
-0.3517587939698501           1.2742250602649305
-0.23618090452261245          1.2737513443558048
-0.12060301507537828          1.2725232313342538
-0.005025125628140596         1.2694581875186954
0.11055276381909708           1.2621668069260985
0.22613065326633117           1.2458019946874332
0.34170854271356893           1.2114491513713992
0.457286432160803             1.1443400053836466
0.5728643216080407            1.0223250136386537
0.6884422110552748            0.8147834937168078
0.8040201005025125            0.48163478230110185
0.9195979899497502            -0.02816414063266924
1.0351758793969843            -0.7791303059187852
1.150753768844222             -1.8530692954433936
1.266331658291456             -3.3545597955174316
1.3819095477386938            -5.418652871751866
1.4974874371859315            -8.22100944263958
1.6130653266331656            -11.990491048734649
1.7286432160804033            -17.02511045600948
1.8442211055276374            -23.71299575318718
1.959798994974875             -32.5599906887343
2.075376884422109             -44.225714537879604
2.190954773869347             -59.570575860602645
2.3065326633165846            -79.71708241033062
2.4221105527638187            -106.12981866083798
2.5376884422110564            -140.71979106201363
2.6532663316582905            -185.98057580429636
2.768844221105528             -246.91590414855935
