-20.0                         1.452553535286403
-19.884422110552762           1.452554821013017
-19.768844221105528           1.452553376939368
-19.65326633165829            1.452552362640493
-19.537688442211056           1.452553635474742
-19.42211055276382            1.4525532054859251
-19.306532663316585           1.4525534313394703
-19.190954773869347           1.4525517465959
-19.07537688442211            1.4525537556328416
-18.959798994974875           1.4525533706070832
-18.844221105527637           1.4525545662858952
-18.728643216080403           1.4525529933930532
-18.613065326633166           1.4525536718637433
-18.49748743718593            1.452553187469823
-18.381909547738694           1.4525558859925498
-18.266331658291456           1.4525531234096971
-18.150753768844222           1.4525531868766242
-18.035175879396984           1.452553814177496
-17.91959798994975            1.4525530958829505
-17.804020100502512           1.4525537347608946
-17.688442211055275           1.4525530728659186
-17.57286432160804            1.4525528593017578
-17.457286432160803           1.4525529092990621
-17.34170854271357            1.4525529010311526
-17.22613065326633            1.4525528027811792
-17.110552763819094           1.4525528881162244
-16.99497487437186            1.4525533880175305
-16.87939698492462            1.452552456228723
-16.763819095477388           1.4525537120481926
-16.64824120603015            1.4525527090322674
-16.532663316582916           1.4525532309344258
-16.417085427135678           1.4525528686581957
-16.301507537688444           1.4525521776752388
-16.185929648241206           1.4525528941373045
-16.07035175879397            1.4525532245664983
-15.954773869346734           1.4525516113888803
-15.839195979899497           1.4525528208232936
-15.72361809045226            1.4525530474356203
-15.608040201005025           1.4525540402508985
-15.492462311557789           1.4525528432955188
-15.376884422110553           1.4525530879590136
-15.261306532663315           1.4525529004558329
-15.145728643216081           1.4525528737231455
-15.030150753768844           1.4525536830545258
-14.914572864321608           1.4525525493752596
-14.798994974874372           1.4525517771918102
-14.683417085427136           1.4525528768096616
-14.5678391959799             1.4525528380947168
-14.452261306532662           1.4525528010952875
-14.336683417085428           1.4525526360630265
-14.22110552763819            1.4525534880496938
-14.105527638190955           1.452552595679164
-13.989949748743719           1.4525515763081729
-13.874371859296481           1.45255240047125
-13.758793969849247           1.4525530112748184
-13.64321608040201            1.4525525210027357
-13.527638190954773           1.4525516670332757
-13.412060301507537           1.4525525960211139
-13.296482412060302           1.4525521328842115
-13.180904522613066           1.4525527984301623
-13.065326633165828           1.4525522946944471
-12.949748743718594           1.452552515413283
-12.834170854271356           1.4525520633959432
-12.71859296482412            1.4525527512426397
-12.603015075376884           1.4525520566318482
-12.487437185929648           1.4525525703164845
-12.371859296482413           1.452552262031291
-12.256281407035175           1.452552659559273
-12.14070351758794            1.452552441759381
-12.025125628140703           1.452552016931403
-11.909547738693467           1.4525522270324378
-11.793969849246231           1.4525522811804508
-11.678391959798995           1.4525524402650627
-11.56281407035176            1.452552345424209
-11.447236180904522           1.4525528067443183
-11.331658291457286           1.4525524002706944
-11.21608040201005            1.4525523281144386
-11.100502512562814           1.452552551766821
-10.984924623115578           1.452552391361733
-10.869346733668342           1.4525522674746585
-10.753768844221106           1.452551499141518
-10.638190954773869           1.4525524660394988
-10.522613065326633           1.4525521516267677
-10.407035175879397           1.4525523927147326
-10.291457286432161           1.4525533061287739
-10.175879396984925           1.4525522226732581
-10.06030150753769            1.4525520836418429
-9.944723618090451            1.4525522807134823
-9.829145728643216            1.4525517421162841
-9.71356783919598             1.4525528069769627
-9.597989949748744            1.4525522557584118
-9.482412060301508            1.4525522026217157
-9.366834170854272            1.4525523246111653
-9.251256281407034            1.4525522089658294
-9.135678391959798            1.4525521179036114
-9.020100502512562            1.452552269172712
-8.904522613065327            1.452551648796505
-8.78894472361809             1.4525515843448153
-8.673366834170855            1.4525533817011897
-8.557788944723619            1.452552193373733
-8.442211055276381            1.452553312514356
-8.326633165829145            1.452551618892762
-8.21105527638191             1.4525517568253066
-8.095477386934673            1.4525522898186995
-7.9798994974874375           1.452552095155682
-7.864321608040202            1.4525520599763941
-7.748743718592964            1.452551963013209
-7.633165829145728            1.4525521286503587
-7.517587939698492            1.4525518448640964
-7.402010050251256            1.4525524153031828
-7.28643216080402             1.4525520606765578
-7.170854271356784            1.4525519894336958
-7.055276381909547            1.4525517245612176
-6.939698492462311            1.4525519973251637
-6.824120603015075            1.4525520033182553
-6.708542713567839            1.452551783294309
-6.592964824120603            1.4525519997735843
-6.477386934673367            1.4525520333825694
-6.361809045226131            1.4525519972096352
-6.246231155778894            1.4525518584511534
-6.130653266331658            1.4525519285456274
-6.015075376884422            1.4525519124195867
-5.899497487437186            1.452551967902562
-5.78391959798995             1.4525518749072912
-5.668341708542714            1.452551912475247
-5.5527638190954764           1.4525517564204165
-5.4371859296482405           1.4525515806334346
-5.321608040201005            1.452551724655877
-5.206030150753769            1.452551858086481
-5.090452261306533            1.4525519807164349
-4.974874371859297            1.452551787685203
-4.859296482412061            1.4525520404467351
-4.743718592964823            1.452551839770406
-4.628140703517587            1.452551973232325
-4.5125628140703515           1.4525518163553726
-4.396984924623116            1.452551803025348
-4.28140703517588             1.452551827792988
-4.165829145728644            1.4525518147521983
-4.050251256281406            1.4525516658194209
-3.934673366834172            1.4525518369598247
-3.8190954773869343           1.4525518622887774
-3.7035175879396967           1.4525517890868165
-3.5879396984924625           1.4525518165105296
-3.472361809045225            1.4525518008370106
-3.3567839195979907           1.4525518108380557
-3.241206030150753            1.4525517820286424
-3.125628140703519            1.4525517456173989
-3.0100502512562812           1.4525517457388224
-2.8944723618090435           1.4525518267049853
-2.7788944723618094           1.4525516156919425
-2.6633165829145717           1.4525517609326435
-2.5477386934673376           1.4525517369987235
-2.4321608040201              1.4525517276814606
-2.316582914572866            1.4525517369095502
-2.201005025125628            1.452551746914426
-2.0854271356783904           1.452551733090116
-1.9698492462311563           1.4525516935078584
-1.8542713567839186           1.4525516287866058
-1.7386934673366845           1.4525516586986997
-1.6231155778894468           1.4525516034693091
-1.5075376884422127           1.4525516916714472
-1.391959798994975            1.452551646650997
-1.2763819095477373           1.4525516622784609
-1.1608040201005032           1.452551641951925
-1.0452261306532655           1.4525515217261655
-0.9296482412060314           1.4525511504015631
-0.8140703517587937           1.4525502060076292
-0.698492462311556            1.4525467409748212
-0.5829145728643219           1.4525366216741902
-0.46733668341708423          1.452506216083118
-0.3517587939698501           1.4524164669628417
-0.23618090452261245          1.4521574655187408
-0.12060301507537828          1.4514318771646688
-0.005025125628140596         1.4494773257438875
0.11055276381909708           1.444469476219135
0.22613065326633117           1.4324098334619366
0.34170854271356893           1.40540897187436
0.457286432160803             1.3496082324496577
0.5728643216080407            1.2433133959128744
0.6884422110552748            1.0557610184424904
0.8040201005025125            0.7462669296572234
0.9195979899497502            0.26299619752865183
1.0351758793969843            -0.45932437964394107
1.150753768844222             -1.5031077390480598
1.266331658291456             -2.9733627611475093
1.3819095477386938            -5.005426034111127
1.4974874371859315            -7.775165449316394
1.6130653266331656            -11.511609685539014
1.7286432160804033            -16.512899176710242
1.8442211055276374            -23.167250258694132
1.959798994974875             -31.980565686797217
2.075376884422109             -43.61250487030127
2.190954773869347             -58.92350437341784
2.3065326633165846            -79.03609190790746
2.4221105527638187            -105.4148664082718
2.5376884422110564            -139.9708449372021
2.6532663316582905            -185.19761155236094
2.768844221105528             -246.0990951033332
