-20.0                         1.59784292950175
-19.884422110552762           1.597844323735025
-19.768844221105528           1.597842765933245
-19.65326633165829            1.597841764954599
-19.537688442211056           1.5978431226655618
-19.42211055276382            1.59784259919239
-19.306532663316585           1.5978427738811156
-19.190954773869347           1.5978410483316785
-19.07537688442211            1.5978432040342885
-18.959798994974875           1.5978428061122354
-18.844221105527637           1.5978439359587597
-18.728643216080403           1.597842342726849
-18.613065326633166           1.5978431653976044
-18.49748743718593            1.5978425803231022
-18.381909547738694           1.5978454071675467
-18.266331658291456           1.5978425493895683
-18.150753768844222           1.5978426078398456
-18.035175879396984           1.59784341990767
-17.91959798994975            1.5978424911999611
-17.804020100502512           1.5978431891979252
-17.688442211055275           1.5978423834623305
-17.57286432160804            1.5978423164734363
-17.457286432160803           1.5978423369369783
-17.34170854271357            1.5978422612019543
-17.22613065326633            1.597842104676263
-17.110552763819094           1.5978423277047975
-16.99497487437186            1.5978428189489255
-16.87939698492462            1.5978417698982297
-16.763819095477388           1.5978431996952103
-16.64824120603015            1.5978420857810518
-16.532663316582916           1.597842774364027
-16.417085427135678           1.5978422835273243
-16.301507537688444           1.5978415738656466
-16.185929648241206           1.597842322725835
-16.07035175879397            1.5978426609241911
-15.954773869346734           1.597840954139474
-15.839195979899497           1.597842248172348
-15.72361809045226            1.5978425264770557
-15.608040201005025           1.5978436155254554
-15.492462311557789           1.5978422827203207
-15.376884422110553           1.5978426533104846
-15.261306532663315           1.5978423288659431
-15.145728643216081           1.5978423188874702
-15.030150753768844           1.5978430912069816
-14.914572864321608           1.597841975675982
-14.798994974874372           1.597841190224986
-14.683417085427136           1.5978423274869193
-14.5678391959799             1.5978423088179594
-14.452261306532662           1.5978422750095596
-14.336683417085428           1.5978420708147547
-14.22110552763819            1.5978430477501488
-14.105527638190955           1.5978420373660491
-13.989949748743719           1.5978409642121754
-13.874371859296481           1.5978418211434429
-13.758793969849247           1.5978423987435153
-13.64321608040201            1.5978419546711529
-13.527638190954773           1.5978410382975523
-13.412060301507537           1.5978420408799894
-13.296482412060302           1.5978414725792625
-13.180904522613066           1.5978422601495958
-13.065326633165828           1.597841780860983
-12.949748743718594           1.597841931126451
-12.834170854271356           1.5978414891316453
-12.71859296482412            1.5978421838911305
-12.603015075376884           1.5978415198930973
-12.487437185929648           1.5978419979289606
-12.371859296482413           1.59784167314581
-12.256281407035175           1.5978420879097437
-12.14070351758794            1.5978418828450203
-12.025125628140703           1.5978413718547846
-11.909547738693467           1.5978416538459457
-11.793969849246231           1.5978417758712995
-11.678391959798995           1.597841887433729
-11.56281407035176            1.5978417806484448
-11.447236180904522           1.5978422769517617
-11.331658291457286           1.5978418309887261
-11.21608040201005            1.5978417642325593
-11.100502512562814           1.5978419527500163
-10.984924623115578           1.597841822815378
-10.869346733668342           1.597841704354844
-10.753768844221106           1.5978408927335659
-10.638190954773869           1.5978419205147483
-10.522613065326633           1.5978415791391
-10.407035175879397           1.5978418157105931
-10.291457286432161           1.5978428211894184
-10.175879396984925           1.5978416545865564
-10.06030150753769            1.5978415118732818
-9.944723618090451            1.5978417349995715
-9.829145728643216            1.5978411256804217
-9.71356783919598             1.5978422665895486
-9.597989949748744            1.5978417036471437
-9.482412060301508            1.597841645941347
-9.366834170854272            1.5978417722621365
-9.251256281407034            1.5978416522509866
-9.135678391959798            1.5978415554583874
-9.020100502512562            1.59784167875893
-8.904522613065327            1.5978410498171747
-8.78894472361809             1.5978409863304195
-8.673366834170855            1.5978428866390384
-8.557788944723619            1.5978416431677303
-8.442211055276381            1.597842814863065
-8.326633165829145            1.5978410233957843
-8.21105527638191             1.5978411509286998
-8.095477386934673            1.5978417549146746
-7.9798994974874375           1.5978415287206897
-7.864321608040202            1.5978415001085022
-7.748743718592964            1.5978413941656964
-7.633165829145728            1.59784157488031
-7.517587939698492            1.597841292989619
-7.402010050251256            1.597841868207308
-7.28643216080402             1.5978414976076287
-7.170854271356784            1.5978414261400211
-7.055276381909547            1.5978411642836825
-6.939698492462311            1.5978414403625012
-6.824120603015075            1.597841440741552
-6.708542713567839            1.5978411982428136
-6.592964824120603            1.5978414477538803
-6.477386934673367            1.5978415040119969
-6.361809045226131            1.5978414482805914
-6.246231155778894            1.5978412977444667
-6.130653266331658            1.59784136111017
-6.015075376884422            1.5978413359618537
-5.899497487437186            1.5978413873288886
-5.78391959798995             1.5978413081381106
-5.668341708542714            1.597841350642672
-5.5527638190954764           1.597841199005012
-5.4371859296482405           1.5978410013076025
-5.321608040201005            1.5978411574916134
-5.206030150753769            1.5978413101263254
-5.090452261306533            1.5978414356688515
-4.974874371859297            1.5978412026282631
-4.859296482412061            1.5978414732404047
-4.743718592964823            1.5978412731669516
-4.628140703517587            1.597841419230666
-4.5125628140703515           1.597841265856526
-4.396984924623116            1.5978412403602473
-4.28140703517588             1.5978412643736992
-4.165829145728644            1.5978412556252672
-4.050251256281406            1.5978410874109736
-3.934673366834172            1.597841276573491
-3.8190954773869343           1.5978413052429508
-3.7035175879396967           1.5978412277700733
-3.5879396984924625           1.597841259668217
-3.472361809045225            1.5978412437942433
-3.3567839195979907           1.5978412477624113
-3.241206030150753            1.5978412318457869
-3.125628140703519            1.5978411841223499
-3.0100502512562812           1.5978411830749764
-2.8944723618090435           1.5978412813608187
-2.7788944723618094           1.5978410489511656
-2.6633165829145717           1.5978412108217024
-2.5477386934673376           1.597841176706045
-2.4321608040201              1.5978411656529279
-2.316582914572866            1.597841177375166
-2.201005025125628            1.5978411844934768
-2.0854271356783904           1.5978411708175766
-1.9698492462311563           1.5978411322806454
-1.8542713567839186           1.597841065787702
-1.7386934673366845           1.5978410985441722
-1.6231155778894468           1.5978410376904322
-1.5075376884422127           1.5978411318540686
-1.391959798994975            1.5978410836237065
-1.2763819095477373           1.597841110396022
-1.1608040201005032           1.5978411134999981
-1.0452261306532655           1.5978410622737251
-0.9296482412060314           1.5978408853997912
-0.8140703517587937           1.5978405458322045
-0.698492462311556            1.5978387983001396
-0.5829145728643219           1.59783361224074
-0.46733668341708423          1.5978170406344088
-0.3517587939698501           1.5977650518623416
-0.23618090452261245          1.5976056074937974
-0.12060301507537828          1.5971309608007214
-0.005025125628140596         1.5957733324251084
0.11055276381909708           1.5920845815670936
0.22613065326633117           1.5826877437254976
0.34170854271356893           1.560524311539321
0.457286432160803             1.5125643822208201
0.5728643216080407            1.4176245496179054
0.6884422110552748            1.2449403035615068
0.8040201005025125            0.9533845194300572
0.9195979899497502            0.49047234322099625
1.0351758793969843            -0.2097113460859549
1.150753768844222             -1.2300997468258479
1.266331658291456             -2.6760698249432076
1.3819095477386938            -4.683200239903883
1.4974874371859315            -7.427531502935357
1.6130653266331656            -11.138229833984601
1.7286432160804033            -16.11353980209345
1.8442211055276374            -22.741749136935294
1.959798994974875             -31.528807958235173
2.075376884422109             -43.134407679902495
2.190954773869347             -58.41900708358742
2.3065326633165846            -78.5051496523539
2.4221105527638187            -104.85744571260935
2.5376884422110564            -139.38692066773487
2.6532663316582905            -184.5871647469408
2.768844221105528             -245.46226093247893
