-20.0                         0.8789818430638803
-19.884422110552762           0.8789827439137062
-19.768844221105528           0.8789817322510222
-19.65326633165829            0.8789807577083908
-19.537688442211056           0.8789817286794356
-19.42211055276382            0.8789816113601132
-19.306532663316585           0.8789818933953234
-19.190954773869347           0.8789806258821399
-19.07537688442211            0.8789818904317594
-18.959798994974875           0.8789815970509904
-18.844221105527637           0.8789827843187434
-18.728643216080403           0.8789815415982533
-18.613065326633166           0.8789816797395912
-18.49748743718593            0.878981544638308
-18.381909547738694           0.8789835450382314
-18.266331658291456           0.8789813932082154
-18.150753768844222           0.8789814712165237
-18.035175879396984           0.8789814366376808
-17.91959798994975            0.878981436435704
-17.804020100502512           0.8789818047358853
-17.688442211055275           0.8789816639217821
-17.57286432160804            0.8789811700421085
-17.457286432160803           0.878981170796424
-17.34170854271357            0.8789813844188928
-17.22613065326633            0.8789814844917304
-17.110552763819094           0.8789811212173941
-16.99497487437186            0.8789815101150471
-16.87939698492462            0.8789811728490141
-16.763819095477388           0.8789816896211711
-16.64824120603015            0.8789812085063197
-16.532663316582916           0.8789811503711698
-16.417085427135678           0.8789811753757738
-16.301507537688444           0.8789807092008336
-16.185929648241206           0.8789811796418359
-16.07035175879397            0.8789813877534698
-15.954773869346734           0.8789802406635586
-15.839195979899497           0.8789810797277464
-15.72361809045226            0.8789811520692333
-15.608040201005025           0.8789816245481674
-15.492462311557789           0.8789810515363556
-15.376884422110553           0.8789808989310538
-15.261306532663315           0.8789811476137837
-15.145728643216081           0.8789810473235989
-15.030150753768844           0.8789818300795501
-14.914572864321608           0.8789808151704798
-14.798994974874372           0.8789801817122156
-14.683417085427136           0.8789810401264655
-14.5678391959799             0.8789809712389339
-14.452261306532662           0.8789809319368512
-14.336683417085428           0.8789808699201799
-14.22110552763819            0.8789811907996987
-14.105527638190955           0.8789808250959427
-13.989949748743719           0.8789800214439327
-13.874371859296481           0.8789806881946904
-13.758793969849247           0.8789813950455234
-13.64321608040201            0.8789807776101732
-13.527638190954773           0.8789802179732952
-13.412060301507537           0.8789808007719196
-13.296482412060302           0.8789807421239125
-13.180904522613066           0.8789808985499858
-13.065326633165828           0.8789803797314759
-12.949748743718594           0.8789808090151953
-12.834170854271356           0.8789803408935963
-12.71859296482412            0.8789809662881719
-12.603015075376884           0.8789802340370326
-12.487437185929648           0.8789808037653395
-12.371859296482413           0.8789806277008964
-12.256281407035175           0.8789808558477172
-12.14070351758794            0.8789806492507599
-12.025125628140703           0.87898056985834
-11.909547738693467           0.878980488608899
-11.793969849246231           0.8789803718532848
-11.678391959798995           0.8789806200094974
-11.56281407035176            0.8789805723008752
-11.447236180904522           0.8789808821372602
-11.331658291457286           0.8789806344458198
-11.21608040201005            0.8789805596002368
-11.100502512562814           0.8789808929107192
-10.984924623115578           0.8789806202084738
-10.869346733668342           0.8789804884408389
-10.753768844221106           0.8789799109642961
-10.638190954773869           0.8789805988701556
-10.522613065326633           0.8789804159524716
-10.407035175879397           0.8789805994812806
-10.291457286432161           0.8789811478587499
-10.175879396984925           0.8789804633009406
-10.06030150753769            0.8789803377309948
-9.944723618090451            0.878980451266663
-9.829145728643216            0.8789801999677519
-9.71356783919598             0.8789808377637247
-9.597989949748744            0.8789804260577877
-9.482412060301508            0.8789804021291816
-9.366834170854272            0.8789804798910471
-9.251256281407034            0.8789804040268362
-9.135678391959798            0.8789803571996678
-9.020100502512562            0.8789805234683081
-8.904522613065327            0.8789800432788861
-8.78894472361809             0.8789799539693728
-8.673366834170855            0.8789812939996354
-8.557788944723619            0.878980357182724
-8.442211055276381            0.8789812363293241
-8.326633165829145            0.8789799761746878
-8.21105527638191             0.8789801596601522
-8.095477386934673            0.8789803677795117
-7.9798994974874375           0.8789803020915702
-7.864321608040202            0.8789802609916828
-7.748743718592964            0.878980202649126
-7.633165829145728            0.878980298276132
-7.517587939698492            0.8789800694308902
-7.402010050251256            0.8789805032810243
-7.28643216080402             0.8789802693597337
-7.170854271356784            0.8789802070482973
-7.055276381909547            0.878979957075085
-6.939698492462311            0.878980189539335
-6.824120603015075            0.8789802114566797
-6.708542713567839            0.8789800899792072
-6.592964824120603            0.8789801740764239
-6.477386934673367            0.8789801307127987
-6.361809045226131            0.8789801616917534
-6.246231155778894            0.8789800670601637
-6.130653266331658            0.8789801531832916
-6.015075376884422            0.8789801582771344
-5.899497487437186            0.8789802144497815
-5.78391959798995             0.8789801068128013
-5.668341708542714            0.8789801211105505
-5.5527638190954764           0.8789799838912629
-5.4371859296482405           0.8789798684340572
-5.321608040201005            0.878979985815746
-5.206030150753769            0.878980038990059
-5.090452261306533            0.8789801127767479
-4.974874371859297            0.878980084979273
-4.859296482412061            0.8789802548068602
-4.743718592964823            0.8789800648898843
-4.628140703517587            0.8789801477770349
-4.5125628140703515           0.8789800030432009
-4.396984924623116            0.8789800215785009
-4.28140703517588             0.8789800413580026
-4.165829145728644            0.8789800185554755
-4.050251256281406            0.8789799488874337
-3.934673366834172            0.8789800353540431
-3.8190954773869343           0.8789800474594138
-3.7035175879396967           0.8789799942339336
-3.5879396984924625           0.878980003140712
-3.472361809045225            0.8789799904694827
-3.3567839195979907           0.8789800094354772
-3.241206030150753            0.8789799597113291
-3.125628140703519            0.8789799546787748
-3.0100502512562812           0.8789799587812456
-2.8944723618090435           0.878979974891393
-2.7788944723618094           0.8789798482611472
-2.6633165829145717           0.8789799296823512
-2.5477386934673376           0.8789799389499078
-2.4321608040201              0.8789799336282903
-2.316582914572866            0.8789799348978317
-2.201005025125628            0.8789799464531142
-2.0854271356783904           0.8789799344384555
-1.9698492462311563           0.8789798933024208
-1.8542713567839186           0.8789798288209156
-1.7386934673366845           0.8789798222191987
-1.6231155778894468           0.878979711705485
-1.5075376884422127           0.8789796076761845
-1.391959798994975            0.8789791816949756
-1.2763819095477373           0.8789782090167902
-1.1608040201005032           0.8789758777113461
-1.0452261306532655           0.8789702964593119
-0.9296482412060314           0.8789571022315606
-0.8140703517587937           0.8789260997745217
-0.698492462311556            0.8788532807690016
-0.5829145728643219           0.8786848528475678
-0.46733668341708423          0.8782994883546302
-0.3517587939698501           0.8774319827881112
-0.23618090452261245          0.875519592931691
-0.12060301507537828          0.8714147366818097
-0.005025125628140596         0.8628914910041253
0.11055276381909708           0.845885593362761
0.22613065326633117           0.813471921989335
0.34170854271356893           0.7546861928274115
0.457286432160803             0.6533561150843521
0.5728643216080407            0.48702859940342585
0.6884422110552748            0.22588103749486388
0.8040201005025125            -0.16866600723042255
0.9195979899497502            -0.745947735559326
1.0351758793969843            -1.5689218093142385
1.150753768844222             -2.7181527380168355
1.266331658291456             -4.297335009857942
1.3819095477386938            -6.4409209582969
1.4974874371859315            -9.324122816767211
1.6130653266331656            -13.175430058842842
1.7286432160804033            -18.292566215871524
1.8442211055276374            -25.063456201504433
1.959798994974875             -33.99380581238568
2.075376884422109             -45.74313928734657
2.190954773869347             -61.171798205811115
2.3065326633165846            -81.40224221277016
2.4221105527638187            -107.89902071496117
2.5376884422110564            -142.57311430635082
2.6532663316582905            -187.9180799414422
2.768844221105528             -248.93716042996638
