-20.0                         1.852825014256206
-19.884422110552762           1.8528266048946127
-19.768844221105528           1.8528248495861284
-19.65326633165829            1.8528238822229959
-19.537688442211056           1.852825395797201
-19.42211055276382            1.8528246994817308
-19.306532663316585           1.8528247653775458
-19.190954773869347           1.852823007990195
-19.07537688442211            1.852825390732216
-18.959798994974875           1.85282497402726
-18.844221105527637           1.8528259448617581
-18.728643216080403           1.8528243729221037
-18.613065326633166           1.8528254388152257
-18.49748743718593            1.8528246752243167
-18.381909547738694           1.8528276851934347
-18.266331658291456           1.852824704598345
-18.150753768844222           1.8528247525004105
-18.035175879396984           1.8528258997172304
-17.91959798994975            1.8528245876061584
-17.804020100502512           1.8528253749578945
-17.688442211055275           1.8528243199645633
-17.57286432160804            1.8528245634679008
-17.457286432160803           1.8528244930769617
-17.34170854271357            1.8528243037842658
-17.22613065326633            1.8528240387624082
-17.110552763819094           1.8528245086913746
-16.99497487437186            1.8528249494243174
-16.87939698492462            1.8528237395908134
-16.763819095477388           1.852825450620591
-16.64824120603015            1.85282417390113
-16.532663316582916           1.8528251471568227
-16.417085427135678           1.8528244165531929
-16.301507537688444           1.852823709496156
-16.185929648241206           1.8528244960312352
-16.07035175879397            1.852824819234087
-15.954773869346734           1.8528229668408702
-15.839195979899497           1.8528244045288826
-15.72361809045226            1.852824781453848
-15.608040201005025           1.8528260013143176
-15.492462311557789           1.8528244584686278
-15.376884422110553           1.8528250621936928
-15.261306532663315           1.8528244890270875
-15.145728643216081           1.852824500161577
-15.030150753768844           1.8528251794872974
-14.914572864321608           1.852824129328142
-14.798994974874372           1.8528233366921936
-14.683417085427136           1.8528245250458113
-14.5678391959799             1.8528245441742102
-14.452261306532662           1.8528245189126062
-14.336683417085428           1.8528242406310105
-14.22110552763819            1.8528254192693374
-14.105527638190955           1.852824223052304
-13.989949748743719           1.8528230550477962
-13.874371859296481           1.852823964896435
-13.758793969849247           1.8528244799740519
-13.64321608040201            1.852824126431449
-13.527638190954773           1.8528231087950084
-13.412060301507537           1.852824229494573
-13.296482412060302           1.8528234789065647
-13.180904522613066           1.8528244676153598
-13.065326633165828           1.8528240500062894
-12.949748743718594           1.8528240650940861
-12.834170854271356           1.8528236434017809
-12.71859296482412            1.8528243449138382
-12.603015075376884           1.8528237492046542
-12.487437185929648           1.8528241506348966
-12.371859296482413           1.8528238160520252
-12.256281407035175           1.8528242332931457
-12.14070351758794            1.8528240624369616
-12.025125628140703           1.8528234047802963
-11.909547738693467           1.852823808059629
-11.793969849246231           1.8528240665722717
-11.678391959798995           1.8528240743836897
-11.56281407035176            1.8528239501614245
-11.447236180904522           1.8528245050187917
-11.331658291457286           1.8528239903151438
-11.21608040201005            1.8528239387417837
-11.100502512562814           1.852824058935751
-10.984924623115578           1.852823982983445
-10.869346733668342           1.852823875562756
-10.753768844221106           1.8528229918021475
-10.638190954773869           1.8528241154636456
-10.522613065326633           1.852823735943569
-10.407035175879397           1.8528239488234504
-10.291457286432161           1.8528251146695929
-10.175879396984925           1.8528238201346903
-10.06030150753769            1.8528236682790074
-9.944723618090451            1.8528239407864597
-9.829145728643216            1.852823210227279
-9.71356783919598             1.8528244571531693
-9.597989949748744            1.8528238907564092
-9.482412060301508            1.8528238293093664
-9.366834170854272            1.8528239579966834
-9.251256281407034            1.8528238353543898
-9.135678391959798            1.852823735241091
-9.020100502512562            1.852823790132484
-8.904522613065327            1.8528231651585787
-8.78894472361809             1.8528230986784338
-8.673366834170855            1.8528251715059372
-8.557788944723619            1.8528238366303955
-8.442211055276381            1.8528250953900187
-8.326633165829145            1.852823139777659
-8.21105527638191             1.8528232515024285
-8.095477386934673            1.8528239655761964
-7.9798994974874375           1.85282368887262
-7.864321608040202            1.85282367567197
-7.748743718592964            1.852823555240566
-7.633165829145728            1.8528237590965198
-7.517587939698492            1.8528234942146389
-7.402010050251256            1.8528240535483416
-7.28643216080402             1.8528236678701444
-7.170854271356784            1.8528235969653937
-7.055276381909547            1.8528233453371221
-6.939698492462311            1.8528236208475444
-6.824120603015075            1.8528236114318768
-6.708542713567839            1.8528233314769453
-6.592964824120603            1.8528236386445422
-6.477386934673367            1.8528237367714635
-6.361809045226131            1.8528236443627781
-6.246231155778894            1.8528234732959865
-6.130653266331658            1.8528235234521448
-6.015075376884422            1.85282348064916
-5.899497487437186            1.852823521794074
-5.78391959798995             1.8528234735499542
-5.668341708542714            1.8528235229889833
-5.5527638190954764           1.8528233869246102
-5.4371859296482405           1.8528231451101973
-5.321608040201005            1.8528233280729622
-5.206030150753769            1.852823511857141
-5.090452261306533            1.852823633301342
-4.974874371859297            1.8528233353639316
-4.859296482412061            1.852823634516725
-4.743718592964823            1.852823438665709
-4.628140703517587            1.8528236053032245
-4.5125628140703515           1.852823462480984
-4.396984924623116            1.8528234143996356
-4.28140703517588             1.8528234349825945
-4.165829145728644            1.8528234342997976
-4.050251256281406            1.8528232332945571
-3.934673366834172            1.8528234512744286
-3.8190954773869343           1.8528234855072725
-3.7035175879396967           1.8528234010907758
-3.5879396984924625           1.8528234401614605
-3.472361809045225            1.8528234247451878
-3.3567839195979907           1.852823414992696
-3.241206030150753            1.8528234272002315
-3.125628140703519            1.8528233579758946
-3.0100502512562812           1.8528233551645552
-2.8944723618090435           1.852823483858105
-2.7788944723618094           1.8528232139234668
-2.6633165829145717           1.852823405367163
-2.5477386934673376           1.8528233519075303
-2.4321608040201              1.852823337202563
-2.316582914572866            1.8528233537252075
-2.201005025125628            1.8528233540111372
-2.0854271356783904           1.8528233417761844
-1.9698492462311563           1.8528233065593571
-1.8542713567839186           1.8528232378900922
-1.7386934673366845           1.8528232764361137
-1.6231155778894468           1.8528232036152374
-1.5075376884422127           1.8528233068089335
-1.391959798994975            1.852823250723145
-1.2763819095477373           1.8528232862075613
-1.1608040201005032           1.8528233013922364
-1.0452261306532655           1.852823289060988
-0.9296482412060314           1.8528232157362767
-0.8140703517587937           1.8528232619900644
-0.698492462311556            1.8528226486058323
-0.5829145728643219           1.8528209986640476
-0.46733668341708423          1.8528151535822157
-0.3517587939698501           1.8527948520187973
-0.23618090452261245          1.8527259147536812
-0.12060301507537828          1.8524986287264027
-0.005025125628140596         1.8517794343189222
0.11055276381909708           1.8496209983211471
0.22613065326633117           1.843567429939586
0.34170854271356893           1.8279414629798885
0.457286432160803             1.7912805402698735
0.5728643216080407            1.7135687341659067
0.6884422110552748            1.5643076203417048
0.8040201005025125            1.3017295684024215
0.9195979899497502            0.8722172715965257
1.0351758793969843            0.20867820981271645
1.150753768844222             -0.7727894754054602
1.266331658291456             -2.178248434201505
1.3819095477386938            -4.143723915815874
1.4974874371859315            -6.84556900759184
1.6130653266331656            -10.513195145777619
1.7286432160804033            -15.445030667461241
1.8442211055276374            -22.029488097747848
1.959798994974875             -30.772599590984264
2.075376884422109             -42.33411156769704
2.190954773869347             -57.57452076579713
2.3065326633165846            -77.61639748685631
2.4221105527638187            -103.9243713590987
2.5376884422110564            -138.40948187856853
2.6532663316582905            -183.56532967965484
2.768844221105528             -244.39625590735332
