-20.0                         1.1398110928798721
-19.884422110552762           1.1398121596145625
-19.768844221105528           1.1398109560542966
-19.65326633165829            1.13980994008379
-19.537688442211056           1.1398110426241008
-19.42211055276382            1.1398107956893901
-19.306532663316585           1.1398110875548513
-19.190954773869347           1.1398095698657642
-19.07537688442211            1.1398112101409363
-18.959798994974875           1.139810864572523
-18.844221105527637           1.139812119262744
-18.728643216080403           1.139810674711121
-18.613065326633166           1.1398110451011547
-18.49748743718593            1.1398107645986755
-18.381909547738694           1.1398131238948783
-18.266331658291456           1.1398106411071838
-18.150753768844222           1.1398107133702935
-18.035175879396984           1.1398109635836275
-17.91959798994975            1.1398106647239825
-17.804020100502512           1.139811161579355
-17.688442211055275           1.1398108001125309
-17.57286432160804            1.139810366811521
-17.457286432160803           1.139810422093151
-17.34170854271357            1.1398105506030278
-17.22613065326633            1.1398105683348982
-17.110552763819094           1.1398103812745197
-16.99497487437186            1.1398108485728833
-16.87939698492462            1.139810222619747
-16.763819095477388           1.1398110798873704
-16.64824120603015            1.1398103505531554
-16.532663316582916           1.1398105284364912
-16.417085427135678           1.1398104074409707
-16.301507537688444           1.139809808929544
-16.185929648241206           1.139810418671458
-16.07035175879397            1.1398106971581439
-15.954773869346734           1.1398093168378234
-15.839195979899497           1.1398103336820256
-15.72361809045226            1.1398104651458214
-15.608040201005025           1.1398111991189053
-15.492462311557789           1.1398103287078114
-15.376884422110553           1.1398103311549581
-15.261306532663315           1.139810410382947
-15.145728643216081           1.1398103417150616
-15.030150753768844           1.1398111774550028
-14.914572864321608           1.1398100647550613
-14.798994974874372           1.1398093483790148
-14.683417085427136           1.1398103385886695
-14.5678391959799             1.139810270434668
-14.452261306532662           1.1398102304037263
-14.336683417085428           1.139810134320158
-14.22110552763819            1.1398106999563078
-14.105527638190955           1.139810086104787
-13.989949748743719           1.1398091826989176
-13.874371859296481           1.1398099278856153
-13.758793969849247           1.1398106005565478
-13.64321608040201            1.1398100277390304
-13.527638190954773           1.1398093228504664
-13.412060301507537           1.1398100755515448
-13.296482412060302           1.1398098377861696
-13.180904522613066           1.139810227613323
-13.065326633165828           1.139809698788182
-12.949748743718594           1.1398100500019581
-12.834170854271356           1.1398095828655432
-12.71859296482412            1.1398102454243466
-12.603015075376884           1.1398095106274586
-12.487437185929648           1.139810075096772
-12.371859296482413           1.1398098273454047
-12.256281407035175           1.1398101500872448
-12.14070351758794            1.1398099255843657
-12.025125628140703           1.1398096897810361
-11.909547738693467           1.1398097406523595
-11.793969849246231           1.1398096794789612
-11.678391959798995           1.13980990862682
-11.56281407035176            1.1398098407695385
-11.447236180904522           1.1398102225515703
-11.331658291457286           1.1398099020190782
-11.21608040201005            1.1398098250255055
-11.100502512562814           1.1398101148634796
-10.984924623115578           1.13980989078011
-10.869346733668342           1.139809759092876
-10.753768844221106           1.1398090900355815
-10.638190954773869           1.1398099120738117
-10.522613065326633           1.1398096656821786
-10.407035175879397           1.1398098910063048
-10.291457286432161           1.1398106059966366
-10.175879396984925           1.1398097262480964
-10.06030150753769            1.1398095936448187
-9.944723618090451            1.139809741243286
-9.829145728643216            1.1398093578529394
-9.71356783919598             1.1398102162743458
-9.597989949748744            1.13980972041626
-9.482412060301508            1.1398096816126275
-9.366834170854272            1.139809785413452
-9.251256281407034            1.1398096869800596
-9.135678391959798            1.1398096166125047
-9.020100502512562            1.1398097962422074
-8.904522613065327            1.13980922815595
-8.78894472361809             1.1398091544620563
-8.673366834170855            1.1398107149866268
-8.557788944723619            1.1398096554418817
-8.442211055276381            1.1398106517580997
-8.326633165829145            1.139809182872903
-8.21105527638191             1.1398093456381817
-8.095477386934673            1.1398097082906968
-7.9798994974874375           1.1398095847536096
-7.864321608040202            1.1398095421566206
-7.748743718592964            1.1398094658577724
-7.633165829145728            1.1398095950831633
-7.517587939698492            1.1398093281917454
-7.402010050251256            1.139809849343842
-7.28643216080402             1.1398095487072812
-7.170854271356784            1.139809480314198
-7.055276381909547            1.1398092173610377
-6.939698492462311            1.1398094739226654
-6.824120603015075            1.1398094905038012
-6.708542713567839            1.1398093220082113
-6.592964824120603            1.1398094667881982
-6.477386934673367            1.1398094554953258
-6.361809045226131            1.139809458058915
-6.246231155778894            1.139809344111281
-6.130653266331658            1.1398094256080236
-6.015075376884422            1.139809424501609
-5.899497487437186            1.13980948391074
-5.78391959798995             1.139809373781718
-5.668341708542714            1.1398093990394338
-5.5527638190954764           1.1398092455737816
-5.4371859296482405           1.1398091080828405
-5.321608040201005            1.1398092336114167
-5.206030150753769            1.1398093235697881
-5.090452261306533            1.139809426649873
-4.974874371859297            1.1398093241668321
-4.859296482412061            1.139809534295799
-4.743718592964823            1.1398093366507225
-4.628140703517587            1.139809442177439
-4.5125628140703515           1.1398092859836553
-4.396984924623116            1.1398092943569116
-4.28140703517588             1.1398093179058293
-4.165829145728644            1.139809297656137
-4.050251256281406            1.1398091913798913
-3.934673366834172            1.1398093191665712
-3.8190954773869343           1.1398093372134437
-3.7035175879396967           1.1398092741640118
-3.5879396984924625           1.1398092914419147
-3.472361809045225            1.139809277105266
-3.3567839195979907           1.1398092950327048
-3.241206030150753            1.1398092482643924
-3.125628140703519            1.1398092322472684
-3.0100502512562812           1.1398092348572855
-2.8944723618090435           1.1398092793714356
-2.7788944723618094           1.1398091143781528
-2.6633165829145717           1.139809224449301
-2.5477386934673376           1.1398092201342334
-2.4321608040201              1.139809213605574
-2.316582914572866            1.1398092182117403
-2.201005025125628            1.1398092313910946
-2.0854271356783904           1.139809218773719
-1.9698492462311563           1.1398091792269787
-1.8542713567839186           1.139809119320817
-1.7386934673366845           1.1398091426502397
-1.6231155778894468           1.1398090919685155
-1.5075376884422127           1.1398091536437898
-1.391959798994975            1.1398090820443354
-1.2763819095477373           1.1398089806298188
-1.1608040201005032           1.139808669894897
-1.0452261306532655           1.139807781866922
-0.9296482412060314           1.1398054019306258
-0.8140703517587937           1.1397991380636152
-0.698492462311556            1.1397820092420154
-0.5829145728643219           1.1397370865907595
-0.46733668341708423          1.1396198853116595
-0.3517587939698501           1.1393192554416136
-0.23618090452261245          1.1385649310441763
-0.12060301507537828          1.1367257313546832
-0.005025125628140596         1.1324035547125253
0.11055276381909708           1.1227011009570318
0.22613065326633117           1.1020792502721901
0.34170854271356893           1.0608708368274362
0.457286432160803             0.9837214799268935
0.5728643216080407            0.8482680611700938
0.6884422110552748            0.6240930752376612
0.8040201005025125            0.2716072572386157
0.9195979899497502            -0.25964108431270383
1.0351758793969843            -1.033619630213872
1.150753768844222             -2.131695551138111
1.266331658291456             -3.6581362593575055
1.3819095477386938            -5.747784117991603
1.4974874371859315            -8.576146128772379
1.6130653266331656            -12.371957808706789
1.7286432160804033            -17.433134779394592
1.8442211055276374            -24.147737415714197
1.959798994974875             -33.02156382608311
2.075376884422109             -44.71420203599361
2.190954773869347             -60.08603868665838
2.3065326633165846            -80.25956584716867
2.4221105527638187            -106.69935659179875
2.5376884422110564            -141.3164089840957
2.6532663316582905            -186.60429298615446
2.768844221105528             -247.56658254051914
