-20.0                         0.49756014611118665
-19.884422110552762           0.49756080319948887
-19.768844221105528           0.4975600770893802
-19.65326633165829            0.49755927655036375
-19.537688442211056           0.49756003605156957
-19.42211055276382            0.4975600650617295
-19.306532663316585           0.4975601940321735
-19.190954773869347           0.49755954596188195
-19.07537688442211            0.4975601095338875
-18.959798994974875           0.4975599399925174
-18.844221105527637           0.4975607349965939
-18.728643216080403           0.49755997920773387
-18.613065326633166           0.4975598821405294
-18.49748743718593            0.497559897538767
-18.381909547738694           0.4975611755148547
-18.266331658291456           0.4975597577978593
-18.150753768844222           0.49755983853164715
-18.035175879396984           0.4975594738653319
-17.91959798994975            0.4975597804185196
-17.804020100502512           0.49755994861580466
-17.688442211055275           0.4975600147229302
-17.57286432160804            0.49755967944147106
-17.457286432160803           0.49755953806022707
-17.34170854271357            0.49755977208816315
-17.22613065326633            0.49755993508230334
-17.110552763819094           0.49755949437187585
-16.99497487437186            0.4975597007995728
-16.87939698492462            0.49755974098988315
-16.763819095477388           0.49755981220358897
-16.64824120603015            0.4975596707425475
-16.532663316582916           0.49755945461044687
-16.417085427135678           0.4975595612460347
-16.301507537688444           0.49755936668810063
-16.185929648241206           0.49755953236092515
-16.07035175879397            0.49755962569524187
-15.954773869346734           0.4975589116886538
-15.839195979899497           0.49755943133968883
-15.72361809045226            0.4975594497734428
-15.608040201005025           0.4975595116087571
-15.492462311557789           0.4975593704179086
-15.376884422110553           0.4975591286152524
-15.261306532663315           0.4975594565535399
-15.145728643216081           0.4975593447284467
-15.030150753768844           0.49755986259577983
-14.914572864321608           0.49755918351037426
-14.798994974874372           0.49755876986187036
-14.683417085427136           0.497559321513852
-14.5678391959799             0.4975593006651665
-14.452261306532662           0.49755926568281145
-14.336683417085428           0.49755920852106233
-14.22110552763819            0.4975592094412658
-14.105527638190955           0.4975591901958386
-13.989949748743719           0.49755856130337783
-13.874371859296481           0.49755907047278236
-13.758793969849247           0.4975597539965464
-13.64321608040201            0.49755914774872806
-13.527638190954773           0.49755886051439424
-13.412060301507537           0.4975591358751773
-13.296482412060302           0.4975592869923597
-13.180904522613066           0.4975591446449024
-13.065326633165828           0.4975587095400917
-12.949748743718594           0.4975591590289247
-12.834170854271356           0.49755873443593385
-12.71859296482412            0.49755925041896965
-12.603015075376884           0.4975586288427833
-12.487437185929648           0.4975591012802246
-12.371859296482413           0.49755904225893216
-12.256281407035175           0.4975591153473439
-12.14070351758794            0.4975589705616078
-12.025125628140703           0.49755909162565143
-11.909547738693467           0.49755885000865757
-11.793969849246231           0.4975587450570934
-11.678391959798995           0.4975589315120184
-11.56281407035176            0.49755890437512573
-11.447236180904522           0.4975590900215718
-11.331658291457286           0.4975589523654027
-11.21608040201005            0.4975588929681759
-11.100502512562814           0.4975592505527677
-10.984924623115578           0.4975589305111957
-10.869346733668342           0.4975588187986297
-10.753768844221106           0.4975584079056847
-10.638190954773869           0.49755886755558465
-10.522613065326633           0.4975587821007883
-10.407035175879397           0.49755885924437915
-10.291457286432161           0.49755914445175914
-10.175879396984925           0.4975587925641684
-10.06030150753769            0.4975586905420205
-9.944723618090451            0.49755876082722245
-9.829145728643216            0.4975587062203809
-9.71356783919598             0.49755893738197127
-9.597989949748744            0.4975587247025213
-9.482412060301508            0.4975587230632294
-9.366834170854272            0.4975587428477426
-9.251256281407034            0.49755871065326107
-9.135678391959798            0.4975586984994075
-9.020100502512562            0.4975587817699989
-8.904522613065327            0.4975585277784403
-8.78894472361809             0.49755840535580326
-8.673366834170855            0.49755934309592015
-8.557788944723619            0.4975586395311676
-8.442211055276381            0.49755929564253976
-8.326633165829145            0.49755841468635226
-8.21105527638191             0.49755861063914214
-8.095477386934673            0.49755859904564287
-7.9798994974874375           0.49755859948993775
-7.864321608040202            0.4975585723016801
-7.748743718592964            0.49755854018435663
-7.633165829145728            0.49755858206034687
-7.517587939698492            0.49755845493123674
-7.402010050251256            0.4975586717072017
-7.28643216080402             0.4975585721262427
-7.170854271356784            0.49755852812684187
-7.055276381909547            0.49755833023648166
-6.939698492462311            0.4975584989087592
-6.824120603015075            0.4975585175335796
-6.708542713567839            0.49755847605627024
-6.592964824120603            0.4975584686461938
-6.477386934673367            0.49755839344506153
-6.361809045226131            0.49755845610652344
-6.246231155778894            0.49755838597238494
-6.130653266331658            0.4975584643435647
-6.015075376884422            0.4975584664216246
-5.899497487437186            0.49755850124346196
-5.78391959798995             0.49755843286590207
-5.668341708542714            0.4975584333198062
-5.5527638190954764           0.497558347892498
-5.4371859296482405           0.49755825074947074
-5.321608040201005            0.4975583599140901
-5.206030150753769            0.4975583629298599
-5.090452261306533            0.4975583801597561
-4.974874371859297            0.4975584370597655
-4.859296482412061            0.49755853819890256
-4.743718592964823            0.49755837702659167
-4.628140703517587            0.49755842961226193
-4.5125628140703515           0.4975583255283209
-4.396984924623116            0.4975583389729712
-4.28140703517588             0.49755834919474945
-4.165829145728644            0.4975583305819929
-4.050251256281406            0.49755831565535996
-3.934673366834172            0.4975583339665993
-3.8190954773869343           0.49755833730251553
-3.7035175879396967           0.4975583025430323
-3.5879396984924625           0.49755830102810705
-3.472361809045225            0.49755829044986427
-3.3567839195979907           0.49755830216326485
-3.241206030150753            0.49755826888061006
-3.125628140703519            0.4975582647385737
-3.0100502512562812           0.49755826590663677
-2.8944723618090435           0.49755824242897245
-2.7788944723618094           0.4975581636172892
-2.6633165829145717           0.49755818587773293
-2.5477386934673376           0.49755817445993034
-2.4321608040201              0.49755810495199826
-2.316582914572866            0.4975579798297957
-2.201005025125628            0.49755775137311054
-2.0854271356783904           0.49755730241497237
-1.9698492462311563           0.49755643459638393
-1.8542713567839186           0.4975548049488397
-1.7386934673366845           0.497551809371052
-1.6231155778894468           0.49754607743977447
-1.5075376884422127           0.4975353756520031
-1.391959798994975            0.49751512854494473
-1.2763819095477373           0.49747706815272996
-1.1608040201005032           0.497405735259626
-1.0452261306532655           0.4972724378046044
-0.9296482412060314           0.49702445538701623
-0.8140703517587937           0.49656551930817955
-0.698492462311556            0.4957215861824826
-0.5829145728643219           0.49418313563234556
-0.46733668341708423          0.4914076069275148
-0.3517587939698501           0.48646488150070444
-0.23618090452261245          0.4778007207818195
-0.12060301507537828          0.4628958574223495
-0.005025125628140596         0.43780554004668804
0.11055276381909708           0.3965795079943713
0.22613065326633117           0.33057604600012147
0.34170854271356893           0.22768421923790055
0.457286432160803             0.07144168392223363
0.5728643216080407            -0.16001024660832708
0.6884422110552748            -0.49524267517448733
0.8040201005025125            -0.971269412051676
0.9195979899497502            -1.6358507927358494
1.0351758793969843            -2.5505548078412374
1.150753768844222             -3.7948377130938002
1.266331658291456             -5.471590380904713
1.3819095477386938            -7.714699295387262
1.4974874371859315            -10.698926939446585
1.6130653266331656            -14.65237265709575
1.7286432160804033            -19.87244757359213
1.8442211055276374            -26.746851200041014
1.959798994974875             -35.78113241894691
2.075376884422109             -47.63470510962701
2.190954773869347             -63.167831802899336
2.3065326633165846            -83.50291465152637
2.4221105527638187            -110.10446074692815
2.5376884422110564            -144.8834192481438
2.6532663316582905            -190.33332358750158
2.768844221105528             -251.4568086711724
