-20.0                         1.8732829153526345
-19.884422110552762           1.8732845218944751
-19.768844221105528           1.8732827510399839
-19.65326633165829            1.8732817866695044
-19.537688442211056           1.873283313012798
-19.42211055276382            1.8732826025076914
-19.306532663316585           1.8732826590011005
-19.190954773869347           1.873280900774514
-19.07537688442211            1.8732833002742406
-18.959798994974875           1.87328288214436
-18.844221105527637           1.8732838382274273
-18.728643216080403           1.8732822710415586
-18.613065326633166           1.8732833556087467
-18.49748743718593            1.8732825778124635
-18.381909547738694           1.873285600199064
-18.266331658291456           1.8732826119502741
-18.150753768844222           1.8732826589072353
-18.035175879396984           1.8732838335118136
-17.91959798994975            1.8732824901470833
-17.804020100502512           1.8732832837531972
-17.688442211055275           1.8732822091779768
-17.57286432160804            1.8732824800693775
-17.457286432160803           1.8732824003712463
-17.34170854271357            1.8732822025263587
-17.22613065326633            1.8732819284425557
-17.110552763819094           1.8732824181832994
-16.99497487437186            1.873282853003385
-16.87939698492462            1.8732816328445276
-16.763819095477388           1.873283364960612
-16.64824120603015            1.8732820770754968
-16.532663316582916           1.8732830722587515
-16.417085427135678           1.8732823219633132
-16.301507537688444           1.8732816169922528
-16.185929648241206           1.8732824056880373
-16.07035175879397            1.8732827260570832
-15.954773869346734           1.8732808628981459
-15.839195979899497           1.8732823119091573
-15.72361809045226            1.8732826970476875
-15.608040201005025           1.8732839253369566
-15.492462311557789           1.8732823672845424
-15.376884422110553           1.8732829901595782
-15.261306532663315           1.873282396867424
-15.145728643216081           1.873282409159895
-15.030150753768844           1.8732830797351534
-14.914572864321608           1.8732820364169216
-14.798994974874372           1.873281244013905
-14.683417085427136           1.8732824357783613
-14.5678391959799             1.8732824578559701
-14.452261306532662           1.873282433442643
-14.336683417085428           1.8732821490974423
-14.22110552763819            1.8732833428346618
-14.105527638190955           1.8732821329627254
-13.989949748743719           1.8732809573180151
-13.874371859296481           1.8732818711910946
-13.758793969849247           1.87328238107153
-13.64321608040201            1.873282035253849
-13.527638190954773           1.873281009896679
-13.412060301507537           1.873282139503194
-13.296482412060302           1.8732813744786685
-13.180904522613066           1.8732823785362345
-13.065326633165828           1.8732819668864313
-12.949748743718594           1.8732819705747603
-12.834170854271356           1.8732815506195901
-12.71859296482412            1.8732822524231358
-12.603015075376884           1.8732816629082927
-12.487437185929648           1.8732820575256428
-12.371859296482413           1.8732817232222922
-12.256281407035175           1.8732821391686616
-12.14070351758794            1.873281971589445
-12.025125628140703           1.8732813024659
-11.909547738693467           1.8732817151780266
-11.793969849246231           1.873281985470841
-11.678391959798995           1.873281983904246
-11.56281407035176            1.8732818585580069
-11.447236180904522           1.8732824179544845
-11.331658291457286           1.8732818977641914
-11.21608040201005            1.8732818477501092
-11.100502512562814           1.8732819620865522
-10.984924623115578           1.8732818904764814
-10.869346733668342           1.8732817839888771
-10.753768844221106           1.8732808946491601
-10.638190954773869           1.873282025367107
-10.522613065326633           1.8732816433441144
-10.407035175879397           1.8732818535453097
-10.291457286432161           1.8732830321377063
-10.175879396984925           1.8732817283358225
-10.06030150753769            1.8732815755594627
-9.944723618090451            1.8732818521827723
-9.829145728643216            1.8732811120895891
-9.71356783919598             1.8732823661070055
-9.597989949748744            1.873281800245035
-9.482412060301508            1.8732817387636376
-9.366834170854272            1.8732818673838845
-9.251256281407034            1.8732817447824306
-9.135678391959798            1.8732816447836904
-9.020100502512562            1.873281693239889
-8.904522613065327            1.8732810694870905
-8.78894472361809             1.873281002521575
-8.673366834170855            1.8732830888007037
-8.557788944723619            1.873281746847429
-8.442211055276381            1.8732830123462612
-8.326633165829145            1.8732810439261098
-8.21105527638191             1.8732811545278876
-8.095477386934673            1.873281876599766
-7.9798994974874375           1.8732815961775837
-7.864321608040202            1.8732815843917714
-7.748743718592964            1.8732814628742118
-7.633165829145728            1.8732816683927518
-7.517587939698492            1.873281405589553
-7.402010050251256            1.8732819624183366
-7.28643216080402             1.873281576209845
-7.170854271356784            1.8732815053827567
-7.055276381909547            1.8732812548211715
-6.939698492462311            1.8732815299296108
-6.824120603015075            1.8732815197634467
-6.708542713567839            1.8732812369070295
-6.592964824120603            1.8732815486858654
-6.477386934673367            1.873281650272744
-6.361809045226131            1.8732815547904709
-6.246231155778894            1.87328138210035
-6.130653266331658            1.8732814311397306
-6.015075376884422            1.8732813868619858
-5.899497487437186            1.8732814270317402
-5.78391959798995             1.8732813815757783
-5.668341708542714            1.8732814314626327
-5.5527638190954764           1.8732812970559343
-5.4371859296482405           1.873281051411859
-5.321608040201005            1.8732812368156835
-5.206030150753769            1.8732814229272385
-5.090452261306533            1.8732815435558858
-4.974874371859297            1.873281240750469
-4.859296482412061            1.8732815420460365
-4.743718592964823            1.8732813467153393
-4.628140703517587            1.8732815148912048
-4.5125628140703515           1.8732813731143287
-4.396984924623116            1.8732813232085324
-4.28140703517588             1.873281343398863
-4.165829145728644            1.8732813433648634
-4.050251256281406            1.8732811397963893
-3.934673366834172            1.873281359948883
-3.8190954773869343           1.8732813946033482
-3.7035175879396967           1.8732813096572947
-3.5879396984924625           1.8732813492583762
-3.472361809045225            1.8732813339262873
-3.3567839195979907           1.8732813229198877
-3.241206030150753            1.8732813376366584
-3.125628140703519            1.8732812666304168
-3.0100502512562812           1.8732812637016871
-2.8944723618090435           1.8732813948206726
-2.7788944723618094           1.8732811218792753
-2.6633165829145717           1.8732813157149848
-2.5477386934673376           1.873281260627256
-2.4321608040201              1.87328124559914
-2.316582914572866            1.8732812625252313
-2.201005025125628            1.8732812621796193
-2.0854271356783904           1.87328125012541
-1.9698492462311563           1.8732812152456697
-1.8542713567839186           1.8732811464495744
-1.7386934673366845           1.8732811855058642
-1.6231155778894468           1.8732811116298422
-1.5075376884422127           1.8732812155132916
-1.391959798994975            1.8732811588015634
-1.2763819095477373           1.8732811947408747
-1.1608040201005032           1.8732812102893497
-1.0452261306532655           1.8732811993350533
-0.9296482412060314           1.873281128939329
-0.8140703517587937           1.87328118978188
-0.698492462311556            1.8732806188963145
-0.5829145728643219           1.8732791117175218
-0.46733668341708423          1.8732737294689568
-0.3517587939698501           1.8732548871500625
-0.23618090452261245          1.8731903959225353
-0.12060301507537828          1.8729760633912556
-0.005025125628140596         1.8722924847724254
0.11055276381909708           1.8702248757734576
0.22613065326633117           1.864381892912907
0.34170854271356893           1.8491909418661585
0.457286432160803             1.8133185863670989
0.5728643216080407            1.736855901240448
0.6884422110552748            1.5893409860455694
0.8040201005025125            1.3289635162041413
0.9195979899497502            0.9020164975847617
1.0351758793969843            0.24131032245166073
1.150753768844222             -0.7371377091449272
1.266331658291456             -2.1394475447563766
1.3819095477386938            -4.101681535547344
1.4974874371859315            -6.800218429008269
1.6130653266331656            -10.46448958840693
1.7286432160804033            -15.39293818458799
1.8442211055276374            -21.97398675305262
1.959798994974875             -30.713673988372687
2.075376884422109             -42.27175067399074
2.190954773869347             -57.50871654626449
2.3065326633165846            -77.54714401875584
2.4221105527638187            -103.85166423605824
2.5376884422110564            -138.33331779927752
2.6532663316582905            -183.48570615753292
2.768844221105528             -244.31319058072015
