-20.0                         1.530836382508035
-19.884422110552762           1.5308377262695603
-19.768844221105528           1.5308362209410133
-19.65326633165829            1.5308352130923473
-19.537688442211056           1.5308365312347578
-19.42211055276382            1.5308360514354713
-19.306532663316585           1.5308362509768316
-19.190954773869347           1.5308345418389426
-19.07537688442211            1.5308366316238489
-18.959798994974875           1.5308362393524253
-18.844221105527637           1.5308374021142248
-18.728643216080403           1.5308358152615966
-18.613065326633166           1.5308365716984196
-18.49748743718593            1.530836033314259
-18.381909547738694           1.5308388031841729
-18.266331658291456           1.5308359868480934
-18.150753768844222           1.530836047696685
-18.035175879396984           1.5308367739129187
-17.91959798994975            1.530835943187712
-17.804020100502512           1.5308366145712267
-17.688442211055275           1.5308358752050535
-17.57286432160804            1.5308357375396409
-17.457286432160803           1.5308357737124647
-17.34170854271357            1.530835729071428
-17.22613065326633            1.5308355997394563
-17.110552763819094           1.5308357587613133
-16.99497487437186            1.5308362558623343
-16.87939698492462            1.5308352586815843
-16.763819095477388           1.5308366093517496
-16.64824120603015            1.5308355450732012
-16.532663316582916           1.5308361568088065
-16.417085427135678           1.5308357262351346
-16.301507537688444           1.5308350233184642
-16.185929648241206           1.5308357583766339
-16.07035175879397            1.5308360944074775
-15.954773869346734           1.5308344297512582
-15.839195979899497           1.530835685066991
-15.72361809045226            1.5308359390336401
-15.608040201005025           1.5308369856603803
-15.492462311557789           1.5308357141217395
-15.376884422110553           1.5308360258371179
-15.261306532663315           1.5308357652148468
-15.145728643216081           1.5308357478617038
-15.030150753768844           1.5308365388961624
-14.914572864321608           1.5308354130768504
-14.798994974874372           1.530834632853033
-14.683417085427136           1.5308357536312491
-14.5678391959799             1.530835725416352
-14.452261306532662           1.5308356899869766
-14.336683417085428           1.5308355042583115
-14.22110552763819            1.5308364243743076
-14.105527638190955           1.530835467393465
-13.989949748743719           1.5308344190607828
-13.874371859296481           1.5308352611421177
-13.758793969849247           1.530835854320147
-13.64321608040201            1.5308353884058037
-13.527638190954773           1.530834500345424
-13.412060301507537           1.530835469586254
-13.296482412060302           1.530834949723907
-13.180904522613066           1.5308356816217155
-13.065326633165828           1.5308351900752863
-12.949748743718594           1.5308353734939646
-12.834170854271356           1.5308349267024044
-12.71859296482412            1.5308356185886693
-12.603015075376884           1.5308349396515795
-12.487437185929648           1.5308354349378281
-12.371859296482413           1.5308351167949812
-12.256281407035175           1.53083552504534
-12.14070351758794            1.5308353134182688
-12.025125628140703           1.530834841971097
-11.909547738693467           1.5308350910302757
-11.793969849246231           1.530835180760831
-11.678391959798995           1.530835315339338
-11.56281407035176            1.5308352139413228
-11.447236180904522           1.5308356942571084
-11.331658291457286           1.5308352664752056
-11.21608040201005            1.5308351969555116
-11.100502512562814           1.5308354020154193
-10.984924623115578           1.530835257986957
-10.869346733668342           1.530835136918774
-10.753768844221106           1.5308343450594224
-10.638190954773869           1.5308353453003125
-10.522613065326633           1.5308350159303683
-10.407035175879397           1.530835255457341
-10.291457286432161           1.5308362185050366
-10.175879396984925           1.5308350893307223
-10.06030150753769            1.5308349484209558
-9.944723618090451            1.5308351593126677
-9.829145728643216            1.5308345824838732
-9.71356783919598             1.5308356898022382
-9.597989949748744            1.5308351312884745
-9.482412060301508            1.5308350754932276
-9.366834170854272            1.5308352001096126
-9.251256281407034            1.5308350818372993
-9.135678391959798            1.5308349873526226
-9.020100502512562            1.530835124628465
-8.904522613065327            1.5308344985497633
-8.78894472361809             1.5308344348687555
-8.673366834170855            1.5308362881660782
-8.557788944723619            1.5308350698168354
-8.442211055276381            1.5308362175724048
-8.326633165829145            1.5308344707952297
-8.21105527638191             1.530834603009341
-8.095477386934673            1.5308351749662372
-7.9798994974874375           1.530834963118396
-7.864321608040202            1.5308349312537293
-7.748743718592964            1.5308348293928142
-7.633165829145728            1.530835003314652
-7.517587939698492            1.5308347198174452
-7.402010050251256            1.5308352941584598
-7.28643216080402             1.5308349302349005
-7.170854271356784            1.530834858806002
-7.055276381909547            1.5308345952842444
-6.939698492462311            1.5308348701609238
-6.824120603015075            1.5308348731505828
-6.708542713567839            1.5308346409102298
-6.592964824120603            1.5308348752055472
-6.477386934673367            1.5308349208963705
-6.361809045226131            1.530834874305975
-6.246231155778894            1.530834729206349
-6.130653266331658            1.5308347957634256
-6.015075376884422            1.5308347749003937
-5.899497487437186            1.5308348283290274
-5.78391959798995             1.5308347423768842
-5.668341708542714            1.5308347826829327
-5.5527638190954764           1.530834628588734
-5.4371859296482405           1.5308344413033839
-5.321608040201005            1.5308345915953259
-5.206030150753769            1.530834735481545
-5.090452261306533            1.5308348601659039
-4.974874371859297            1.5308346453434454
-4.859296482412061            1.5308349078710901
-4.743718592964823            1.5308347073611808
-4.628140703517587            1.530834847671258
-4.5125628140703515           1.5308346924225715
-4.396984924623116            1.5308346726432813
-4.28140703517588             1.5308346971115652
-4.165829145728644            1.5308346863354798
-4.050251256281406            1.5308345269661294
-3.934673366834172            1.5308347079724358
-3.8190954773869343           1.530834735110842
-3.7035175879396967           1.5308346595769056
-3.5879396984924625           1.5308346894401759
-3.472361809045225            1.5308346736198624
-3.3567839195979907           1.5308346805443294
-3.241206030150753            1.53083465836335
-3.125628140703519            1.530834615967485
-3.0100502512562812           1.5308346154508652
-2.8944723618090435           1.5308347057364988
-2.7788944723618094           1.5308344831950986
-2.6633165829145717           1.5308346373746462
-2.5477386934673376           1.53083460803422
-2.4321608040201              1.5308345978148425
-2.316582914572866            1.530834608361795
-2.201005025125628            1.5308346169119
-2.0854271356783904           1.5308346031073392
-1.9698492462311563           1.5308345640048342
-1.8542713567839186           1.5308344982790862
-1.7386934673366845           1.5308345296877557
-1.6231155778894468           1.530834471559927
-1.5075376884422127           1.530834563106446
-1.391959798994975            1.5308345166346196
-1.2763819095477373           1.5308345392732692
-1.1608040201005032           1.5308345342980372
-1.0452261306532655           1.5308344588355995
-0.9296482412060314           1.5308342135264996
-0.8140703517587937           1.530833653412914
-0.698492462311556            1.5308312710007752
-0.5829145728643219           1.5308242234586085
-0.46733668341708423          1.5308023278947065
-0.3517587939698501           1.5307355211429368
-0.23618090452261245          1.5305362458678915
-0.12060301507537828          1.529959263026427
-0.005025125628140596         1.5283535738227492
0.11055276381909708           1.5241065269692586
0.22613065326633117           1.5135630158513245
0.34170854271356893           1.4892836432940142
0.457286432160803             1.437848366039314
0.5728643216080407            1.3378232395742025
0.6884422110552748            1.1584308741207159
0.8040201005025125            0.8587422299250065
0.9195979899497502            0.3865722616741347
1.0351758793969843            -0.323695379879736
1.150753768844222             -1.3547511428784176
1.266331658291456             -2.811800265127911
1.3819095477386938            -4.830308699845055
1.4974874371859315            -7.586236891654681
1.6130653266331656            -11.308687463892598
1.7286432160804033            -16.295856934900822
1.8442211055276374            -22.936000154673316
1.959798994974875             -31.735045470159164
2.075376884422109             -43.35266960601995
2.190954773869347             -58.649321159109085
2.3065326633165846            -78.74753638951178
2.4221105527638187            -105.11192041015462
2.5376884422110564            -139.65349480947862
2.6532663316582905            -184.86584699513003
2.768844221105528             -245.752989575695
