-20.0                         1.3248139802872978
-19.884422110552762           1.3248151738887008
-19.768844221105528           1.3248138291493827
-19.65326633165829            1.3248128088742708
-19.537688442211056           1.3248140100708694
-19.42211055276382            1.324813658155598
-19.306532663316585           1.324813919393814
-19.190954773869347           1.324812288218723
-19.07537688442211            1.3248141560980542
-18.959798994974875           1.324813784839521
-18.844221105527637           1.3248150198448403
-18.728643216080403           1.324813485107634
-18.613065326633166           1.324814036177381
-18.49748743718593            1.3248136378560496
-18.381909547738694           1.324816208595719
-18.266331658291456           1.3248135469948898
-18.150753768844222           1.3248136143470368
-18.035175879396984           1.3248140838273081
-17.91959798994975            1.3248135432936814
-17.804020100502512           1.3248141262526658
-17.688442211055275           1.3248135896178543
-17.57286432160804            1.3248132691390686
-17.457286432160803           1.3248133309913117
-17.34170854271357            1.324813381075905
-17.22613065326633            1.3248133318915238
-17.110552763819094           1.3248133007284546
-16.99497487437186            1.3248137957536956
-16.87939698492462            1.3248129810101608
-16.763819095477388           1.324814077207982
-16.64824120603015            1.3248131810085255
-16.532663316582916           1.3248135580769933
-16.417085427135678           1.3248133012516332
-16.301507537688444           1.3248126392992496
-16.185929648241206           1.3248133189657874
-16.07035175879397            1.324813633536418
-15.954773869346734           1.324812109954788
-15.839195979899497           1.3248132427479198
-15.72361809045226            1.324813427568787
-15.608040201005025           1.3248143228990785
-15.492462311557789           1.3248132541762565
-15.376884422110553           1.3248133942851563
-15.261306532663315           1.3248133215686606
-15.145728643216081           1.3248132782004085
-15.030150753768844           1.3248141081215496
-14.914572864321608           1.3248129721787276
-14.798994974874372           1.3248122179279311
-14.683417085427136           1.3248132780824262
-14.5678391959799             1.324813224457656
-14.452261306532662           1.3248131856203325
-14.336683417085428           1.3248130517711534
-14.22110552763819            1.3248137890811906
-14.105527638190955           1.3248130068779271
-13.989949748743719           1.3248120347451449
-13.874371859296481           1.324812828206775
-13.758793969849247           1.3248134661759423
-13.64321608040201            1.3248129391066883
-13.527638190954773           1.324812143341237
-13.412060301507537           1.324813003463538
-13.296482412060302           1.3248126328939487
-13.180904522613066           1.324813187525675
-13.065326633165828           1.324812668912487
-12.949748743718594           1.3248129468195162
-12.834170854271356           1.3248124873442197
-12.71859296482412            1.3248131668108423
-12.603015075376884           1.3248124511251738
-12.487437185929648           1.3248129903156578
-12.371859296482413           1.3248127028272103
-12.256281407035175           1.3248130757811531
-12.14070351758794            1.324812851638223
-12.025125628140703           1.3248125036532208
-11.909547738693467           1.3248126492393113
-11.793969849246231           1.3248126507537337
-11.678391959798995           1.3248128440488645
-11.56281407035176            1.3248127602538167
-11.447236180904522           1.3248131898222604
-11.331658291457286           1.3248128182861338
-11.21608040201005            1.3248127431083145
-11.100502512562814           1.3248129953932442
-10.984924623115578           1.3248128085597453
-10.869346733668342           1.3248126807242113
-10.753768844221106           1.3248119518508632
-10.638190954773869           1.32481286175735
-10.522613065326633           1.3248125736915044
-10.407035175879397           1.3248128127187135
-10.291457286432161           1.324813645093009
-10.175879396984925           1.324812640804949
-10.06030150753769            1.3248125044763535
-9.944723618090451            1.3248126801903317
-9.829145728643216            1.3248122045418815
-9.71356783919598             1.3248131923877895
-9.597989949748744            1.3248126584166764
-9.482412060301508            1.324812610495504
-9.366834170854272            1.3248127266182022
-9.251256281407034            1.3248126166866052
-9.135678391959798            1.3248125328041893
-9.020100502512562            1.3248127011785908
-8.904522613065327            1.3248120960794543
-8.78894472361809             1.324812029070003
-8.673366834170855            1.3248137325126634
-8.557788944723619            1.324812594914266
-8.442211055276381            1.3248136656878495
-8.326633165829145            1.3248120612444372
-8.21105527638191             1.3248122090121102
-8.095477386934673            1.3248126750663334
-7.9798994974874375           1.3248125091723493
-7.864321608040202            1.324812469792994
-7.748743718592964            1.3248123810859203
-7.633165829145728            1.3248125324504858
-7.517587939698492            1.3248122519903256
-7.402010050251256            1.3248128090532774
-7.28643216080402             1.3248124731610627
-7.170854271356784            1.324812402621624
-7.055276381909547            1.3248121370288664
-6.939698492462311            1.3248124046979273
-6.824120603015075            1.3248124153707979
-6.708542713567839            1.324812215843223
-6.592964824120603            1.324812403147613
-6.477386934673367            1.3248124177154377
-6.361809045226131            1.3248123979302926
-6.246231155778894            1.3248122694430622
-6.130653266331658            1.324812344786644
-6.015075376884422            1.3248123356356325
-5.899497487437186            1.324812393597511
-5.78391959798995             1.3248122913165488
-5.668341708542714            1.324812324078666
-5.5527638190954764           1.3248121670082342
-5.4371859296482405           1.3248120083785266
-5.321608040201005            1.3248121435935893
-5.206030150753769            1.324812259523138
-5.090452261306533            1.324812376348093
-4.974874371859297            1.3248122198232375
-4.859296482412061            1.3248124558848864
-4.743718592964823            1.3248122557242465
-4.628140703517587            1.324812377817861
-4.5125628140703515           1.3248122197291752
-4.396984924623116            1.3248122161921243
-4.28140703517588             1.3248122409203833
-4.165829145728644            1.324812224517127
-4.050251256281406            1.3248120928319653
-3.934673366834172            1.3248122470504773
-3.8190954773869343           1.3248122694018933
-3.7035175879396967           1.3248122001730778
-3.5879396984924625           1.3248122235044566
-3.472361809045225            1.3248122082473548
-3.3567839195979907           1.3248122223512626
-3.241206030150753            1.3248121844683036
-3.125628140703519            1.3248121571502587
-3.0100502512562812           1.3248121583231303
-2.8944723618090435           1.324812224203994
-2.7788944723618094           1.324812031996274
-2.6633165829145717           1.3248121627640717
-2.5477386934673376           1.3248121472380205
-2.4321608040201              1.3248121392200278
-2.316582914572866            1.3248121464319151
-2.201005025125628            1.3248121582681842
-2.0854271356783904           1.3248121447057233
-1.9698492462311563           1.324812104776646
-1.8542713567839186           1.3248120419334277
-1.7386934673366845           1.3248120694946757
-1.6231155778894468           1.3248120180586667
-1.5075376884422127           1.3248120994299173
-1.391959798994975            1.324812053487446
-1.2763819095477373           1.3248120476510805
-1.1608040201005032           1.324811975547353
-1.0452261306532655           1.324811710474813
-0.9296482412060314           1.324810941096584
-0.8140703517587937           1.3248088631987829
-0.698492462311556            1.3248023250774568
-0.5829145728643219           1.324783900876785
-0.46733668341708423          1.324731558807397
-0.3517587939698501           1.3245854236978314
-0.23618090452261245          1.324186471964247
-0.12060301507537828          1.323128874511572
-0.005025125628140596         1.3204309063404396
0.11055276381909708           1.313874972063188
0.22613065326633117           1.2988624626724845
0.34170854271356893           1.2667668235607008
0.457286432160803             1.2030627103896072
0.5728643216080407            1.0857095242782613
0.6884422110552748            0.8840311548960499
0.8040201005025125            0.5577705188067364
0.9195979899497502            0.055661772466635305
1.0351758793969843            -0.6870223181193343
1.150753768844222             -1.7522556577990274
1.266331658291456             -3.2447362485366895
1.3819095477386938            -5.299594660406415
1.4974874371859315            -8.092549839414222
1.6130653266331656            -11.85251044416418
1.7286432160804033            -16.87752536222744
1.8442211055276374            -23.555747733821594
1.959798994974875             -32.39303811152783
2.075376884422109             -44.04902723035069
2.190954773869347             -59.384131663076744
2.3065326633165846            -79.52086488292177
2.4221105527638187            -105.92381551303907
2.5376884422110564            -140.5039930514811
2.6532663316582905            -185.7549759499458
2.768844221105528             -246.68055238976538
