-20.0                         1.5817872818822107
-19.884422110552762           1.5817886639618968
-19.768844221105528           1.58178711872901
-19.65326633165829            1.5817861160038174
-19.537688442211056           1.5817874641710057
-19.42211055276382            1.5817869512435674
-19.306532663316585           1.5817871320651287
-19.190954773869347           1.5817854100963908
-19.07537688442211            1.5817875502624281
-18.959798994974875           1.5817871536544945
-18.844221105527637           1.5817882917647021
-18.728643216080403           1.5817866995979035
-18.613065326633166           1.5817875064563187
-18.49748743718593            1.5817869325989402
-18.381909547738694           1.5817897461323025
-18.266331658291456           1.5817868979129983
-18.150753768844222           1.5817869569516014
-18.035175879396984           1.5817877483539726
-17.91959798994975            1.5817868432570077
-17.804020100502512           1.581787534985078
-17.688442211055275           1.5817867451439158
-17.57286432160804            1.5817866607618563
-17.457286432160803           1.5817866853109042
-17.34170854271357            1.5817866170077888
-17.22613065326633            1.5817864670472723
-17.110552763819094           1.5817866746766418
-16.99497487437186            1.581787167612633
-16.87939698492462            1.581786130637341
-16.763819095477388           1.5817875416569422
-16.64824120603015            1.5817864393914243
-16.532663316582916           1.5817871095902702
-16.417085427135678           1.5817866333290005
-16.301507537688444           1.5817859249949087
-16.185929648241206           1.5817866707154415
-16.07035175879397            1.5817870086197545
-15.954773869346734           1.5817853117722653
-15.839195979899497           1.5817865965710551
-15.72361809045226            1.5817868689718702
-15.608040201005025           1.5817879481622004
-15.492462311557789           1.581786629815747
-15.376884422110553           1.5817869861859533
-15.261306532663315           1.5817866771218712
-15.145728643216081           1.5817866654368062
-15.030150753768844           1.5817874424834346
-14.914572864321608           1.581786324201017
-14.798994974874372           1.5817855398679097
-14.683417085427136           1.5817866733097183
-14.5678391959799             1.5817866523170487
-14.452261306532662           1.5817866180967084
-14.336683417085428           1.581786418381514
-14.22110552763819            1.5817873818349362
-14.105527638190955           1.5817863840822146
-13.989949748743719           1.581785316879102
-13.874371859296481           1.5817861702911995
-13.758793969849247           1.5817867516618873
-13.64321608040201            1.5817863022759189
-13.527638190954773           1.581785392616691
-13.412060301507537           1.5817863873013223
-13.296482412060302           1.5817858305933927
-13.180904522613066           1.581786604922925
-13.065326633165828           1.5817861225450085
-12.949748743718594           1.5817862808526972
-12.834170854271356           1.5817858376838156
-12.71859296482412            1.581786531801251
-12.603015075376884           1.5817858641006628
-12.487437185929648           1.581786346390122
-12.371859296482413           1.5817860230454925
-12.256281407035175           1.5817864364731553
-12.14070351758794            1.5817862297330973
-12.025125628140703           1.581785728184881
-11.909547738693467           1.5817860023220327
-11.793969849246231           1.5817861164611393
-11.678391959798995           1.5817862337063802
-11.56281407035176            1.5817861281891827
-11.447236180904522           1.5817866206843814
-11.331658291457286           1.581786179073083
-11.21608040201005            1.581786111610839
-11.100502512562814           1.5817863041449804
-10.984924623115578           1.5817861708279786
-10.869346733668342           1.581786051728003
-10.753768844221106           1.5817852448109386
-10.638190954773869           1.5817862660788142
-10.522613065326633           1.5817859275100026
-10.407035175879397           1.581786164922063
-10.291457286432161           1.5817871602400777
-10.175879396984925           1.5817860024618116
-10.06030150753769            1.5817858601993717
-9.944723618090451            1.5817860803617418
-9.829145728643216            1.5817854788068368
-9.71356783919598             1.5817866118938997
-9.597989949748744            1.581786049866388
-9.482412060301508            1.5817859925861688
-9.366834170854272            1.5817861185427153
-9.251256281407034            1.581785998906258
-9.135678391959798            1.581785902613472
-9.020100502512562            1.581786029425498
-8.904522613065327            1.5817854010074663
-8.78894472361809             1.581785337512648
-8.673366834170855            1.5817872266264448
-8.557788944723619            1.581785989128765
-8.442211055276381            1.581787155132019
-8.326633165829145            1.5817853743084025
-8.21105527638191             1.5817855029442127
-8.095477386934673            1.581786099369253
-7.9798994974874375           1.5817858765787625
-7.864321608040202            1.5817858471537383
-7.748743718592964            1.5817857421792973
-7.633165829145728            1.5817859212920646
-7.517587939698492            1.581785638904039
-7.402010050251256            1.5817862141135632
-7.28643216080402             1.581785845007388
-7.170854271356784            1.5817857735399703
-7.055276381909547            1.5817855112432004
-6.939698492462311            1.581785787084928
-6.824120603015075            1.5817857880912571
-6.708542713567839            1.581785548034228
-6.592964824120603            1.581785793902106
-6.477386934673367            1.5817858476100441
-6.361809045226131            1.5817857940877507
-6.246231155778894            1.581785644854262
-6.130653266331658            1.581785708997305
-6.015075376884422            1.5817856848932397
-5.899497487437186            1.581785736779061
-5.78391959798995             1.5817856559098178
-5.668341708542714            1.58178569790052
-5.5527638190954764           1.5817855456099637
-5.4371859296482405           1.5817853504543302
-5.321608040201005            1.581785505182506
-5.206030150753769            1.5817856557393384
-5.090452261306533            1.5817857811513625
-4.974874371859297            1.5817855524367275
-4.859296482412061            1.581785821134508
-4.743718592964823            1.581785620931558
-4.628140703517587            1.5817857656270997
-4.5125628140703515           1.5817856117654876
-4.396984924623116            1.581785587652797
-4.28140703517588             1.5817856117920268
-4.165829145728644            1.581785602551582
-4.050251256281406            1.5817854364488795
-3.934673366834172            1.5817856236806405
-3.8190954773869343           1.581785651985088
-3.7035175879396967           1.5817855749721776
-3.5879396984924625           1.581785606387651
-3.472361809045225            1.5817855905202667
-3.3567839195979907           1.5817855952231943
-3.241206030150753            1.581785577758114
-3.125628140703519            1.58178553132678
-3.0100502512562812           1.5817855304048554
-2.8944723618090435           1.5817856267726038
-2.7788944723618094           1.5817853967274675
-2.6633165829145717           1.5817855567518924
-2.5477386934673376           1.5817855237926133
-2.4321608040201              1.5817855129443321
-2.316582914572866            1.5817855243812395
-2.201005025125628            1.5817855318577176
-2.0854271356783904           1.5817855181415383
-1.9698492462311563           1.581785479456452
-1.8542713567839186           1.5817854131396103
-1.7386934673366845           1.5817854455669118
-1.6231155778894468           1.5817853853846697
-1.5075376884422127           1.5817854789361172
-1.391959798994975            1.5817854311547566
-1.2763819095477373           1.5817854570510204
-1.1608040201005032           1.5817854585293498
-1.0452261306532655           1.5817854023714624
-0.9296482412060314           1.5817852116041398
-0.8140703517587937           1.5817848262206524
-0.698492462311556            1.5817829458766892
-0.5829145728643219           1.5817773656557539
-0.46733668341708423          1.5817596535387084
-0.3517587939698501           1.5817044534678426
-0.23618090452261245          1.5815362766454288
-0.12060301507537828          1.5810389334321209
-0.005025125628140596         1.579625653986639
0.11055276381909708           1.5758102337939464
0.22613065326633117           1.5661504148509353
0.34170854271356893           1.543496902774336
0.457286432160803             1.4947252121446564
0.5728643216080407            1.3985896291123538
0.6884422110552748            1.2243204407438242
0.8040201005025125            0.9308369659634008
0.9195979899497502            0.46572617047467685
1.0351758793969843            -0.2368550582593903
1.150753768844222             -1.2597813107310099
1.266331658291456             -2.7083880926827946
1.3819095477386938            -4.718226888079899
1.4974874371859315            -7.465318949409907
1.6130653266331656            -11.178815230202574
1.7286432160804033            -16.156948780189623
1.8442211055276374            -22.787999456442723
1.959798994974875             -31.57791217168925
2.075376884422109             -43.18637483038079
2.190954773869347             -58.47384378278128
2.3065326633165846            -78.56286078867652
2.4221105527638187            -104.91803493120948
2.5376884422110564            -139.45039070433788
2.6532663316582905            -184.65351766484264
2.768844221105528             -245.53148203800657
