-20.0                         0.3757263406292825
-19.884422110552762           0.3757268899670764
-19.768844221105528           0.37572628403902186
-19.65326633165829            0.37572559407188516
-19.537688442211056           0.3757262501058588
-19.42211055276382            0.37572631099679266
-19.306532663316585           0.3757263538324037
-19.190954773869347           0.3757259946045983
-19.07537688442211            0.3757262732392712
-18.959798994974875           0.3757261612525134
-18.844221105527637           0.37572670651756984
-18.728643216080403           0.375726187577176
-18.613065326633166           0.3757260604759819
-18.49748743718593            0.37572610463298933
-18.381909547738694           0.3757270387113846
-18.266331658291456           0.37572598561267523
-18.150753768844222           0.37572606072857007
-18.035175879396984           0.3757256375666108
-17.91959798994975            0.3757259873416013
-17.804020100502512           0.3757260833921813
-17.688442211055275           0.3757261628245528
-17.57286432160804            0.37572595218205085
-17.457286432160803           0.37572577187455686
-17.34170854271357            0.37572596710666667
-17.22613065326633            0.3757261137132224
-17.110552763819094           0.3757257384767042
-16.99497487437186            0.37572587084822506
-16.87939698492462            0.3757259778140494
-16.763819095477388           0.3757259444080169
-16.64824120603015            0.37572589001583495
-16.532663316582916           0.3757257031354221
-16.417085427135678           0.37572579340935985
-16.301507537688444           0.3757256965017932
-16.185929648241206           0.375725740174495
-16.07035175879397            0.37572580101232134
-15.954773869346734           0.37572527508854126
-15.839195979899497           0.37572565260251073
-15.72361809045226            0.37572565892936083
-15.608040201005025           0.3757256040301443
-15.492462311557789           0.3757255812938786
-15.376884422110553           0.3757253743762651
-15.261306532663315           0.3757256489183368
-15.145728643216081           0.3757255517440913
-15.030150753768844           0.37572590616284246
-14.914572864321608           0.37572541673037846
-14.798994974874372           0.3757251252376132
-14.683417085427136           0.3757255174295379
-14.5678391959799             0.3757255212294763
-14.452261306532662           0.37572548867504574
-14.336683417085428           0.3757254257517925
-14.22110552763819            0.3757253548396482
-14.105527638190955           0.37572542149586896
-13.989949748743719           0.3757248789855577
-13.874371859296481           0.37572530774163193
-13.758793969849247           0.3757259292870206
-13.64321608040201            0.375725375106986
-13.527638190954773           0.3757252062613896
-13.412060301507537           0.37572535341011404
-13.296482412060302           0.375725536205607
-13.180904522613066           0.37572533528794216
-13.065326633165828           0.3757249638034442
-12.949748743718594           0.37572536557357444
-12.834170854271356           0.37572498537386445
-12.71859296482412            0.37572542982739654
-12.603015075376884           0.37572490590676955
-12.487437185929648           0.37572529172019187
-12.371859296482413           0.3757252648565705
-12.256281407035175           0.37572529678114003
-12.14070351758794            0.375725180859525
-12.025125628140703           0.375725341474197
-11.909547738693467           0.375725078694067
-11.793969849246231           0.3757250116985127
-11.678391959798995           0.3757251418352975
-11.56281407035176            0.37572511964141353
-11.447236180904522           0.3757252519206456
-11.331658291457286           0.3757251532981015
-11.21608040201005            0.37572510511254764
-11.100502512562814           0.37572544184684076
-10.984924623115578           0.37572512725169205
-10.869346733668342           0.3757250330974467
-10.753768844221106           0.37572469999588637
-10.638190954773869           0.37572506183679955
-10.522613065326633           0.3757250100752106
-10.407035175879397           0.37572504281114716
-10.291457286432161           0.37572522309042483
-10.175879396984925           0.37572500043608276
-10.06030150753769            0.37572491442194617
-9.944723618090451            0.37572496808480055
-9.829145728643216            0.3757249757918806
-9.71356783919598             0.3757250543421692
-9.597989949748744            0.37572492971745863
-9.482412060301508            0.37572493386567
-9.366834170854272            0.37572493047975064
-9.251256281407034            0.3757249134662218
-9.135678391959798            0.375724908859209
-9.020100502512562            0.3757249497666929
-8.904522613065327            0.3757248033839863
-8.78894472361809             0.3757246727685943
-8.673366834170855            0.3757254250514217
-8.557788944723619            0.3757248346113242
-8.442211055276381            0.37572538237595154
-8.326633165829145            0.3757246752531342
-8.21105527638191             0.37572485610955036
-8.095477386934673            0.37572478853686614
-7.9798994974874375           0.3757247992750758
-7.864321608040202            0.37572477905114227
-7.748743718592964            0.3757247558898574
-7.633165829145728            0.3757247777102709
-7.517587939698492            0.37572469889793014
-7.402010050251256            0.3757248171684428
-7.28643216080402             0.37572477034017476
-7.170854271356784            0.3757247361470671
-7.055276381909547            0.3757245745155465
-6.939698492462311            0.3757247054406208
-6.824120603015075            0.37572471805338276
-6.708542713567839            0.3757247083777235
-6.592964824120603            0.3757246700056813
-6.477386934673367            0.3757245926943023
-6.361809045226131            0.37572465963446755
-6.246231155778894            0.37572459683742687
-6.130653266331658            0.37572466524506665
-6.015075376884422            0.3757246638604924
-5.899497487437186            0.3757246846309113
-5.78391959798995             0.37572463996501093
-5.668341708542714            0.37572463759134034
-5.5527638190954764           0.3757245785873565
-5.4371859296482405           0.37572448801819275
-5.321608040201005            0.37572458814936066
-5.206030150753769            0.3757245774835922
-5.090452261306533            0.3757245767839576
-4.974874371859297            0.3757246432632829
-4.859296482412061            0.37572471733397567
-4.743718592964823            0.3757245781995065
-4.628140703517587            0.3757246203106992
-4.5125628140703515           0.3757245383036065
-4.396984924623116            0.37572454374091957
-4.28140703517588             0.3757245494166421
-4.165829145728644            0.3757245341176678
-4.050251256281406            0.3757245357625911
-3.934673366834172            0.3757245301760887
-3.8190954773869343           0.37572452849430493
-3.7035175879396967           0.3757244992669615
-3.5879396984924625           0.37572449053702056
-3.472361809045225            0.37572447239005635
-3.3567839195979907           0.375724466076364
-3.241206030150753            0.37572442009790175
-3.125628140703519            0.3757243728974097
-3.0100502512562812           0.37572430557602204
-2.8944723618090435           0.3757241608988236
-2.7788944723618094           0.37572391091662727
-2.6633165829145717           0.37572359649831394
-2.5477386934673376           0.37572304233333836
-2.4321608040201              0.3757220579271552
-2.316582914572866            0.3757203944797662
-2.201005025125628            0.37571758337598804
-2.0854271356783904           0.3757128160124415
-1.9698492462311563           0.3757047334196716
-1.8542713567839186           0.37569107469898416
-1.7386934673366845           0.37566806206965037
-1.6231155778894468           0.37562916657040646
-1.5075376884422127           0.37556371140430445
-1.391959798994975            0.3754535225421366
-1.2763819095477373           0.3752684918701928
-1.1608040201005032           0.3749585928023804
-1.0452261306532655           0.37444109239861034
-0.9296482412060314           0.37358020126679425
-0.8140703517587937           0.37215460728061095
-0.698492462311556            0.36980696404692753
-0.5829145728643219           0.3659675725024972
-0.46733668341708423          0.35973976604545405
-0.3517587939698501           0.3497359701914787
-0.23618090452261245          0.3338490396967397
-0.12060301507537828          0.30894618846520383
-0.005025125628140596         0.27047462793165045
0.11055276381909708           0.21197109165629763
0.22613065326633117           0.12446601328963111
0.34170854271356893           -0.004233982674433109
0.457286432160803             -0.19042042546811616
0.5728643216080407            -0.4555734040659982
0.6884422110552748            -0.8277560166640119
0.8040201005025125            -1.3434273798243745
0.9195979899497502            -2.0498126157725545
1.0351758793969843            -3.0080076146824757
1.150753768844222             -4.297086273643317
1.266331658291456             -6.019655983915941
1.3819095477386938            -8.309395493144413
1.4974874371859315            -11.340892814740414
1.6130653266331656            -15.342089757879696
1.7286432160804033            -20.610267966883352
1.8442211055276374            -27.533031363489215
1.959798994974875             -36.615860876602014
2.075376884422109             -48.518121764350305
2.190954773869347             -64.10004126156124
2.3065326633165846            -84.48399558321152
2.4221105527638187            -111.13447257702741
2.5376884422110564            -145.96240701814736
2.6532663316582905            -191.4613215245244
2.768844221105528             -252.63356746514225
