-20.0                         0.47944714410431083
-19.884422110552762           0.47944778739163807
-19.768844221105528           0.47944707696344147
-19.65326633165829            0.4794462899723423
-19.537688442211056           0.4794470365528613
-19.42211055276382            0.4794470709691131
-19.306532663316585           0.4794471882925976
-19.190954773869347           0.47944657931500834
-19.07537688442211            0.4794471034127672
-18.959798994974875           0.4794469416245584
-18.844221105527637           0.4794477052817063
-18.728643216080403           0.4794469806600142
-18.613065326633166           0.47944687725595087
-18.49748743718593            0.47944689760521164
-18.381909547738694           0.479448130789467
-18.266331658291456           0.47944676028907823
-18.150753768844222           0.4794468406278565
-18.035175879396984           0.47944646479028863
-17.91959798994975            0.4794467803237855
-17.804020100502512           0.4794469383461683
-17.688442211055275           0.47944700873016155
-17.57286432160804            0.4794466892735403
-17.457286432160803           0.4794465411544109
-17.34170854271357            0.4794467714145466
-17.22613065326633            0.47944693390731485
-17.110552763819094           0.47944649859790983
-16.99497487437186            0.47944669468050194
-16.87939698492462            0.47944674768916823
-16.763819095477388           0.47944680155590397
-16.64824120603015            0.4794466739737528
-16.532663316582916           0.4794464588340443
-16.417085427135678           0.47944656457354895
-16.301507537688444           0.4794463844427921
-16.185929648241206           0.47944653267172976
-16.07035175879397            0.4794466209855746
-15.954773869346734           0.4794459321041335
-15.839195979899497           0.47944643300192535
-15.72361809045226            0.4794464495943854
-15.608040201005025           0.4794464930079393
-15.492462311557789           0.4794463705547074
-15.376884422110553           0.4794461309732246
-15.261306532663315           0.4794464546561516
-15.145728643216081           0.47944634415769083
-15.030150753768844           0.4794468413863253
-14.914572864321608           0.4794461865714213
-14.798994974874372           0.47944578834228846
-14.683417085427136           0.4794463195841229
-14.5678391959799             0.479446302263273
-14.452261306532662           0.4794462675761221
-14.336683417085428           0.47944620959183026
-14.22110552763819            0.47944619825556634
-14.105527638190955           0.4794461932091684
-13.989949748743719           0.47944557513423475
-13.874371859296481           0.4794460741607288
-13.758793969849247           0.47944675172789114
-13.64321608040201            0.4794461504382605
-13.527638190954773           0.47944587917486453
-13.412060301507537           0.47944613704462574
-13.296482412060302           0.47944629478723344
-13.180904522613066           0.479446141677181
-13.065326633165828           0.47944571396924496
-12.949748743718594           0.47944615930975665
-12.834170854271356           0.4794457395542208
-12.71859296482412            0.4794462470357506
-12.603015075376884           0.4794456365388129
-12.487437185929648           0.47944609903122504
-12.371859296482413           0.47944604514332056
-12.256281407035175           0.4794461115927496
-12.14070351758794            0.47944597071573125
-12.025125628140703           0.4794460990848353
-11.909547738693467           0.4794458525346607
-11.793969849246231           0.47944575181213256
-11.678391959798995           0.4794459315634342
-11.56281407035176            0.4794459051626457
-11.447236180904522           0.4794460837051259
-11.331658291457286           0.4794459515609019
-11.21608040201005            0.4794458935019654
-11.100502512562814           0.4794462496989871
-10.984924623115578           0.47944592917499246
-10.869346733668342           0.47944581948068904
-10.753768844221106           0.4794454186481356
-10.638190954773869           0.4794458653654566
-10.522613065326633           0.4794457847194348
-10.407035175879397           0.4794458556099982
-10.291457286432161           0.479446126554894
-10.175879396984925           0.4794457925830663
-10.06030150753769            0.4794456924780451
-9.944723618090451            0.4794457605593867
-9.829145728643216            0.47944571529294333
-9.71356783919598             0.47944592460232505
-9.597989949748744            0.479445724012961
-9.482412060301508            0.47944572332493
-9.366834170854272            0.4794457397933064
-9.251256281407034            0.4794457098525149
-9.135678391959798            0.4794456990184908
-9.020100502512562            0.4794457765158631
-8.904522613065327            0.4794455370071456
-8.78894472361809             0.4794454130427235
-8.673366834170855            0.4794463266653679
-8.557788944723619            0.4794456375722685
-8.442211055276381            0.47944627982996274
-8.326633165829145            0.4794454215219725
-8.21105527638191             0.47944561644334527
-8.095477386934673            0.4794455956961523
-7.9798994974874375           0.4794455981870896
-7.864321608040202            0.47944557195327114
-7.748743718592964            0.4794455411053522
-7.633165829145728            0.47944558018908684
-7.517587939698492            0.47944545956528545
-7.402010050251256            0.4794456628995837
-7.28643216080402             0.479445570803379
-7.170854271356784            0.4794455280739732
-7.055276381909547            0.4794453344793271
-6.939698492462311            0.4794454985253891
-6.824120603015075            0.47944551648715483
-6.708542713567839            0.4794454794017998
-6.592964824120603            0.47944546748945976
-6.477386934673367            0.47944539154820864
-6.361809045226131            0.47944545517929144
-6.246231155778894            0.4794453861078564
-6.130653266331658            0.47944546338517224
-6.015075376884422            0.4794454650032713
-5.899497487437186            0.47944549806959263
-5.78391959798995             0.47944543279572055
-5.668341708542714            0.47944543275581325
-5.5527638190954764           0.4794453508297161
-5.4371859296482405           0.47944525443804553
-5.321608040201005            0.47944536277255817
-5.206030150753769            0.4794453636447428
-5.090452261306533            0.4794453781126367
-4.974874371859297            0.4794454373574557
-4.859296482412061            0.4794455347768061
-4.743718592964823            0.47944537611201976
-4.628140703517587            0.47944542725913647
-4.5125628140703515           0.4794453260431873
-4.396984924623116            0.47944533853393795
-4.28140703517588             0.47944534816980927
-4.165829145728644            0.47944533001625184
-4.050251256281406            0.4794453176728377
-3.934673366834172            0.4794453325820802
-3.8190954773869343           0.4794453354423775
-3.7035175879396967           0.4794453017545899
-3.5879396984924625           0.47944529978193284
-3.472361809045225            0.47944528916853457
-3.3567839195979907           0.47944530010509495
-3.241206030150753            0.4794452678352512
-3.125628140703519            0.4794452625577678
-3.0100502512562812           0.47944526217619815
-2.8944723618090435           0.47944523481953144
-2.7788944723618094           0.47944515419808686
-2.6633165829145717           0.4794451659767555
-2.5477386934673376           0.4794451394911137
-2.4321608040201              0.47944504213618805
-2.316582914572866            0.4794448665726154
-2.201005025125628            0.47944454703100875
-2.0854271356783904           0.4794439354232171
-1.9698492462311563           0.47944277634810684
-1.8542713567839186           0.4794406262765944
-1.7386934673366845           0.4794367019958586
-1.6231155778894468           0.47942932430699425
-1.5075376884422127           0.47941571686665696
-1.391959798994975            0.47939037281796154
-1.2763819095477373           0.4793434218143609
-1.1608040201005032           0.4792566989592949
-1.0452261306532655           0.4790969933932213
-0.9296482412060314           0.4788041675803234
-0.8140703517587937           0.47827003081834124
-0.698492462311556            0.4773018847496938
-0.5829145728643219           0.47556194436286753
-0.46733668341708423          0.4724666107758109
-0.3517587939698501           0.46702924796367873
-0.23618090452261245          0.4576228668061468
-0.12060301507537828          0.44164229599482074
-0.005025125628140596         0.4150521119105847
0.11055276381909708           0.37181998117799914
0.22613065326633117           0.3032458695949901
0.34170854271356893           0.1971959225737145
0.457286432160803             0.03722374833588768
0.5728643216080407            -0.1984802620669906
0.6884422110552748            -0.5384169014765474
0.8040201005025125            -1.0195215474300428
0.9195979899497502            -1.6894785169003943
1.0351758793969843            -2.6097889541444985
1.150753768844222             -3.85985527582163
1.266331658291456             -5.5425287018026514
1.3819095477386938            -7.791666986421832
1.4974874371859315            -10.782008850622368
1.6130653266331656            -14.741632418646343
1.7286432160804033            -19.967931499821237
1.8442211055276374            -26.848592902087695
1.959798994974875             -35.889156529038786
2.075376884422109             -47.74902986572965
2.190954773869347             -63.288470818192756
2.3065326633165846            -83.62987815027115
2.4221105527638187            -110.23775644462037
2.5376884422110564            -145.02305298826388
2.6532663316582905            -190.4792998079205
2.768844221105528             -251.6090951033332
