-20.0                         0.3547333578752398
-19.884422110552762           0.35473388249990623
-19.768844221105528           0.3547333034472716
-19.65326633165829            0.35473263979071634
-19.537688442211056           0.35473327129817767
-19.42211055276382            0.3547333361845838
-19.306532663316585           0.35473336211066564
-19.190954773869347           0.35473306116432923
-19.07537688442211            0.3547332838141026
-18.959798994974875           0.35473318360426515
-18.844221105527637           0.3547336727189988
-18.728643216080403           0.3547332043634465
-18.613065326633166           0.3547330757617045
-18.49748743718593            0.35473312364101584
-18.381909547738694           0.3547339823924317
-18.266331658291456           0.35473300957233206
-18.150753768844222           0.3547330825320743
-18.035175879396984           0.354732655172575
-17.91959798994975            0.3547330066241089
-17.804020100502512           0.3547330886829813
-17.688442211055275           0.354733165772783
-17.57286432160804            0.3547329820149779
-17.457286432160803           0.3547327975995844
-17.34170854271357            0.35473298184886415
-17.22613065326633            0.35473312118006434
-17.110552763819094           0.35473276685110194
-16.99497487437186            0.35473288469026126
-16.87939698492462            0.3547329969398423
-16.763819095477388           0.3547329490056325
-16.64824120603015            0.3547329080681974
-16.532663316582916           0.354732732994768
-16.417085427135678           0.35473281755829655
-16.301507537688444           0.3547327375113485
-16.185929648241206           0.354732758922547
-16.07035175879397            0.3547328143057801
-15.954773869346734           0.3547323282523544
-15.839195979899497           0.35473267504240596
-15.72361809045226            0.35473267916366735
-15.608040201005025           0.354732606550892
-15.492462311557789           0.3547326018674427
-15.376884422110553           0.35473240745209494
-15.261306532663315           0.3547326646954164
-15.145728643216081           0.35473257190278096
-15.030150753768844           0.35473288982211326
-14.914572864321608           0.35473244220933564
-14.798994974874372           0.35473217841011295
-14.683417085427136           0.3547325350082826
-14.5678391959799             0.3547325430931815
-14.452261306532662           0.3547325111495189
-14.336683417085428           0.354732447472414
-14.22110552763819            0.354732367573545
-14.105527638190955           0.3547324458313939
-13.989949748743719           0.35473192373522344
-13.874371859296481           0.35473233385210584
-13.758793969849247           0.3547329363420895
-13.64321608040201            0.354732398199217
-13.527638190954773           0.3547322536826428
-13.412060301507537           0.3547323748987399
-13.296482412060302           0.3547325586788773
-13.180904522613066           0.35473235241511897
-13.065326633165828           0.3547319971460927
-12.949748743718594           0.35473238349634584
-12.834170854271356           0.3547320154174372
-12.71859296482412            0.35473244206040366
-12.603015075376884           0.3547319435057166
-12.487437185929648           0.3547323072600685
-12.371859296482413           0.35473228523828376
-12.256281407035175           0.3547323110327371
-12.14070351758794            0.3547322010585473
-12.025125628140703           0.35473236506296196
-11.909547738693467           0.35473210302538827
-11.793969849246231           0.35473204547279286
-11.678391959798995           0.3547321622049572
-11.56281407035176            0.35473214095241545
-11.447236180904522           0.354732261844561
-11.331658291457286           0.35473217083855835
-11.21608040201005            0.354732125363221
-11.100502512562814           0.35473245410512183
-10.984924623115578           0.35473214385138696
-10.869346733668342           0.3547320541545786
-10.753768844221106           0.3547317384458964
-10.638190954773869           0.35473207902224785
-10.522613065326633           0.35473203368334494
-10.407035175879397           0.35473205799589685
-10.291457286432161           0.35473221664959026
-10.175879396984925           0.35473201971093965
-10.06030150753769            0.3547319375963964
-9.944723618090451            0.35473198762115765
-9.829145728643216            0.35473200588898646
-9.71356783919598             0.35473205626769466
-9.597989949748744            0.3547319490575512
-9.482412060301508            0.35473195397317386
-9.366834170854272            0.3547319463697356
-9.251256281407034            0.3547319319652531
-9.135678391959798            0.35473192824805483
-9.020100502512562            0.35473196080195774
-8.904522613065327            0.35473183632534694
-8.78894472361809             0.3547317053423389
-8.673366834170855            0.3547324165092977
-8.557788944723619            0.35473185178788114
-8.442211055276381            0.35473237490274734
-8.326633165829145            0.35473170620423755
-8.21105527638191             0.354731881312769
-8.095477386934673            0.35473180594828746
-7.9798994974874375           0.35473181738189036
-7.864321608040202            0.3547317985334181
-7.748743718592964            0.3547317771237068
-7.633165829145728            0.35473179495383556
-7.517587939698492            0.35473172598933067
-7.402010050251256            0.3547318246095621
-7.28643216080402             0.35473178765433083
-7.170854271356784            0.35473175559459297
-7.055276381909547            0.35473160294224604
-6.939698492462311            0.35473172488131194
-6.824120603015075            0.3547317359408537
-6.708542713567839            0.35473173256756163
-6.592964824120603            0.35473168859195525
-6.477386934673367            0.35473161194340375
-6.361809045226131            0.3547316787736903
-6.246231155778894            0.3547316174086094
-6.130653266331658            0.3547316831640702
-6.015075376884422            0.35473168110756187
-5.899497487437186            0.3547316987170086
-5.78391959798995             0.3547316590003438
-5.668341708542714            0.354731656276384
-5.5527638190954764           0.35473160278575266
-5.4371859296482405           0.3547315141220456
-5.321608040201005            0.3547316112696133
-5.206030150753769            0.3547315984549668
-5.090452261306533            0.35473159488087636
-4.974874371859297            0.3547316609181689
-4.859296482412061            0.35473172945972886
-4.743718592964823            0.35473159605950494
-4.628140703517587            0.354731635910447
-4.5125628140703515           0.3547315585939652
-4.396984924623116            0.3547315620441337
-4.28140703517588             0.35473156646311216
-4.165829145728644            0.3547315513817282
-4.050251256281406            0.35473155494576714
-3.934673366834172            0.3547315438564077
-3.8190954773869343           0.35473153900221355
-3.7035175879396967           0.3547315075236341
-3.5879396984924625           0.3547314918703094
-3.472361809045225            0.3547314631821616
-3.3567839195979907           0.3547314386791156
-3.241206030150753            0.35473136684046475
-3.125628140703519            0.35473127344937333
-3.0100502512562812           0.3547311323936354
-2.8944723618090435           0.3547308682779512
-2.7788944723618094           0.35473043132930315
-2.6633165829145717           0.35472980706900364
-2.5477386934673376           0.35472875911403695
-2.4321608040201              0.3547269833329735
-2.316582914572866            0.3547240534800522
-2.201005025125628            0.3547192204544288
-2.0854271356783904           0.35471123522048814
-1.9698492462311563           0.35469804534660376
-1.8542713567839186           0.3546763063842406
-1.7386934673366845           0.35464055385141485
-1.6231155778894468           0.35458166605449043
-1.5075376884422127           0.35448498572369735
-1.391959798994975            0.35432631168479106
-1.2763819095477373           0.3540664817832506
-1.1608040201005032           0.35364206701264883
-1.0452261306532655           0.3529508009795069
-0.9296482412060314           0.3518289677899272
-0.8140703517587937           0.3500162623089235
-0.698492462311556            0.34710245134224954
-0.5829145728643219           0.34244857866529793
-0.46733668341708423          0.3350712133813827
-0.3517587939698501           0.3234798324294555
-0.23618090452261245          0.30545324164999155
-0.12060301507537828          0.2777430034073721
-0.005025125628140596         0.23569234882345097
0.11055276381909708           0.17276036252259433
0.22613065326633117           0.07993839947196273
0.34170854271356893           -0.054961372283470936
0.457286432160803             -0.24818240312574522
0.5728643216080407            -0.5211234603858685
0.6884422110552748            -0.9017463304984067
0.8040201005025125            -1.426402161139516
0.9195979899497502            -2.142212194687264
1.0351758793969843            -3.110180066277989
1.150753768844222             -4.409304247425455
1.266331658291456             -6.142135616541491
1.3819095477386938            -8.442310774667558
1.4974874371859315            -11.484381509363267
1.6130653266331656            -15.49625638115942
1.7286432160804033            -20.775189417383448
1.8442211055276374            -27.708763964462918
1.959798994974875             -36.80244620351125
2.075376884422109             -48.715590769270754
2.190954773869347             -64.30841714413471
2.3065326633165846            -84.70329582299235
2.4221105527638187            -111.36471039647351
2.5376884422110564            -146.20359245004374
2.6532663316582905            -191.71346219909103
2.768844221105528             -252.89660766614728
