-20.0                         0.29782723991007737
-19.884422110552762           0.2978276594292648
-19.768844221105528           0.2978271924806143
-19.65326633165829            0.2978266417672856
-19.537688442211056           0.29782716569793044
-19.42211055276382            0.29782723493556335
-19.306532663316585           0.2978272072180878
-19.190954773869347           0.29782710665630224
-19.07537688442211            0.2978271392414353
-18.959798994974875           0.29782708086656146
-18.844221105527637           0.297827354092726
-18.728643216080403           0.2978270755985037
-18.613065326633166           0.2978269549915268
-18.49748743718593            0.29782700941559487
-18.381909547738694           0.29782757257935477
-18.266331658291456           0.29782691513553483
-18.150753768844222           0.2978269752833794
-18.035175879396984           0.2978265650008649
-17.91959798994975            0.29782689452616434
-17.804020100502512           0.2978269281535286
-17.688442211055275           0.29782698281535536
-17.57286432160804            0.29782689455896283
-17.457286432160803           0.2978267121131405
-17.34170854271357            0.2978268478341761
-17.22613065326633            0.2978269474100682
-17.110552763819094           0.29782669220635194
-16.99497487437186            0.2978267584794989
-16.87939698492462            0.2978268626945502
-16.763819095477388           0.29782678390070694
-16.64824120603015            0.2978267789398225
-16.532663316582916           0.29782666057440316
-16.417085427135678           0.29782671988937987
-16.301507537688444           0.2978266875110578
-16.185929648241206           0.29782664229927835
-16.07035175879397            0.29782668024492
-15.954773869346734           0.2978263476948683
-15.839195979899497           0.2978265740586427
-15.72361809045226            0.2978265701517674
-15.608040201005025           0.2978264569834129
-15.492462311557789           0.2978264951748045
-15.376884422110553           0.297826362225654
-15.261306532663315           0.2978265373863583
-15.145728643216081           0.297826464659891
-15.030150753768844           0.29782664275790405
-14.914572864321608           0.2978263552161232
-14.798994974874372           0.2978262012903037
-14.683417085427136           0.2978264174859979
-14.5678391959799             0.2978264363342731
-14.452261306532662           0.2978264073240688
-14.336683417085428           0.29782634441928524
-14.22110552763819            0.297826251967727
-14.105527638190955           0.2978263498596597
-13.989949748743719           0.297825917320771
-13.874371859296481           0.29782624818128645
-13.758793969849247           0.29782675194695574
-13.64321608040201            0.297826296581405
-13.527638190954773           0.29782623896900523
-13.412060301507537           0.2978262687492183
-13.296482412060302           0.2978264349098087
-13.180904522613066           0.2978262345507876
-13.065326633165828           0.2978259529288234
-12.949748743718594           0.29782626005994467
-12.834170854271356           0.29782594975272647
-12.71859296482412            0.2978262966448983
-12.603015075376884           0.29782591289923127
-12.487437185929648           0.2978261792955475
-12.371859296482413           0.2978261691667873
-12.256281407035175           0.2978261793771081
-12.14070351758794            0.29782609177602953
-12.025125628140703           0.29782624899208276
-11.909547738693467           0.29782601073313947
-11.793969849246231           0.29782599011091754
-11.678391959798995           0.29782605355811265
-11.56281407035176            0.29782603589276474
-11.447236180904522           0.29782611274749443
-11.331658291457286           0.29782604898054593
-11.21608040201005            0.29782601472457265
-11.100502512562814           0.2978262972217932
-10.984924623115578           0.29782601831572836
-10.869346733668342           0.29782594814379654
-10.753768844221106           0.29782570362718086
-10.638190954773869           0.297825958806616
-10.522613065326633           0.2978259353430374
-10.407035175879397           0.2978259322779734
-10.291457286432161           0.29782601108679096
-10.175879396984925           0.297825905533778
-10.06030150753769            0.2978258401905796
-9.944723618090451            0.29782587537863997
-9.829145728643216            0.29782592239695505
-9.71356783919598             0.2978258850929787
-9.597989949748744            0.29782583694281817
-9.482412060301508            0.2978258428094791
-9.366834170854272            0.29782582269367386
-9.251256281407034            0.29782581563048355
-9.135678391959798            0.2978258130607774
-9.020100502512562            0.2978258179440992
-8.904522613065327            0.29782576954508894
-8.78894472361809             0.2978256447842427
-8.673366834170855            0.2978261890303575
-8.557788944723619            0.2978257317400922
-8.442211055276381            0.2978261518155088
-8.326633165829145            0.29782563855027405
-8.21105527638191             0.2978257806609413
-8.095477386934673            0.29782569089690036
-7.9798994974874375           0.29782570043438966
-7.864321608040202            0.2978256862869242
-7.748743718592964            0.29782567122570575
-7.633165829145728            0.2978256747127068
-7.517587939698492            0.29782564017737223
-7.402010050251256            0.29782567174399505
-7.28643216080402             0.2978256659821143
-7.170854271356784            0.2978256420633287
-7.055276381909547            0.2978255285454093
-6.939698492462311            0.29782561246999795
-6.824120603015075            0.2978256169094534
-6.708542713567839            0.29782563505539755
-6.592964824120603            0.297825574121539
-6.477386934673367            0.2978255044315655
-6.361809045226131            0.29782556628712836
-6.246231155778894            0.2978255106049958
-6.130653266331658            0.29782556417136846
-6.015075376884422            0.29782555999432153
-5.899497487437186            0.29782556550505007
-5.78391959798995             0.29782554288600777
-5.668341708542714            0.29782553923248956
-5.5527638190954764           0.29782550519447787
-5.4371859296482405           0.297825426729851
-5.321608040201005            0.29782550648435696
-5.206030150753769            0.2978254870606978
-5.090452261306533            0.29782547423748296
-4.974874371859297            0.2978255274976749
-4.859296482412061            0.2978255713427365
-4.743718592964823            0.29782545847167957
-4.628140703517587            0.2978254802428976
-4.5125628140703515           0.29782540765559085
-4.396984924623116            0.2978253841709981
-4.28140703517588             0.29782535444582614
-4.165829145728644            0.29782529641892486
-4.050251256281406            0.2978252392451636
-3.934673366834172            0.29782511528499817
-3.8190954773869343           0.29782495676461535
-3.7035175879396967           0.29782470730403054
-3.5879396984924625           0.2978243563962834
-3.472361809045225            0.29782383130393747
-3.3567839195979907           0.29782306502808364
-3.241206030150753            0.2978219040589209
-3.125628140703519            0.2978201807116362
-3.0100502512562812           0.297817625029193
-2.8944723618090435           0.29781378420408366
-2.7788944723618094           0.29780806842040913
-2.6633165829145717           0.2977996085037263
-2.5477386934673376           0.29778699773036443
-2.4321608040201              0.29776817095292735
-2.316582914572866            0.29774012979510617
-2.201005025125628            0.2976983804092482
-2.0854271356783904           0.29763624132587346
-1.9698492462311563           0.29754379789197016
-1.8542713567839186           0.2974063845413684
-1.7386934673366845           0.2972023146403186
-1.6231155778894468           0.2968994368406803
-1.5075376884422127           0.2964505444216882
-1.391959798994975            0.295785970634532
-1.2763819095477373           0.2948036374739279
-1.1608040201005032           0.2933542521212245
-1.0452261306532655           0.2912201994120706
-0.9296482412060314           0.28808571830454316
-0.8140703517587937           0.28349468692238855
-0.698492462311556            0.27679169216716715
-0.5829145728643219           0.26704105922823507
-0.46733668341708423          0.25291526304134776
-0.3517587939698501           0.23254516126350408
-0.23618090452261245          0.2033200335238799
-0.12060301507537828          0.16162490695596107
-0.005025125628140596         0.10249980656557874
0.11055276381909708           0.019203292973544218
0.22613065326633117           -0.097342238056602
0.34170854271356893           -0.25925171362961386
0.457286432160803             -0.4825653601069063
0.5728643216080407            -0.7883783878664565
0.6884422110552748            -1.2042886405951498
0.8040201005025125            -1.766262977371236
0.9195979899497502            -2.5210513769933556
1.0351758793969843            -3.5293245433422986
1.150753768844222             -4.869805949357547
1.266331658291456             -6.644838250425453
1.3819095477386938            -8.987900076904266
1.4974874371859315            -12.073404404230157
1.6130653266331656            -16.129130412239043
1.7286432160804033            -21.45222359364314
1.8442211055276374            -28.430185742128863
1.959798994974875             -37.5684241354081
2.075376884422109             -49.526250712053056
2.190954773869347             -65.16385364478421
2.3065326633165846            -85.60358023970682
2.4221105527638187            -112.30989677929563
2.5376884422110564            -147.19372185161632
2.6532663316582905            -192.74856586508238
2.768844221105528             -253.97645691237844
