-20.0                         1.3487710005991758
-19.884422110552762           1.3487722112125813
-19.768844221105528           1.3487708479315865
-19.65326633165829            1.348769828289369
-19.537688442211056           1.3487710426986335
-19.42211055276382            1.3487706764667706
-19.306532663316585           1.348770931862134
-19.190954773869347           1.3487692892304146
-19.07537688442211            1.3487711845196748
-18.959798994974875           1.348770810466263
-18.844221105527637           1.3487720395614382
-18.728643216080403           1.348770496194557
-18.613065326633166           1.348771071094971
-18.49748743718593            1.3487706568698978
-18.381909547738694           1.3487732526707867
-18.266331658291456           1.348770570814957
-18.150753768844222           1.348770637472369
-18.035175879396984           1.348771136186255
-17.91959798994975            1.3487705629161801
-17.804020100502512           1.348771156609786
-17.688442211055275           1.3487705966607768
-17.57286432160804            1.3487702945380855
-17.457286432160803           1.348770355187513
-17.34170854271357            1.348770394496881
-17.22613065326633            1.348770336273446
-17.110552763819094           1.3487703265212128
-16.99497487437186            1.3487708233550908
-16.87939698492462            1.3487699857415347
-16.763819095477388           1.3487711122817425
-16.64824120603015            1.3487701954542146
-16.532663316582916           1.3487705993931183
-16.417085427135678           1.3487703234299255
-16.301507537688444           1.3487696551204478
-16.185929648241206           1.3487703423453188
-16.07035175879397            1.348770660495932
-15.954773869346734           1.3487691195589697
-15.839195979899497           1.348770266912477
-15.72361809045226            1.3487704592823155
-15.608040201005025           1.3487713737936566
-15.492462311557789           1.3487702804355344
-15.376884422110553           1.348770439636483
-15.261306532663315           1.3487703459009226
-15.145728643216081           1.3487703057470246
-15.030150753768844           1.3487711327504588
-14.914572864321608           1.3487699961717294
-14.798994974874372           1.3487692380792662
-14.683417085427136           1.3487703061372562
-14.5678391959799             1.3487702550541167
-14.452261306532662           1.3487702164951392
-14.336683417085428           1.3487700770771756
-14.22110552763819            1.3487708361872666
-14.105527638190955           1.348770032903684
-13.989949748743719           1.3487690519080453
-13.874371859296481           1.3487698512762738
-13.758793969849247           1.3487704843209454
-13.64321608040201            1.3487699638553978
-13.527638190954773           1.3487691569142735
-13.412060301507537           1.3487700302648993
-13.296482412060302           1.3487696423566338
-13.180904522613066           1.348770218010965
-13.065326633165828           1.348769701708883
-12.949748743718594           1.3487699692635589
-12.834170854271356           1.348769511072005
-12.71859296482412            1.3487701922941056
-12.603015075376884           1.3487694801086039
-12.487437185929648           1.3487700149738548
-12.371859296482413           1.3487697231520421
-12.256281407035175           1.3487701013699847
-12.14070351758794            1.3487698780494761
-12.025125628140703           1.348769515594396
-11.909547738693467           1.3487696733558048
-11.793969849246231           1.3487696841979506
-11.678391959798995           1.3487698716410066
-11.56281407035176            1.348769785758283
-11.447236180904522           1.3487702213549542
-11.331658291457286           1.3487698432499164
-11.21608040201005            1.348769768523256
-11.100502512562814           1.3487700156011793
-10.984924623115578           1.3487698336898801
-10.869346733668342           1.3487697065250843
-10.753768844221106           1.3487689701452792
-10.638190954773869           1.348769890976877
-10.522613065326633           1.3487695978008876
-10.407035175879397           1.348769837663093
-10.291457286432161           1.3487706852366887
-10.175879396984925           1.3487696656728727
-10.06030150753769            1.3487695288602
-9.944723618090451            1.348769708461942
-9.829145728643216            1.3487692209580884
-9.71356783919598             1.3487702239966781
-9.597989949748744            1.3487696862583816
-9.482412060301508            1.3487696372833167
-9.366834170854272            1.3487697546625967
-9.251256281407034            1.3487696435221843
-9.135678391959798            1.3487695581491421
-9.020100502512562            1.3487697238763365
-8.904522613065327            1.3487691153139012
-8.78894472361809             1.3487690489095652
-8.673366834170855            1.3487707702336262
-8.557788944723619            1.348769622943463
-8.442211055276381            1.3487707029590363
-8.326633165829145            1.3487690815418008
-8.21105527638191             1.3487692274230911
-8.095477386934673            1.3487697063328403
-7.9798994974874375           1.3487695349917486
-7.864321608040202            1.3487694962811203
-7.748743718592964            1.3487694060030992
-7.633165829145728            1.3487695601120244
-7.517587939698492            1.348769278661389
-7.402010050251256            1.3487698389175302
-7.28643216080402             1.3487694991690298
-7.170854271356784            1.3487694284550478
-7.055276381909547            1.3487691628496763
-6.939698492462311            1.3487694316311467
-6.824120603015075            1.3487694414546676
-6.708542713567839            1.3487692380280818
-6.592964824120603            1.3487694308146467
-6.477386934673367            1.3487694488855921
-6.361809045226131            1.3487694260852845
-6.246231155778894            1.3487692956822521
-6.130653266331658            1.3487693700963508
-6.015075376884422            1.348769359716663
-5.899497487437186            1.3487694173000562
-5.78391959798995             1.348769316537402
-5.668341708542714            1.3487693502290363
-5.5527638190954764           1.3487691931375232
-5.4371859296482405           1.348769031445591
-5.321608040201005            1.3487691681784821
-5.206030150753769            1.3487692874251407
-5.090452261306533            1.3487694055705748
-4.974874371859297            1.3487692421257762
-4.859296482412061            1.3487694813929059
-4.743718592964823            1.3487692810611167
-4.628140703517587            1.3487694052987123
-4.5125628140703515           1.3487692472914161
-4.396984924623116            1.3487692419997759
-4.28140703517588             1.3487692667846152
-4.165829145728644            1.348769250974668
-4.050251256281406            1.3487691160353767
-3.934673366834172            1.3487692735077967
-3.8190954773869343           1.3487692964186284
-3.7035175879396967           1.3487692264278262
-3.5879396984924625           1.348769250535019
-3.472361809045225            1.3487692351843983
-3.3567839195979907           1.3487692486079226
-3.241206030150753            1.3487692122531756
-3.125628140703519            1.3487691833009214
-3.0100502512562812           1.3487691842777028
-2.8944723618090435           1.3487692529722193
-2.7788944723618094           1.3487690572384676
-2.6633165829145717           1.3487691907095594
-2.5477386934673376           1.348769173646806
-2.4321608040201              1.3487691654017764
-2.316582914572866            1.3487691729784408
-2.201005025125628            1.3487691845247864
-2.0854271356783904           1.348769170886293
-1.9698492462311563           1.3487691309807834
-1.8542713567839186           1.348769067765044
-1.7386934673366845           1.3487690957688112
-1.6231155778894468           1.3487690437385544
-1.5075376884422127           1.3487691265951516
-1.391959798994975            1.3487690813308248
-1.2763819095477373           1.3487690809663357
-1.1608040201005032           1.3487690223771047
-1.0452261306532655           1.348768794479193
-0.9296482412060314           1.3487681259297106
-0.8140703517587937           1.3487663278415511
-0.698492462311556            1.34876053527808
-0.5829145728643219           1.348744084461275
-0.46733668341708423          1.3486968475075403
-0.3517587939698501           1.348563559987509
-0.23618090452261245          1.34819581714966
-0.12060301507537828          1.3472106594769486
-0.005025125628140596         1.3446713706035498
0.11055276381909708           1.3384387699735893
0.22613065326633117           1.3240303034812562
0.34170854271356893           1.2929573088161859
0.457286432160803             1.2308142597230112
0.5728643216080407            1.115617947592113
0.6884422110552748            0.9166699625463061
0.8040201005025125            0.5936307498844883
0.9195979899497502            0.0951280559020293
1.0351758793969843            -0.6436664133259192
1.150753768844222             -1.704807618867575
1.266331658291456             -3.193050990103943
1.3819095477386938            -5.24356527357222
1.4974874371859315            -8.032097167203911
1.6130653266331656            -11.787577791221885
1.7286432160804033            -16.80807321596041
1.8442211055276374            -23.48174847501332
1.959798994974875             -32.31447208387576
2.075376884422109             -43.96588019946467
2.190954773869347             -59.2963931809902
2.3065326633165846            -79.42852720197114
2.4221105527638187            -105.82687284303795
2.5376884422110564            -140.40244103940339
2.6532663316582905            -185.6488113084453
2.768844221105528             -246.56979862092115
