-20.0                         1.731838689395946
-19.884422110552762           1.7318401862368291
-19.768844221105528           1.731838523958958
-19.65326633165829            1.7318375395441457
-19.537688442211056           1.7318389782758867
-19.42211055276382            1.7318383650634415
-19.306532663316585           1.7318384848674822
-19.190954773869347           1.7318367372104417
-19.07537688442211            1.7318390166216775
-18.959798994974875           1.7318386084740844
-18.844221105527637           1.731839660855442
-18.728643216080403           1.731838069953329
-18.613065326633166           1.7318390225971547
-18.49748743718593            1.7318383435739184
-18.381909547738694           1.7318412732355382
-18.266331658291456           1.731838344365316
-18.150753768844222           1.7318383975579181
-18.035175879396984           1.7318393842234492
-17.91959798994975            1.7318382557164484
-17.804020100502512           1.731839003191325
-17.688442211055275           1.7318380654783638
-17.57286432160804            1.731838154094417
-17.457286432160803           1.7318381327645458
-17.34170854271357            1.7318379960057555
-17.22613065326633            1.7318377834717085
-17.110552763819094           1.7318381359942203
-16.99497487437186            1.7318386061480402
-16.87939698492462            1.7318374652434718
-16.763819095477388           1.73183904696402
-16.64824120603015            1.7318378421452372
-16.532663316582916           1.7318386825288803
-16.417085427135678           1.731838067301868
-16.301507537688444           1.7318373535311948
-16.185929648241206           1.731838124845407
-16.07035175879397            1.7318384598281782
-15.954773869346734           1.7318366737785045
-15.839195979899497           1.7318380439409973
-15.72361809045226            1.731838373070835
-15.608040201005025           1.7318395368649482
-15.492462311557789           1.73183808900739
-15.376884422110553           1.731838580629566
-15.261306532663315           1.7318381262243945
-15.145728643216081           1.7318381288269882
-15.030150753768844           1.7318388562153755
-14.914572864321608           1.7318377702148862
-14.798994974874372           1.7318369785903913
-14.683417085427136           1.7318381448058997
-14.5678391959799             1.7318381460248713
-14.452261306532662           1.7318381162377299
-14.336683417085428           1.7318378736187672
-14.22110552763819            1.731838959578133
-14.105527638190955           1.7318378479905348
-13.989949748743719           1.731836725077239
-13.874371859296481           1.7318376104811755
-13.758793969849247           1.7318381557895244
-13.64321608040201            1.731837757912006
-13.527638190954773           1.7318367871174405
-13.412060301507537           1.7318378534456256
-13.296482412060302           1.731837188859393
-13.180904522613066           1.7318380843466432
-13.065326633165828           1.731837634537842
-12.949748743718594           1.7318377154305946
-12.834170854271356           1.7318372837588727
-12.71859296482412            1.731837982826981
-12.603015075376884           1.7318373525806048
-12.487437185929648           1.73183779237174
-12.371859296482413           1.7318374593700603
-12.256281407035175           1.7318378797917984
-12.14070351758794            1.7318376910465465
-12.025125628140703           1.7318371021606669
-11.909547738693467           1.7318374487272352
-11.793969849246231           1.731837639972932
-11.678391959798995           1.7318377001090304
-11.56281407035176            1.7318375834437512
-11.447236180904522           1.7318381109711325
-11.331658291457286           1.7318376288000172
-11.21608040201005            1.7318375690642676
-11.100502512562814           1.7318377227491368
-10.984924623115578           1.7318376211375657
-10.869346733668342           1.731837508308358
-10.753768844221106           1.7318366581770444
-10.638190954773869           1.7318377381493222
-10.522613065326633           1.7318373751670582
-10.407035175879397           1.731837601619256
-10.291457286432161           1.731838691662517
-10.175879396984925           1.7318374549607383
-10.06030150753769            1.731837307948493
-9.944723618090451            1.7318375565323796
-9.829145728643216            1.7318368829803732
-9.71356783919598             1.7318380837695044
-9.597989949748744            1.7318375165510072
-9.482412060301508            1.731837456140701
-9.366834170854272            1.7318375844738922
-9.251256281407034            1.731837462327943
-9.135678391959798            1.7318373626979087
-9.020100502512562            1.731837452890687
-8.904522613065327            1.7318368233025663
-8.78894472361809             1.7318367589610038
-8.673366834170855            1.7318387511038345
-8.557788944723619            1.7318374588277987
-8.442211055276381            1.7318386770179768
-8.326633165829145            1.7318367982014082
-8.21105527638191             1.7318369170159513
-8.095477386934673            1.731837581231906
-7.9798994974874375           1.7318373275945182
-7.864321608040202            1.73183730653146
-7.748743718592964            1.731837192759541
-7.633165829145728            1.7318373861854612
-7.517587939698492            1.7318371111382844
-7.402010050251256            1.7318376816527545
-7.28643216080402             1.7318373011390602
-7.170854271356784            1.7318372298554907
-7.055276381909547            1.731836972642569
-6.939698492462311            1.7318372494433976
-6.824120603015075            1.73183724460291
-6.708542713567839            1.731836982116736
-6.592964824120603            1.7318372619714646
-6.477386934673367            1.731837339927659
-6.361809045226131            1.7318372652969551
-6.246231155778894            1.7318371039183214
-6.130653266331658            1.7318371605241403
-6.015075376884422            1.7318371263057886
-5.899497487437186            1.7318371727554231
-5.78391959798995             1.7318371088885978
-5.668341708542714            1.731837155338402
-5.5527638190954764           1.7318370106879863
-5.4371859296482405           1.7318367906631043
-5.321608040201005            1.7318369600692904
-5.206030150753769            1.7318371295389663
-5.090452261306533            1.7318372543529355
-4.974874371859297            1.7318369862696743
-4.859296482412061            1.7318372723099784
-4.743718592964823            1.7318370739401907
-4.628140703517587            1.73183723111449
-4.5125628140703515           1.7318370826719087
-4.396984924623116            1.7318370453931766
-4.28140703517588             1.7318370679411308
-4.165829145728644            1.7318370634007645
-4.050251256281406            1.7318368777699786
-3.934673366834172            1.7318370824929468
-3.8190954773869343           1.7318371141492728
-3.7035175879396967           1.7318370329456985
-3.5879396984924625           1.7318370687364544
-3.472361809045225            1.7318370529682232
-3.3567839195979907           1.7318370501868798
-3.241206030150753            1.731837048273261
-3.125628140703519            1.7318369894458092
-3.0100502512562812           1.7318369874093715
-2.8944723618090435           1.7318371017027459
-2.7788944723618094           1.731836849564546
-2.6633165829145717           1.7318370269185175
-2.5477386934673376           1.7318369828616715
-2.4321608040201              1.7318369699796459
-2.316582914572866            1.731836984166658
-2.201005025125628            1.7318369879483204
-2.0854271356783904           1.7318369748417783
-1.9698492462311563           1.7318369378344212
-1.8542713567839186           1.731836870056337
-1.7386934673366845           1.7318369057223828
-1.6231155778894468           1.7318368388659229
-1.5075376884422127           1.731836937896636
-1.391959798994975            1.7318368855903712
-1.2763819095477373           1.7318369178289004
-1.1608040201005032           1.731836929560321
-1.0452261306532655           1.7318369053519425
-0.9296482412060314           1.7318368028852207
-0.8140703517587937           1.731836725848786
-0.698492462311556            1.7318357487037452
-0.5829145728643219           1.731832919331069
-0.46733668341708423          1.7318233676052763
-0.3517587939698501           1.7317917312327413
-0.23618090452261245          1.7316892974159193
-0.12060301507537828          1.7313673466716124
-0.005025125628140596         1.7303956620056427
0.11055276381909708           1.7276123935761878
0.22613065326633117           1.72015176470744
0.34170854271356893           1.701697285998703
0.457286432160803             1.6600303552540645
0.5728643216080407            1.5745410172627083
0.6884422110552748            1.4145611585467146
0.8040201005025125            1.1386031190501225
0.9195979899497502            0.693584281809273
1.0351758793969843            0.012978534971281604
1.150753768844222             -0.9866474154579441
1.266331658291456             -2.4110243840052754
1.3819095477386938            -4.395962125018439
1.4974874371859315            -7.117663783322325
1.6130653266331656            -10.805423751266021
1.7286432160804033            -15.757582941185738
1.8442211055276374            -22.362494692221436
1.959798994974875             -31.126152369671395
2.075376884422109             -42.7082764506649
2.190954773869347             -57.96934580686892
2.3065326633165846            -78.03191813564
2.4221105527638187            -104.36061400451696
2.5376884422110564            -138.86646630025976
2.6532663316582905            -184.04307078084656
2.768844221105528             -244.89464786715232
