-20.0                         0.9340846474461874
-19.884422110552762           0.9340855823029316
-19.768844221105528           0.9340845307344202
-19.65326633165829            0.934083543326176
-19.537688442211056           0.9340845417454918
-19.42211055276382            0.9340843989313267
-19.306532663316585           0.9340846889264844
-19.190954773869347           0.9340833585037205
-19.07537688442211            0.9340847083891103
-18.959798994974875           0.9340844021360982
-18.844221105527637           0.9340856145161728
-18.728643216080403           0.9340843214618002
-18.613065326633166           0.9340845053643876
-18.49748743718593            0.9340843420071281
-18.381909547738694           0.9340864249731575
-18.266331658291456           0.9340841943693416
-18.150753768844222           0.934084271282963
-18.035175879396984           0.9340842940002982
-17.91959798994975            0.9340842355514826
-17.804020100502512           0.9340846315450237
-17.688442211055275           0.9340844477719293
-17.57286432160804            0.9340839561839966
-17.457286432160803           0.9340839724883127
-17.34170854271357            0.934084171588736
-17.22613065326633            0.9340842558462418
-17.110552763819094           0.9340839240796504
-16.99497487437186            0.934084333113766
-16.87939698492462            0.9340839341404513
-16.763819095477388           0.9340845221838008
-16.64824120603015            0.934083988303366
-16.532663316582916           0.9340839738812857
-16.417085427135678           0.9340839732648901
-16.301507537688444           0.9340834750557965
-16.185929648241206           0.9340839793453141
-16.07035175879397            0.934084203662688
-15.954773869346734           0.934083003917935
-15.839195979899497           0.9340838823251442
-15.72361809045226            0.9340839655395418
-15.608040201005025           0.9340844959253384
-15.492462311557789           0.9340838590046274
-15.376884422110553           0.9340837344321281
-15.261306532663315           0.93408395295695
-15.145728643216081           0.9340838584507972
-15.030150753768844           0.9340846593732107
-14.914572864321608           0.9340836165449111
-14.798994974874372           0.9340829621866863
-14.683417085427136           0.9340838523151496
-14.5678391959799             0.9340837813644604
-14.452261306532662           0.9340837417164416
-14.336683417085428           0.9340836745927592
-14.22110552763819            0.9340840467258084
-14.105527638190955           0.9340836281537469
-13.989949748743719           0.9340828029009026
-13.874371859296481           0.9340834874940205
-13.758793969849247           0.9340841890908583
-13.64321608040201            0.9340835786991971
-13.527638190954773           0.9340829863584211
-13.412060301507537           0.934083607126259
-13.296482412060302           0.9340835119381279
-13.180904522613066           0.9340837171082512
-13.065326633165828           0.9340831936186061
-12.949748743718594           0.9340836094341247
-12.834170854271356           0.9340831402380528
-12.71859296482412            0.9340837751337763
-12.603015075376884           0.9340830388674942
-12.487437185929648           0.9340836110463023
-12.371859296482413           0.9340834186496924
-12.256281407035175           0.9340836685559462
-12.14070351758794            0.9340834564048879
-12.025125628140703           0.9340833444713622
-11.909547738693467           0.9340832906029296
-11.793969849246231           0.9340831819630843
-11.678391959798995           0.9340834295282795
-11.56281407035176            0.9340833779144013
-11.447236180904522           0.9340837035022678
-11.331658291457286           0.9340834403207913
-11.21608040201005            0.9340833645632391
-11.100502512562814           0.9340836898154202
-10.984924623115578           0.9340834268211133
-10.869346733668342           0.9340832944161236
-10.753768844221106           0.9340826966828883
-10.638190954773869           0.9340834139591226
-10.522613065326633           0.9340832173242433
-10.407035175879397           0.9340834118827764
-10.291457286432161           0.9340839957436216
-10.175879396984925           0.9340832680251059
-10.06030150753769            0.9340831406294176
-9.944723618090451            0.934083260866738
-9.829145728643216            0.9340829814670795
-9.71356783919598             0.9340836697075202
-9.597989949748744            0.9340832370006449
-9.482412060301508            0.9340832098084992
-9.366834170854272            0.934083293972753
-9.251256281407034            0.9340832127524409
-9.135678391959798            0.934083160671617
-9.020100502512562            0.934083332703837
-8.904522613065327            0.934082830042037
-8.78894472361809             0.9340827446312671
-8.673366834170855            0.9340841335870644
-8.557788944723619            0.9340831692726379
-8.442211055276381            0.9340840746819183
-8.326633165829145            0.9340827682586957
-8.21105527638191             0.934082947610795
-8.095477386934673            0.9340831888472739
-7.9798994974874375           0.9340831113761908
-7.864321608040202            0.9340830693745815
-7.748743718592964            0.9340830072239653
-7.633165829145728            0.9340831101488696
-7.517587939698492            0.9340828713206538
-7.402010050251256            0.9340833274241066
-7.28643216080402             0.9340830777169411
-7.170854271356784            0.9340830137671025
-7.055276381909547            0.9340827599741898
-6.939698492462311            0.9340829984674833
-6.824120603015075            0.9340830196394129
-6.708542713567839            0.9340828878544615
-6.592964824120603            0.9340829848592456
-6.477386934673367            0.934082947760771
-6.361809045226131            0.934082973074197
-6.246231155778894            0.9340828745106484
-6.130653266331658            0.9340829601450196
-6.015075376884422            0.9340829644823214
-5.899497487437186            0.9340830219392398
-5.78391959798995             0.9340829122994432
-5.668341708542714            0.9340829288943802
-5.5527638190954764           0.9340827870793057
-5.4371859296482405           0.9340826677248887
-5.321608040201005            0.9340827863744096
-5.206030150753769            0.934082847258752
-5.090452261306533            0.9340829281024283
-4.974874371859297            0.9340828850106245
-4.859296482412061            0.9340830637362987
-4.743718592964823            0.9340828716927839
-4.628140703517587            0.9340829592388572
-4.5125628140703515           0.9340828111267134
-4.396984924623116            0.9340828282994441
-4.28140703517588             0.9340828490694264
-4.165829145728644            0.9340828264774842
-4.050251256281406            0.9340827490022853
-3.934673366834172            0.9340828445941486
-3.8190954773869343           0.9340828579403802
-3.7035175879396967           0.9340828025067874
-3.5879396984924625           0.9340828131347609
-3.472361809045225            0.9340828000963197
-3.3567839195979907           0.9340828192607876
-3.241206030150753            0.9340827691776463
-3.125628140703519            0.9340827623860691
-3.0100502512562812           0.9340827662519643
-2.8944723618090435           0.9340827881377186
-2.7788944723618094           0.934082653397314
-2.6633165829145717           0.9340827408270876
-2.5477386934673376           0.9340827474790717
-2.4321608040201              0.9340827420194208
-2.316582914572866            0.9340827440437312
-2.201005025125628            0.9340827564703008
-2.0854271356783904           0.9340827448314903
-1.9698492462311563           0.9340827051770898
-1.8542713567839186           0.9340826446071318
-1.7386934673366845           0.9340826514434154
-1.6231155778894468           0.934082570067277
-1.5075376884422127           0.9340825377771227
-1.391959798994975            0.934082268440372
-1.2763819095477373           0.9340816609820098
-1.1608040201005032           0.9340801536310488
-1.0452261306532655           0.9340764242788531
-0.9296482412060314           0.934067353863246
-0.8140703517587937           0.9340454421613686
-0.698492462311556            0.9339923426744481
-0.5829145728643219           0.9338659680209763
-0.46733668341708423          0.9335682813317102
-0.3517587939698501           0.9328784854399222
-0.23618090452261245          0.9313137236010252
-0.12060301507537828          0.9278595026972892
-0.005025125628140596         0.9204902758339696
0.11055276381909708           0.9054057263438882
0.22613065326633117           0.8759717119806215
0.34170854271356893           0.8214729885480261
0.457286432160803             0.7258714518992037
0.5728643216080407            0.5666979820212881
0.6884422110552748            0.3139843821315258
0.8040201005025125            -0.07106696944603136
0.9195979899497502            -0.6380236428210943
1.0351758793969843            -1.4500510966665972
1.150753768844222             -2.587878822748308
1.266331658291456             -4.155319499124204
1.3819095477386938            -6.286906644818855
1.4974874371859315            -9.157914706005164
1.6130653266331656            -12.996885642603697
1.7286432160804033            -18.101584250913678
1.8442211055276374            -24.85996472933962
1.959798994974875             -33.77775294963801
2.075376884422109             -45.51448709057249
2.190954773869347             -60.930518617106195
2.3065326633165846            -81.14831430840901
2.4221105527638187            -107.63242879062562
2.5376884422110564            -142.29384651709313
2.6532663316582905            -187.62612731985652
2.768844221105528             -248.63258756564477
