-20.0                         1.607506536559421
-19.884422110552762           1.6075079381245791
-19.768844221105528           1.6075063727605952
-19.65326633165829            1.607505372861372
-19.537688442211056           1.6075067363348652
-19.42211055276382            1.6075062064910208
-19.306532663316585           1.6075063774376759
-19.190954773869347           1.6075046498357584
-19.07537688442211            1.6075068148129883
-18.959798994974875           1.6075064161109527
-18.844221105527637           1.6075075408729633
-18.728643216080403           1.6075059471399724
-18.613065326633166           1.607506779307461
-18.49748743718593            1.6075061874744843
-18.381909547738694           1.6075090222276305
-18.266331658291456           1.6075061588071147
-18.150753768844222           1.6075062168990708
-18.035175879396984           1.607507041432799
-17.91959798994975            1.6075060984763072
-17.804020100502512           1.6075068002143984
-17.688442211055275           1.6075059849171085
-17.57286432160804            1.60750592853217
-17.457286432160803           1.6075059464399661
-17.34170854271357            1.6075058662401118
-17.22613065326633            1.6075057057480078
-17.110552763819094           1.6075059380612173
-16.99497487437186            1.6075064281998972
-16.87939698492462            1.6075053719898826
-16.763819095477388           1.6075068130316723
-16.64824120603015            1.6075056921822648
-16.532663316582916           1.6075063918169374
-16.417085427135678           1.607505892169148
-16.301507537688444           1.6075051817955446
-16.185929648241206           1.6075059324963368
-16.07035175879397            1.6075062708025074
-15.954773869346734           1.6075045580836043
-15.839195979899497           1.6075058576618373
-15.72361809045226            1.6075061395409012
-15.608040201005025           1.607507234429467
-15.492462311557789           1.607505892990098
-15.376884422110553           1.607506272171244
-15.261306532663315           1.6075059384455448
-15.145728643216081           1.6075059294749634
-15.030150753768844           1.6075066988779294
-14.914572864321608           1.6075055850876538
-14.798994974874372           1.607504799003965
-14.683417085427136           1.6075059385270436
-14.5678391959799             1.6075059212658416
-14.452261306532662           1.6075058877125639
-14.336683417085428           1.6075056808063617
-14.22110552763819            1.6075066658148347
-14.105527638190955           1.6075056478790226
-13.989949748743719           1.6075045711424059
-13.874371859296481           1.6075054301802427
-13.758793969849247           1.607506005499875
-13.64321608040201            1.6075055646493972
-13.527638190954773           1.607504644255252
-13.412060301507537           1.6075056515638828
-13.296482412060302           1.6075050762904615
-13.180904522613066           1.6075058717993174
-13.065326633165828           1.6075053944161328
-12.949748743718594           1.6075055398120712
-12.834170854271356           1.6075050985310142
-12.71859296482412            1.6075057936632895
-12.603015075376884           1.6075051319302691
-12.487437185929648           1.6075056073704848
-12.371859296482413           1.6075052817680897
-12.256281407035175           1.6075056972681199
-12.14070351758794            1.6075054932421486
-12.025125628140703           1.6075049765794203
-11.909547738693467           1.6075052632862157
-11.793969849246231           1.6075053901019976
-11.678391959798995           1.60750549819366
-11.56281407035176            1.6075053906527403
-11.447236180904522           1.6075058892412095
-11.331658291457286           1.6075054406603435
-11.21608040201005            1.6075053743427237
-11.100502512562814           1.6075055604265
-10.984924623115578           1.6075054325290756
-10.869346733668342           1.6075053144575415
-10.753768844221106           1.6075045000142276
-10.638190954773869           1.6075055316893159
-10.522613065326633           1.6075051886460143
-10.407035175879397           1.6075054246720495
-10.291457286432161           1.6075064362642286
-10.175879396984925           1.6075052643937646
-10.06030150753769            1.6075051214030807
-9.944723618090451            1.6075053463228004
-9.829145728643216            1.6075047323370648
-9.71356783919598             1.6075058778860762
-9.597989949748744            1.607505314436329
-9.482412060301508            1.6075052564844412
-9.366834170854272            1.6075053830113244
-9.251256281407034            1.6075052627872282
-9.135678391959798            1.6075051657101074
-9.020100502512562            1.607505286848613
-8.904522613065327            1.607504657639673
-8.78894472361809             1.6075045941461914
-8.673366834170855            1.6075065011721885
-8.557788944723619            1.607505254119022
-8.442211055276381            1.6075064292272718
-8.326633165829145            1.607504631372861
-8.21105527638191             1.6075047582477997
-8.095477386934673            1.6075053667496273
-7.9798994974874375           1.6075051385180859
-7.864321608040202            1.6075051104050437
-7.748743718592964            1.6075050038824183
-7.633165829145728            1.6075051855532008
-7.517587939698492            1.6075049039956664
-7.402010050251256            1.6075054791578363
-7.28643216080402             1.6075051076912272
-7.170854271356784            1.607505036226083
-7.055276381909547            1.607504774647161
-6.939698492462311            1.6075050508531856
-6.824120603015075            1.6075050508544408
-6.708542713567839            1.6075048068909887
-6.592964824120603            1.6075050585940294
-6.477386934673367            1.6075051163924094
-6.361809045226131            1.6075050593256655
-6.246231155778894            1.6075049080056492
-6.130653266331658            1.607504970899832
-6.015075376884422            1.6075049451180494
-5.899497487437186            1.6075049961654118
-5.78391959798995             1.6075049180020329
-5.668341708542714            1.6075049608118224
-5.5527638190954764           1.6075048095864597
-5.4371859296482405           1.607504610345128
-5.321608040201005            1.607504767418715
-5.206030150753769            1.607504921298221
-5.090452261306533            1.6075050468965881
-4.974874371859297            1.6075048112647132
-4.859296482412061            1.607505083022205
-4.743718592964823            1.6075048830343093
-4.628140703517587            1.6075050299180766
-4.5125628140703515           1.6075048768486024
-4.396984924623116            1.6075048505158895
-4.28140703517588             1.607504874448519
-4.165829145728644            1.6075048659978555
-4.050251256281406            1.6075046965150632
-3.934673366834172            1.6075048868326278
-3.8190954773869343           1.6075049157211547
-3.7035175879396967           1.607504837972809
-3.5879396984924625           1.607504870159897
-3.472361809045225            1.6075048542838968
-3.3567839195979907           1.6075048578019495
-3.241206030150753            1.6075048428313223
-3.125628140703519            1.6075047943257648
-3.0100502512562812           1.6075047932034854
-2.8944723618090435           1.6075048926440014
-2.7788944723618094           1.6075046588112192
-2.6633165829145717           1.6075048217938686
-2.5477386934673376           1.6075047869785513
-2.4321608040201              1.6075047758006313
-2.316582914572866            1.6075047876956987
-2.201005025125628            1.6075047945939585
-2.0854271356783904           1.60750478094518
-1.9698492462311563           1.6075047425011821
-1.8542713567839186           1.6075046759045737
-1.7386934673366845           1.6075047088611194
-1.6231155778894468           1.6075046475979442
-1.5075376884422127           1.6075047421262518
-1.391959798994975            1.6075046936193
-1.2763819095477373           1.6075047208897502
-1.1608040201005032           1.6075047248933816
-1.0452261306532655           1.60750467641138
-0.9296482412060314           1.6075045072514569
-0.8140703517587937           1.607504193418865
-0.698492462311556            1.6075025207089666
-0.5829145728643219           1.6074975579907471
-0.46733668341708423          1.6074816362005002
-0.3517587939698501           1.6074314872190711
-0.23618090452261245          1.6072770735920465
-0.12060301507537828          1.6068155752456286
-0.005025125628140596         1.6054903660365707
0.11055276381909708           1.6018758121639056
0.22613065326633117           1.5926338337272907
0.34170854271356893           1.5707604013476408
0.457286432160803             1.5232828497224125
0.5728643216080407            1.4290559548387638
0.6884422110552748            1.257318986071565
0.8040201005025125            0.9669171846843652
0.9195979899497502            0.5053224806720601
1.0351758793969843            -0.19342371369824005
1.150753768844222             -1.2122900065651137
1.266331658291456             -2.6566784136031707
1.3819095477386938            -4.6621840028753025
1.4974874371859315            -7.404858899961319
1.6130653266331656            -11.113878522241317
1.7286432160804033            -16.08749437409187
1.8442211055276374            -22.71399892204947
1.959798994974875             -31.499345416967607
2.075376884422109             -43.10322738204723
2.190954773869347             -58.38610505970532
2.3065326633165846            -78.47052296803106
2.4221105527638187            -104.8210921799792
2.5376884422110564            -139.34883864491655
2.6532663316582905            -184.5473529956997
2.768844221105528             -245.42072826916237
