-20.0                         1.6561614360174386
-19.884422110552762           1.6561628746745924
-19.768844221105528           1.6561612712841562
-19.65326633165829            1.656160277116641
-19.537688442211056           1.6561616698038115
-19.42211055276382            1.6561611076311922
-19.306532663316585           1.6561612591917072
-19.190954773869347           1.656159522382706
-19.07537688442211            1.6561617332026157
-18.959798994974875           1.656161330686217
-18.844221105527637           1.6561624286237373
-18.728643216080403           1.6561608339571379
-18.613065326633166           1.6561617136767515
-18.49748743718593            1.656161087755316
-18.381909547738694           1.656163961157041
-18.266331658291456           1.656161070567252
-18.150753768844222           1.6561611268063245
-18.035175879396984           1.656162014410998
-17.91959798994975            1.6561609993080895
-17.804020100502512           1.656161719482344
-17.688442211055275           1.6561608561231085
-17.57286432160804            1.6561608546299853
-17.457286432160803           1.6561608585759324
-17.34170854271357            1.6561607560194231
-17.22613065326633            1.6561605753858513
-17.110552763819094           1.6561608546020345
-16.99497487437186            1.6561613381862998
-16.87939698492462            1.6561602471830128
-16.763819095477388           1.6561617441747698
-16.64824120603015            1.6561605892888982
-16.532663316582916           1.6561613443674448
-16.417085427135678           1.6561607999493093
-16.301507537688444           1.6561600869794935
-16.185929648241206           1.6561608464061497
-16.07035175879397            1.656161184458676
-15.954773869346734           1.656159442386542
-15.839195979899497           1.6561607697488971
-15.72361809045226            1.6561610698514915
-15.608040201005025           1.656162193080759
-15.492462311557789           1.656160808956539
-15.376884422110553           1.6561612317384995
-15.261306532663315           1.656160851039353
-15.145728643216081           1.6561608469141564
-15.030150753768844           1.6561616008432438
-14.914572864321608           1.656160496759853
-14.798994974874372           1.6561597079410084
-14.683417085427136           1.6561608584268497
-14.5678391959799             1.6561608483372077
-14.452261306532662           1.6561608161506904
-14.336683417085428           1.6561605954356706
-14.22110552763819            1.656161620605368
-14.105527638190955           1.656160565237321
-13.989949748743719           1.6561594704488936
-13.874371859296481           1.656160339964357
-13.758793969849247           1.6561609036826856
-13.64321608040201            1.6561604793186633
-13.527638190954773           1.6561595389128585
-13.412060301507537           1.6561605697089083
-13.296482412060302           1.656159959390473
-13.180904522613066           1.6561607945082248
-13.065326633165828           1.6561603272419052
-12.949748743718594           1.656160447797056
-12.834170854271356           1.6561600101862899
-12.71859296482412            1.6561607070444342
-12.603015075376884           1.6561600571233608
-12.487437185929648           1.6561605191006032
-12.371859296482413           1.656160189907065
-12.256281407035175           1.656160608336066
-12.14070351758794            1.6561604098770741
-12.025125628140703           1.6561598647787557
-11.909547738693467           1.6561601750928705
-11.793969849246231           1.6561603265160745
-11.678391959798995           1.6561604165642805
-11.56281407035176            1.6561603053131386
-11.447236180904522           1.6561608153284428
-11.331658291457286           1.6561603535828953
-11.21608040201005            1.656160289630797
-11.100502512562814           1.6561604632768596
-10.984924623115578           1.6561603456509992
-10.869346733668342           1.656160229581825
-10.753768844221106           1.6561594010360394
-10.638190954773869           1.656160452012553
-10.522613065326633           1.6561601008262117
-10.407035175879397           1.6561603336624207
-10.291457286432161           1.6561613760044576
-10.175879396984925           1.6561601781127782
-10.06030150753769            1.6561600336521682
-9.944723618090451            1.6561602677061584
-9.829145728643216            1.6561596303026127
-9.71356783919598             1.656160798444573
-9.597989949748744            1.6561602329226313
-9.482412060301508            1.656160173849422
-9.366834170854272            1.6561603012669872
-9.251256281407034            1.6561601801122503
-9.135678391959798            1.6561600817901547
-9.020100502512562            1.6561601914994142
-8.904522613065327            1.6561595614798226
-8.78894472361809             1.65615949782152
-8.673366834170855            1.6561614384397343
-8.557788944723619            1.6561601735030813
-8.442211055276381            1.656161365649932
-8.326633165829145            1.6561595358495624
-8.21105527638191             1.656159659479576
-8.095477386934673            1.6561602903151529
-7.9798994974874375           1.6561600519562767
-7.864321608040202            1.6561600264665068
-7.748743718592964            1.6561599170597945
-7.633165829145728            1.6561601034527256
-7.517587939698492            1.656159823955075
-7.402010050251256            1.6561603981577437
-7.28643216080402             1.656160022688296
-7.170854271356784            1.6561599512630176
-7.055276381909547            1.6561596912190424
-6.939698492462311            1.6561599678883974
-6.824120603015075            1.6561599659877195
-6.708542713567839            1.656159714705094
-6.592964824120603            1.6561599774355926
-6.477386934673367            1.6561600430485597
-6.361809045226131            1.6561599791933257
-6.246231155778894            1.6561598239296227
-6.130653266331658            1.6561598844100505
-6.015075376884422            1.6561598553861931
-5.899497487437186            1.6561599047404236
-5.78391959798995             1.6561598319395998
-5.668341708542714            1.6561598762385517
-5.5527638190954764           1.6561597273075719
-5.4371859296482405           1.656159520134162
-5.321608040201005            1.6561596818383701
-5.206030150753769            1.6561598419156498
-5.090452261306533            1.656159967537451
-4.974874371859297            1.6561597190055566
-4.859296482412061            1.6561599964519085
-4.743718592964823            1.6561597969822814
-4.628140703517587            1.6561599479531546
-4.5125628140703515           1.656159796542153
-4.396984924623116            1.6561597659614478
-4.28140703517588             1.6561597894285511
-4.165829145728644            1.6561597824931862
-4.050251256281406            1.6561596066522175
-3.934673366834172            1.6561598027062865
-3.8190954773869343           1.6561598326898972
-3.7035175879396967           1.6561597535700392
-3.5879396984924625           1.6561597871932638
-3.472361809045225            1.6561597713295493
-3.3567839195979907           1.6561597724930428
-3.241206030150753            1.6561597624408355
-3.125628140703519            1.6561597099500847
-3.0100502512562812           1.6561597084583202
-2.8944723618090435           1.6561598137133433
-2.7788944723618094           1.656159572715869
-2.6633165829145717           1.6561597413087463
-2.5477386934673376           1.656159702929446
-2.4321608040201              1.6561596911061218
-2.316582914572866            1.6561597038834364
-2.201005025125628            1.656159709623891
-2.0854271356783904           1.6561596961445677
-1.9698492462311563           1.6561596582105036
-1.8542713567839186           1.6561595911182319
-1.7386934673366845           1.6561596251049233
-1.6231155778894468           1.6561595617227416
-1.5075376884422127           1.6561596580500748
-1.391959798994975            1.6561596080958694
-1.2763819095477373           1.656159637590734
-1.1608040201005032           1.6561596453611547
-1.0452261306532655           1.656159608515961
-0.9296482412060314           1.656159471819492
-0.8140703517587937           1.6561592692600975
-0.698492462311556            1.6561579219030127
-0.5829145728643219           1.656153942645757
-0.46733668341708423          1.656140916877023
-0.3517587939698501           1.6560990667145876
-0.23618090452261245          1.6559676229725697
-0.12060301507537828          1.6555668979178504
-0.005025125628140596         1.6543933864858487
0.11055276381909708           1.6511302761871158
0.22613065326633117           1.6426305102365324
0.34170854271356893           1.6221622605357533
0.457286432160803             1.5770443162567684
0.5728643216080407            1.4863313316308158
0.6884422110552748            1.3192890542250577
0.8040201005025125            1.0346273423686503
0.9195979899497502            0.579600726295852
1.0351758793969843            -0.1119696561783663
1.150753768844222             -1.123232241413518
1.266331658291456             -2.5597162668652
1.3819095477386938            -4.557100017581297
1.4974874371859315            -7.291494361641627
1.6130653266331656            -10.992121129363898
1.7286432160804033            -15.95726677058418
1.8442211055276374            -22.575247586563076
1.959798994974875             -31.35203256207005
2.075376884422109             -42.94732580757799
2.190954773869347             -58.2215948911581
2.3065326633165846            -78.29738951795316
2.4221105527638187            -104.63932450028608
2.5376884422110564            -139.15842852118712
2.6532663316582905            -184.3482942338688
2.768844221105528             -245.21306495257943
