-20.0                         0.32145381564566045
-19.884422110552762           0.32145429117845625
-19.768844221105528           0.3214537648800163
-19.65326633165829            0.3214531538426147
-19.537688442211056           0.32145373577723063
-19.42211055276382            0.32145380513210053
-19.306532663316585           0.321453802138515
-19.190954773869347           0.3214536048600406
-19.07537688442211            0.321453728778141
-18.959798994974875           0.32145364984528757
-18.844221105527637           0.32145403263735944
-18.728643216080403           0.3214536584751882
-18.613065326633166           0.32145353118344033
-18.49748743718593            0.32145358384496225
-18.381909547738694           0.3214542990937839
-18.266331658291456           0.3214534793502992
-18.150753768844222           0.3214535470445423
-18.035175879396984           0.32145312093528194
-17.91959798994975            0.3214534676477295
-17.804020100502512           0.3214535248740089
-17.688442211055275           0.3214535933940528
-17.57286432160804            0.32145345848947704
-17.457286432160803           0.32145327127331347
-17.34170854271357            0.32145343287949224
-17.22613065326633            0.32145355501577455
-17.110552763819094           0.32145324577929607
-16.99497487437186            0.32145333755230626
-16.87939698492462            0.3214534513457361
-16.763819095477388           0.3214533834236004
-16.64824120603015            0.32145336313243117
-16.532663316582916           0.3214532140402716
-16.417085427135678           0.3214532866748231
-16.301507537688444           0.3214532335899133
-16.185929648241206           0.32145321820733846
-16.07035175879397            0.3214532644732507
-15.954773869346734           0.32145285339013036
-15.839195979899497           0.32145314178373613
-15.72361809045226            0.3214531419277613
-15.608040201005025           0.32145304375675343
-15.492462311557789           0.3214530654905744
-15.376884422110553           0.3214528987485217
-15.261306532663315           0.3214531186342562
-15.145728643216081           0.32145303507493017
-15.030150753768844           0.32145328405507495
-14.914572864321608           0.3214529152724072
-14.798994974874372           0.3214527047456607
-14.683417085427136           0.3214529931994018
-14.5678391959799             0.3214530078388352
-14.452261306532662           0.32145297719270005
-14.336683417085428           0.3214529130387191
-14.22110552763819            0.32145282257358704
-14.105527638190955           0.32145291557770145
-13.989949748743719           0.32145243473166596
-13.874371859296481           0.32145280781368774
-13.758793969849247           0.32145336756322423
-13.64321608040201            0.32145286531679856
-13.527638190954773           0.32145276494571334
-13.412060301507537           0.3214528394750315
-13.296482412060302           0.3214530190553679
-13.180904522613066           0.32145281022886374
-13.065326633165828           0.3214524885351584
-12.949748743718594           0.32145284029573246
-12.834170854271356           0.3214524980595408
-12.71859296482412            0.32145288816654866
-12.603015075376884           0.32145244217005514
-12.487437185929648           0.32145276084760926
-12.371859296482413           0.3214527459644698
-12.256281407035175           0.32145276263765205
-12.14070351758794            0.32145266366914876
-12.025125628140703           0.32145282851968005
-11.909547738693467           0.32145257369795527
-11.793969849246231           0.3214525343741265
-11.678391959798995           0.3214526251718311
-11.56281407035176            0.32145260566549017
-11.447236180904522           0.32145270507633317
-11.331658291457286           0.3214526277789803
-11.21608040201005            0.32145258765694384
-11.100502512562814           0.3214528971678397
-10.984924623115578           0.32145259899701145
-10.869346733668342           0.32145251837552974
-10.753768844221106           0.32145223650141025
-10.638190954773869           0.3214525362017964
-10.522613065326633           0.32145250216143
-10.407035175879397           0.3214525119862925
-10.291457286432161           0.32145263082183395
-10.175879396984925           0.3214524801998726
-10.06030150753769            0.3214524059197844
-9.944723618090451            0.32145244889034036
-9.829145728643216            0.3214524838029024
-9.71356783919598             0.3214524867316915
-9.597989949748744            0.3214524102192708
-9.482412060301508            0.3214524160326704
-9.366834170854272            0.32145240148269416
-9.251256281407034            0.3214523912443485
-9.135678391959798            0.3214523885282094
-9.020100502512562            0.32145240652577395
-8.904522613065327            0.3214523212304143
-8.78894472361809             0.32145219152977045
-8.673366834170855            0.3214528230958042
-8.557788944723619            0.32145230895187427
-8.442211055276381            0.32145278357184315
-8.326633165829145            0.3214521891189058
-8.21105527638191             0.32145235043407083
-8.095477386934673            0.3214522648048594
-7.9798994974874375           0.3214522761855011
-7.864321608040202            0.32145225976546943
-7.748743718592964            0.3214522415310533
-7.633165829145728            0.3214522521364402
-7.517587939698492            0.3214522008358174
-7.402010050251256            0.3214522646805238
-7.28643216080402             0.32145224448943904
-7.170854271356784            0.3214522164373038
-7.055276381909547            0.3214520819842557
-6.939698492462311            0.3214521860343694
-6.824120603015075            0.32145219396757846
-6.708542713567839            0.3214522017670548
-6.592964824120603            0.3214521484673718
-6.477386934673367            0.32145207428586303
-6.361809045226131            0.3214521396920068
-6.246231155778894            0.3214520810238571
-6.130653266331658            0.321452141247799
-6.015075376884422            0.321452138067649
-5.899497487437186            0.32145214972111374
-5.78391959798995             0.32145211888421626
-5.668341708542714            0.32145211569830673
-5.5527638190954764           0.32145207222459515
-5.4371859296482405           0.3214519879817641
-5.321608040201005            0.32145207810228416
-5.206030150753769            0.32145206198104737
-5.090452261306533            0.3214520539165788
-4.974874371859297            0.3214521165158564
-4.859296482412061            0.32145217457655334
-4.743718592964823            0.3214520527540085
-4.628140703517587            0.3214520875739034
-4.5125628140703515           0.32145201801213585
-4.396984924623116            0.32145201613877467
-4.28140703517588             0.3214520156119195
-4.165829145728644            0.3214519968692178
-4.050251256281406            0.32145199687261605
-3.934673366834172            0.32145196692796835
-3.8190954773869343           0.3214519413772132
-3.7035175879396967           0.3214518829743209
-3.5879396984924625           0.3214518196165078
-3.472361809045225            0.3214517177654377
-3.3567839195979907           0.3214515774347313
-3.241206030150753            0.32145133204560633
-3.125628140703519            0.3214509618752532
-3.0100502512562812           0.3214503932382256
-2.8944723618090435           0.32144946705158917
-2.7788944723618094           0.3214480152538214
-2.6633165829145717           0.3214458086455061
-2.5477386934673376           0.3214423277767309
-2.4321608040201              0.32143681014706765
-2.316582914572866            0.3214281344255159
-2.201005025125628            0.32141449795487714
-2.0854271356783904           0.32139306207084356
-1.9698492462311563           0.3213593788439047
-1.8542713567839186           0.3213065157043814
-1.7386934673366845           0.32122365977318856
-1.6231155778894468           0.32109380237947216
-1.5075376884422127           0.3208906983903075
-1.391959798994975            0.32057333889726114
-1.2763819095477373           0.3200784080793491
-1.1608040201005032           0.31930826975828797
-1.0452261306532655           0.3181129909603417
-0.9296482412060314           0.31626372568797034
-0.8140703517587937           0.31341328774736177
-0.698492462311556            0.30903888192742146
-0.5829145728643219           0.3023607567376061
-0.46733668341708423          0.292226954637008
-0.3517587939698501           0.2769558176881538
-0.23618090452261245          0.25412368960888915
-0.12060301507537828          0.2202859702921482
-0.005025125628140596         0.17061817764768689
0.11055276381909708           0.09846267354609067
0.22613065326633117           -0.0052376144788820606
0.34170854271356893           -0.1526435980144759
0.457286432160803             -0.3599018395324907
0.5728643216080407            -0.6482602260459259
0.6884422110552748            -1.0454973328197004
0.8040201005025125            -1.5877704094923908
0.9195979899497502            -2.3220138488933633
1.0351758793969843            -3.309064476392107
1.150753768844222             -4.627783594412425
1.266331658291456             -6.38061868637896
1.3819095477386938            -8.701128481067329
1.4974874371859315            -11.763796975715115
1.6130653266331656            -15.796469956152423
1.7286432160804033            -21.09634900898479
1.8442211055276374            -28.05097821809209
1.959798994974875             -37.1657954974968
2.075376884422109             -49.10013504638207
2.190954773869347             -64.71420139221215
2.3065326633165846            -85.13035397143557
2.4221105527638187            -111.81306813075972
2.5376884422110564            -146.67326927080728
2.6532663316582905            -192.20447294369558
2.768844221105528             -253.4088438470518
