-20.0                         1.4993268205230024
-19.884422110552762           1.4993281407950276
-19.768844221105528           1.4993266601391586
-19.65326633165829            1.4993256494720775
-19.537688442211056           1.4993269492540466
-19.42211055276382            1.4993264896696554
-19.306532663316585           1.4993267001796728
-19.190954773869347           1.4993250001510878
-19.07537688442211            1.4993270579332258
-18.959798994974875           1.4993266684857873
-18.844221105527637           1.4993278452447887
-18.728643216080403           1.4993262631616127
-18.613065326633166           1.4993269882696976
-18.49748743718593            1.4993264717040093
-18.381909547738694           1.499329213480989
-18.266331658291456           1.499326418071868
-18.150753768844222           1.4993264799974784
-18.035175879396984           1.4993271662126786
-17.91959798994975            1.4993263810256592
-17.804020100502512           1.4993270395005238
-17.688442211055275           1.4993263313448828
-17.57286432160804            1.4993261622350318
-17.457286432160803           1.499326204564697
-17.34170854271357            1.499326174579584
-17.22613065326633            1.4993260578481888
-17.110552763819094           1.4993261870460897
-16.99497487437186            1.4993266858007772
-16.87939698492462            1.4993257143326018
-16.763819095477388           1.4993270271232177
-16.64824120603015            1.499325987092469
-16.532663316582916           1.4993265626401726
-16.417085427135678           1.4993261598519987
-16.301507537688444           1.4993254612095648
-16.185929648241206           1.4993261891172176
-16.07035175879397            1.4993265232843482
-15.954773869346734           1.4993248790485543
-15.839195979899497           1.4993261159857971
-15.72361809045226            1.4993263587948344
-15.608040201005025           1.499327384310885
-15.492462311557789           1.4993261424108333
-15.376884422110553           1.499326426896523
-15.261306532663315           1.4993261959150324
-15.145728643216081           1.4993261748775157
-15.030150753768844           1.4993269737583697
-14.914572864321608           1.4993258442181625
-14.798994974874372           1.4993250669737863
-14.683417085427136           1.4993261794915123
-14.5678391959799             1.49932614695123
-14.452261306532662           1.4993261108483416
-14.336683417085428           1.4993259335751654
-14.22110552763819            1.4993268264850048
-14.105527638190955           1.4993258952300248
-13.989949748743719           1.4993248585584238
-13.874371859296481           1.4993256935039476
-13.758793969849247           1.499326293855625
-13.64321608040201            1.4993258179818458
-13.527638190954773           1.4993249435078169
-13.412060301507537           1.4993258967181717
-13.296482412060302           1.4993253996764158
-13.180904522613066           1.499326105029811
-13.065326633165828           1.4993256082993363
-12.949748743718594           1.499325806924018
-12.834170854271356           1.499325357976457
-12.71859296482412            1.4993260483290942
-12.603015075376884           1.4993253628454746
-12.487437185929648           1.4993258657732331
-12.371859296482413           1.4993255513284645
-12.256281407035175           1.49932595566498
-12.14070351758794            1.4993257413536971
-12.025125628140703           1.4993252886203747
-11.909547738693467           1.499325522058199
-11.793969849246231           1.4993255971792585
-11.678391959798995           1.4993257419355317
-11.56281407035176            1.499325643148011
-11.447236180904522           1.4993261158592819
-11.331658291457286           1.4993256966451918
-11.21608040201005            1.4993256259893588
-11.100502512562814           1.499325838627927
-10.984924623115578           1.499325687994596
-10.869346733668342           1.4993255657598508
-10.753768844221106           1.4993247833123233
-10.638190954773869           1.4993257702813574
-10.522613065326633           1.4993254468152908
-10.407035175879397           1.499325687220659
-10.291457286432161           1.4993266302960808
-10.175879396984925           1.4993255192667236
-10.06030150753769            1.4993253791394663
-9.944723618090451            1.4993255844049
-9.829145728643216            1.4993250229307928
-9.71356783919598             1.4993261135821088
-9.597989949748744            1.4993255577211475
-9.482412060301508            1.4993255029428771
-9.366834170854272            1.4993256265864454
-9.251256281407034            1.4993255092932056
-9.135678391959798            1.4993254160934535
-9.020100502512562            1.4993255593109835
-8.904522613065327            1.4993249352119562
-8.78894472361809             1.4993248712920586
-8.673366834170855            1.4993267022096481
-8.557788944723619            1.4993254958539557
-8.442211055276381            1.4993266321787944
-8.326633165829145            1.4993249066701204
-8.21105527638191             1.4993250411548746
-8.095477386934673            1.4993255976249524
-7.9798994974874375           1.499325392644078
-7.864321608040202            1.499325359380506
-7.748743718592964            1.4993252594748983
-7.633165829145728            1.4993254301062626
-7.517587939698492            1.49932514628447
-7.402010050251256            1.4993257194348324
-7.28643216080402             1.4993253590572944
-7.170854271356784            1.499325287683577
-7.055276381909547            1.4993250235390374
-6.939698492462311            1.4993252976571354
-6.824120603015075            1.4993253018639607
-6.708542713567839            1.4993250745103315
-6.592964824120603            1.4993253016398853
-6.477386934673367            1.49932534243227
-6.361809045226131            1.4993253000689868
-6.246231155778894            1.4993251575241031
-6.130653266331658            1.4993252255313145
-6.015075376884422            1.4993252066125438
-5.899497487437186            1.4993252609149401
-5.78391959798995             1.4993251720124698
-5.668341708542714            1.4993252112373492
-5.5527638190954764           1.4993250562345863
-5.4371859296482405           1.4993248736650633
-5.321608040201005            1.4993250213537335
-5.206030150753769            1.4993251610598535
-5.090452261306533            1.4993252850542123
-4.974874371859297            1.4993250789413184
-4.859296482412061            1.4993253375800417
-4.743718592964823            1.4993251369588918
-4.628140703517587            1.4993252745269439
-4.5125628140703515           1.4993251185471748
-4.396984924623116            1.499325101397463
-4.28140703517588             1.4993251260161478
-4.165829145728644            1.4993251143131576
-4.050251256281406            1.4993249591317264
-3.934673366834172            1.499325136211504
-3.8190954773869343           1.4993251626237933
-3.7035175879396967           1.4993250880196045
-3.5879396984924625           1.4993251169083797
-3.472361809045225            1.4993251011365734
-3.3567839195979907           1.4993251093492543
-3.241206030150753            1.4993250844078385
-3.125628140703519            1.4993250444542088
-3.0100502512562812           1.499325044192686
-2.8944723618090435           1.4993251307225028
-2.7788944723618094           1.4993249128215638
-2.6633165829145717           1.4993250633970054
-2.5477386934673376           1.4993250362553874
-2.4321608040201              1.499325026408587
-2.316582914572866            1.4993250364174215
-2.201005025125628            1.499325045582125
-2.0854271356783904           1.4993250317527977
-1.9698492462311563           1.49932499243325
-1.8542713567839186           1.4993249270977878
-1.7386934673366845           1.4993249578950014
-1.6231155778894468           1.4993249009745333
-1.5075376884422127           1.49932499122139
-1.391959798994975            1.4993249454373303
-1.2763819095477373           1.4993249656048093
-1.1608040201005032           1.4993249553996988
-1.0452261306532655           1.4993248645359856
-0.9296482412060314           1.4993245757378422
-0.8140703517587937           1.4993238805755629
-0.698492462311556            1.4993211145709056
-0.5829145728643219           1.4993129661066025
-0.46733668341708423          1.4992879865038535
-0.3517587939698501           1.4992127730979672
-0.23618090452261245          1.4989913702630628
-0.12060301507537828          1.4983587244903722
-0.005025125628140596         1.496620935649398
0.11055276381909708           1.4920827348681849
0.22613065326633117           1.480953144635532
0.34170854271356893           1.4556121139216827
0.457286432160803             1.4024606392099273
0.5728643216080407            1.2999557367213301
0.6884422110552748            1.1173219186699015
0.8040201005025125            0.8137270374001356
0.9195979899497502            0.3371270300538975
1.0351758793969843            -0.3779555602056608
1.150753768844222             -1.4140986968272216
1.266331658291456             -2.876428035312718
1.3819095477386938            -4.9003571642260555
1.4974874371859315            -7.661809150541898
1.6130653266331656            -11.389856811629874
1.7286432160804033            -16.382674087318115
1.8442211055276374            -23.028500340548835
1.959798994974875             -31.83325363901901
2.075376884422109             -43.456603758919115
2.190954773869347             -58.75899447206822
2.3065326633165846            -78.86295861265565
2.4221105527638187            -105.23309881857949
2.5376884422110564            -139.7804348659169
2.6532663316582905            -184.99855282114527
2.768844221105528             -245.8914317867503
