-20.0                         1.3880803085083828
-19.884422110552762           1.3880815473083195
-19.768844221105528           1.3880801535056961
-19.65326633165829            1.3880791354108502
-19.537688442211056           1.3880803717235706
-19.42211055276382            1.3880799816671594
-19.306532663316585           1.3880802266532786
-19.190954773869347           1.3880785666733575
-19.07537688442211            1.3880805059832886
-18.959798994974875           1.3880801275673793
-18.844221105527637           1.3880813454601495
-18.728643216080403           1.388079789415283
-18.613065326633166           1.3880804035099126
-18.49748743718593            1.3880799629337925
-18.381909547738694           1.3880825987503673
-18.266331658291456           1.3880798849994407
-18.150753768844222           1.38807995048397
-18.035175879396984           1.3880804975399217
-17.91959798994975            1.388079869930195
-17.804020100502512           1.3880804809987997
-17.688442211055275           1.3880798825918066
-17.57286432160804            1.3880796123179697
-17.457286432160803           1.3880796699707882
-17.34170854271357            1.3880796914041802
-17.22613065326633            1.3880796181830855
-17.110552763819094           1.3880796440319039
-16.99497487437186            1.3880801429392924
-16.87939698492462            1.3880792686958574
-16.763819095477388           1.3880804446362933
-16.64824120603015            1.3880794945371362
-16.532663316582916           1.3880799429050537
-16.417085427135678           1.388079634874638
-16.301507537688444           1.3880789570500516
-16.185929648241206           1.388079656001837
-16.07035175879397            1.3880799794318697
-15.954773869346734           1.3880784105783448
-15.839195979899497           1.388079581629056
-15.72361809045226            1.3880797866810954
-15.608040201005025           1.3880807317738577
-15.492462311557789           1.3880795985675285
-15.376884422110553           1.3880797896333728
-15.261306532663315           1.3880796608703072
-15.145728643216081           1.388079625907988
-15.030150753768844           1.3880804471547301
-14.914572864321608           1.3880793106162164
-14.798994974874372           1.3880785467078267
-14.683417085427136           1.3880796272182712
-14.5678391959799             1.3880795805758377
-14.452261306532662           1.3880795425391066
-14.336683417085428           1.38807939369194
-14.22110552763819            1.3880801882935854
-14.105527638190955           1.3880793508289075
-13.989949748743719           1.3880783552966651
-13.874371859296481           1.3880791642038917
-13.758793969849247           1.3880797889904046
-13.64321608040201            1.3880792796650794
-13.527638190954773           1.3880784546526725
-13.412060301507537           1.3880793493910615
-13.296482412060302           1.3880789330025334
-13.180904522613066           1.388079542941195
-13.065326633165828           1.3880790309125448
-12.949748743718594           1.3880792810979365
-12.834170854271356           1.388078825133101
-12.71859296482412            1.3880795090460967
-12.603015075376884           1.3880788030664826
-12.487437185929648           1.388079330364525
-12.371859296482413           1.3880790318606602
-12.256281407035175           1.3880794180664573
-12.14070351758794            1.388079196467423
-12.025125628140703           1.3880788103225388
-11.909547738693467           1.3880789879909723
-11.793969849246231           1.3880790146930897
-11.678391959798995           1.3880791919630302
-11.56281407035176            1.3880791026650117
-11.447236180904522           1.388079548078727
-11.331658291457286           1.38807915921204
-11.21608040201005            1.3880790853393215
-11.100502512562814           1.3880793237095923
-10.984924623115578           1.3880791499116385
-10.869346733668342           1.3880790239202154
-10.753768844221106           1.388078275331588
-10.638190954773869           1.3880792138553493
-10.522613065326633           1.3880789124581723
-10.407035175879397           1.388079153237472
-10.291457286432161           1.3880800257508168
-10.175879396984925           1.388078981549359
-10.06030150753769            1.3880788439237848
-9.944723618090451            1.3880790300240002
-9.829145728643216            1.3880785231160058
-9.71356783919598             1.3880795503277192
-9.597989949748744            1.3880790069506097
-9.482412060301508            1.3880789563194755
-9.366834170854272            1.3880790756017518
-9.251256281407034            1.3880789626158434
-9.135678391959798            1.38807887493845
-9.020100502512562            1.3880790357543624
-8.904522613065327            1.3880784221198716
-8.78894472361809             1.3880783565820816
-8.673366834170855            1.388080106970537
-8.557788944723619            1.3880789439607488
-8.442211055276381            1.3880800389649315
-8.326633165829145            1.3880783899524696
-8.21105527638191             1.3880785327780796
-8.095477386934673            1.3880790324863217
-7.9798994974874375           1.3880788522527843
-7.864321608040202            1.3880788147599894
-7.748743718592964            1.3880787219259687
-7.633165829145728            1.388078880471631
-7.517587939698492            1.3880785977653896
-7.402010050251256            1.3880791625682944
-7.28643216080402             1.3880788168371894
-7.170854271356784            1.3880787458811914
-7.055276381909547            1.388078480405703
-6.939698492462311            1.3880787508549042
-6.824120603015075            1.3880787592537704
-6.708542713567839            1.3880785494853414
-6.592964824120603            1.3880787512563537
-6.477386934673367            1.3880787751449104
-6.361809045226131            1.388078747338676
-6.246231155778894            1.3880786137804202
-6.130653266331658            1.38807868661236
-6.015075376884422            1.3880786741342854
-5.899497487437186            1.3880787310087002
-5.78391959798995             1.3880786329658443
-5.668341708542714            1.3880786681558228
-5.5527638190954764           1.388078511243237
-5.4371859296482405           1.3880783443698106
-5.321608040201005            1.3880784837268767
-5.206030150753769            1.3880786083838763
-5.090452261306533            1.3880787284643816
-4.974874371859297            1.3880785537322997
-4.859296482412061            1.3880787981850882
-4.743718592964823            1.388078597647079
-4.628140703517587            1.3880787253929654
-4.5125628140703515           1.3880785676684553
-4.396984924623116            1.3880785594110803
-4.28140703517588             1.3880785842398127
-4.165829145728644            1.3880785694427744
-4.050251256281406            1.388078429183074
-3.934673366834172            1.388078591913444
-3.8190954773869343           1.3880786157416494
-3.7035175879396967           1.3880785445177792
-3.5879396984924625           1.388078569890456
-3.472361809045225            1.3880785544013212
-3.3567839195979907           1.3880785666185682
-3.241206030150753            1.3880785329479566
-3.125628140703519            1.388078501240292
-3.0100502512562812           1.3880785018934612
-2.8944723618090435           1.3880785752217084
-2.7788944723618094           1.3880783737014586
-2.6633165829145717           1.3880785116193421
-2.5477386934673376           1.3880784919945859
-2.4321608040201              1.3880784833602948
-2.316582914572866            1.3880784915490005
-2.201005025125628            1.3880785025652742
-2.0854271356783904           1.3880784888285513
-1.9698492462311563           1.38807844900307
-1.8542713567839186           1.3880783851951175
-1.7386934673366845           1.3880784139183715
-1.6231155778894468           1.3880783607823228
-1.5075376884422127           1.3880784458369353
-1.391959798994975            1.3880784010899818
-1.2763819095477373           1.3880784080284652
-1.1608040201005032           1.3880783672313588
-1.0452261306532655           1.3880781888801887
-0.9296482412060314           1.3880776560731871
-0.8140703517587937           1.3880762414514842
-0.698492462311556            1.3880714833731784
-0.5829145728643219           1.3880578104035626
-0.46733668341708423          1.3880178629944362
-0.3517587939698501           1.3879031854721748
-0.23618090452261245          1.3875813061567284
-0.12060301507537828          1.386704153857633
-0.005025125628140596         1.384404877563569
0.11055276381909708           1.3786682582939822
0.22613065326633117           1.3651987658556903
0.34170854271356893           1.3357345783069061
0.457286432160803             1.2760721929034908
0.5728643216080407            1.1643301953350156
0.6884422110552748            0.9697794398343059
0.8040201005025125            0.6519473441338779
0.9195979899497502            0.1592866962047249
1.0351758793969843            -0.5731979579282989
1.150753768844222             -1.6276958530214902
1.266331658291456             -3.1090575147247868
1.3819095477386938            -5.1525147852273765
1.4974874371859315            -7.933860075322475
1.6130653266331656            -11.6820614036342
1.7286432160804033            -16.695213016656737
1.8442211055276374            -23.361499418472185
1.959798994974875             -32.186802140012766
2.075376884422109             -43.83076618869292
2.190954773869347             -59.15381809816134
2.3065326633165846            -79.27847844175423
2.4221105527638187            -105.66934098760771
2.5376884422110564            -140.23741901005351
2.6532663316582905            -185.47629376032842
2.768844221105528             -246.3898237465493
