-20.0                         0.3285716322108283
-19.884422110552762           0.32857211980918033
-19.768844221105528           0.3285715806163377
-19.65326633165829            0.3285709566180762
-19.537688442211056           0.3285715508425408
-19.42211055276382            0.3285716195130242
-19.306532663316585           0.3285716230165232
-19.190954773869347           0.32857140183776595
-19.07537688442211            0.3285715484333879
-18.959798994974875           0.32857146454535247
-18.844221105527637           0.32857187269360205
-18.728643216080403           0.3285714762219325
-18.613065326633166           0.32857134814740985
-18.49748743718593            0.3285713999339936
-18.381909547738694           0.32857214962815173
-18.266331658291456           0.3285712931314912
-18.150753768844222           0.32857136223964273
-18.035175879396984           0.3285709346809268
-17.91959798994975            0.3285712835043776
-17.804020100502512           0.3285713464698851
-17.688442211055275           0.3285714174928629
-17.57286432160804            0.3285712712175445
-17.457286432160803           0.3285710840502344
-17.34170854271357            0.3285712512713644
-17.22613065326633            0.3285713779172571
-17.110552763819094           0.32857105728003044
-16.99497487437186            0.32857115512281454
-16.87939698492462            0.32857126952688387
-16.763819095477388           0.32857120551099184
-16.64824120603015            0.32857118083585474
-16.532663316582916           0.32857102516458775
-16.417085427135678           0.328571100751431
-16.301507537688444           0.3285710418335368
-16.185929648241206           0.3285710345647147
-16.07035175879397            0.3285710828851911
-15.954773869346734           0.32857065390656265
-15.839195979899497           0.3285709563138966
-15.72361809045226            0.3285709573927265
-15.608040201005025           0.3285708643625834
-15.492462311557789           0.3285708807141677
-15.376884422110553           0.32857070691016926
-15.261306532663315           0.32857093624200434
-15.145728643216081           0.3285708503702413
-15.030150753768844           0.3285711157736706
-14.914572864321608           0.3285707282144508
-14.798994974874372           0.3285705048604464
-14.683417085427136           0.32857080969511093
-14.5678391959799             0.3285708229718567
-14.452261306532662           0.32857079199559186
-14.336683417085428           0.3285707278252293
-14.22110552763819            0.328570639119193
-14.105527638190955           0.3285707294715732
-13.989949748743719           0.3285702383977122
-13.874371859296481           0.32857062057960557
-13.758793969849247           0.3285711914112136
-13.64321608040201            0.32857067986732924
-13.527638190954773           0.32857056919527416
-13.412060301507537           0.32857065457542706
-13.296482412060302           0.32857083590000247
-13.180904522613066           0.32857062676729815
-13.065326633165828           0.3285702966701023
-12.949748743718594           0.32857065737446606
-12.834170854271356           0.3285703085850749
-12.71859296482412            0.32857070780032366
-12.603015075376884           0.32857024866458967
-12.487437185929648           0.3285705785308723
-12.371859296482413           0.328570562177184
-12.256281407035175           0.3285705807510695
-12.14070351758794            0.32857047917423526
-12.025125628140703           0.3285706445113121
-11.909547738693467           0.3285703872411013
-11.793969849246231           0.3285703435509791
-11.678391959798995           0.32857044059328383
-11.56281407035176            0.3285704206706607
-11.447236180904522           0.32857052521607766
-11.331658291457286           0.3285704447183129
-11.21608040201005            0.3285704032916167
-11.100502512562814           0.3285707179298307
-10.984924623115578           0.3285704163665603
-10.869346733668342           0.32857033349736725
-10.753768844221106           0.32857004340016766
-10.638190954773869           0.3285703529810569
-10.522613065326633           0.32857031634205797
-10.407035175879397           0.3285703294483867
-10.291457286432161           0.32857045767066245
-10.175879396984925           0.32857029625723944
-10.06030150753769            0.3285702200465176
-9.944723618090451            0.3285702647301391
-9.829145728643216            0.3285702960837266
-9.71356783919598             0.328570309613735
-9.597989949748744            0.3285702260543213
-9.482412060301508            0.32857023172307803
-9.366834170854272            0.32857021870074854
-9.251256281407034            0.32857020756218885
-9.135678391959798            0.3285702046856411
-9.020100502512562            0.32857022599915076
-8.904522613065327            0.3285701316425957
-8.78894472361809             0.32857000136930475
-8.673366834170855            0.3285706522352445
-8.557788944723619            0.32857012572689115
-8.442211055276381            0.328570612204588
-8.326633165829145            0.32856999976903606
-8.21105527638191             0.3285701647547528
-8.095477386934673            0.3285700810349601
-7.9798994974874375           0.3285700925856736
-7.864321608040202            0.3285700756068901
-7.748743718592964            0.328570056627881
-7.633165829145728            0.32857006892272683
-7.517587939698492            0.32857001352870047
-7.402010050251256            0.3285700853717659
-7.28643216080402             0.32857006141734746
-7.170854271356784            0.3285700324114501
-7.055276381909547            0.32856989345602855
-6.939698492462311            0.32857000189465946
-6.824120603015075            0.32857001059572644
-6.708542713567839            0.3285700158233592
-6.592964824120603            0.3285699645892001
-6.477386934673367            0.3285698896659296
-6.361809045226131            0.32856995556935475
-6.246231155778894            0.32856989625051447
-6.130653266331658            0.3285699578617569
-6.015075376884422            0.3285699549314025
-5.899497487437186            0.32856996800088323
-5.78391959798995             0.32856993511091254
-5.668341708542714            0.32856993201607876
-5.5527638190954764           0.32856988620714805
-5.4371859296482405           0.32856980079807396
-5.321608040201005            0.32856989278711074
-5.206030150753769            0.3285698773762981
-5.090452261306533            0.3285698702896032
-4.974874371859297            0.32856993404846485
-4.859296482412061            0.32856999466578046
-4.743718592964823            0.32856987004240074
-4.628140703517587            0.328569906259167
-4.5125628140703515           0.32856983512443544
-4.396984924623116            0.32856983492576153
-4.28140703517588             0.32856983622158775
-4.165829145728644            0.32856981934193447
-4.050251256281406            0.32856982181044353
-3.934673366834172            0.32856979849323015
-3.8190954773869343           0.3285697813122203
-3.7035175879396967           0.32856973453229
-3.5879396984924625           0.3285696903919918
-3.472361809045225            0.3285696178312688
-3.3567839195979907           0.32856952295022324
-3.241206030150753            0.32856934576204017
-3.125628140703519            0.3285690817127284
-3.0100502512562812           0.32856867504157017
-2.8944723618090435           0.3285679961086598
-2.7788944723618094           0.32856691937804
-2.6633165829145717           0.3285652872470592
-2.5477386934673376           0.3285626779221152
-2.4321608040201              0.3285584814043302
-2.316582914572866            0.32855180452030014
-2.201005025125628            0.32854118486493183
-2.0854271356783904           0.32852428896066854
-1.9698492462311563           0.3284974170388767
-1.8542713567839186           0.3284547379062755
-1.7386934673366845           0.3283870511152905
-1.6231155778894468           0.3282796839695582
-1.5075376884422127           0.3281097592830699
-1.391959798994975            0.32784106173204214
-1.2763819095477373           0.3274170295757625
-1.1608040201005032           0.3267494019031286
-1.0452261306532655           0.32570104251320825
-0.9296482412060314           0.3240602239289638
-0.8140703517587937           0.32150210584092387
-0.698492462311556            0.3175322126340922
-0.5829145728643219           0.31140543223026823
-0.46733668341708423          0.302010346508531
-0.3517587939698501           0.2877102493497833
-0.23618090452261245          0.26612802981372585
-0.12060301507537828          0.23386313207639126
-0.005025125628140596         0.1861277211687184
0.11055276381909708           0.11628862609630855
0.22613065326633117           0.015297552713746075
0.34170854271356893           -0.12901457352573048
0.457286432160803             -0.33281803111937913
0.5728643216080407            -0.6173963715112538
0.6884422110552748            -1.0105709941026164
0.8040201005025125            -1.548544350519668
0.9195979899497502            -2.2782944507520426
1.0351758793969843            -3.2606971758764978
1.150753768844222             -4.574646044414157
1.266331658291456             -6.322612900906795
1.3819095477386938            -8.63817491630997
1.4974874371859315            -11.695832248345408
1.6130653266331656            -15.723445715902976
1.7286432160804033            -21.01822950049182
1.8442211055276374            -27.96773713940814
1.959798994974875             -37.07741336788312
2.075376884422109             -49.00659732543971
2.190954773869347             -64.6154971600482
2.3065326633165846            -85.02647498827112
2.4221105527638187            -111.70400815648918
2.5376884422110564            -146.55902356651484
2.6532663316582905            -192.08503790290348
2.768844221105528             -253.28424585710206
