-20.0                         1.802044300495716
-19.884422110552762           1.802045851691042
-19.768844221105528           1.8020441352218042
-19.65326633165829            1.8020431605400242
-19.537688442211056           1.8020446425458152
-19.42211055276382            1.8020439812987292
-19.306532663316585           1.8020440702119902
-19.190954773869347           1.8020423158684917
-19.07537688442211            1.8020446561424344
-18.959798994974875           1.8020442429895283
-18.844221105527637           1.8020452492745966
-18.728643216080403           1.802043667458644
-18.613065326633166           1.8020446863775514
-18.49748743718593            1.8020439581868013
-18.381909547738694           1.802046935884288
-18.266331658291456           1.8020439756297568
-18.150753768844222           1.8020440258150798
-18.035175879396984           1.8020451053394537
-17.91959798994975            1.8020438705755613
-17.804020100502512           1.8020446417800755
-17.688442211055275           1.8020436357261425
-17.57286432160804            1.8020438126966245
-17.457286432160803           1.802043764160914
-17.34170854271357            1.802043596537263
-17.22613065326633            1.8020433537731424
-17.110552763819094           1.8020437744488913
-16.99497487437186            1.8020442286984826
-16.87939698492462            1.8020430461596935
-16.763819095477388           1.80204470386369
-16.64824120603015            1.802043456110046
-16.532663316582916           1.8020443742179981
-16.417085427135678           1.8020436922976433
-16.301507537688444           1.8020429812425822
-16.185929648241206           1.8020437619161347
-16.07035175879397            1.8020440910992164
-15.954773869346734           1.802042265982569
-15.839195979899497           1.8020436754511393
-15.72361809045226            1.8020440321379105
-15.608040201005025           1.8020452297695884
-15.492462311557789           1.8020437257445394
-15.376884422110553           1.802044282156847
-15.261306532663315           1.8020437589175335
-15.145728643216081           1.8020437668170888
-15.030150753768844           1.8020444671075597
-14.914572864321608           1.8020434009189652
-14.798994974874372           1.8020426082027365
-14.683417085427136           1.802043787687183
-14.5678391959799             1.8020437993728808
-14.452261306532662           1.8020437721090332
-14.336683417085428           1.8020435088547528
-14.22110552763819            1.802044649289924
-14.105527638190955           1.802043487792577
-13.989949748743719           1.8020423387332165
-13.874371859296481           1.8020432384589185
-13.758793969849247           1.8020437663346316
-13.64321608040201            1.802043393897191
-13.527638190954773           1.8020423956705711
-13.412060301507537           1.8020434939061731
-13.296482412060302           1.8020427792898572
-13.180904522613066           1.8020437293769809
-13.065326633165828           1.802043297616032
-12.949748743718594           1.8020433406664678
-12.834170854271356           1.8020429147208825
-12.71859296482412            1.8020436153612553
-12.603015075376884           1.8020430047115588
-12.487437185929648           1.8020434226545123
-12.371859296482413           1.8020430880604978
-12.256281407035175           1.802043507577189
-12.14070351758794            1.8020433288875657
-12.025125628140703           1.8020426999008574
-11.909547738693467           1.8020430795679405
-11.793969849246231           1.8020433093344002
-11.678391959798995           1.8020433397679454
-11.56281407035176            1.80204321853592
-11.447236180904522           1.802043762023018
-11.331658291457286           1.802043260956153
-11.21608040201005            1.8020432057385583
-11.100502512562814           1.8020433402279985
-10.984924623115578           1.802043253500415
-10.869346733668342           1.802043143783109
-10.753768844221106           1.8020422740054967
-10.638190954773869           1.802043379735074
-10.522613065326633           1.8020430067988562
-10.407035175879397           1.8020432258586032
-10.291457286432161           1.8020443599700207
-10.175879396984925           1.802043089077655
-10.06030150753769            1.8020429393768922
-9.944723618090451            1.8020432017503694
-9.829145728643216            1.802042494992679
-9.71356783919598             1.8020437234392694
-9.597989949748744            1.802043156196464
-9.482412060301508            1.8020430950136122
-9.366834170854272            1.8020432237118458
-9.251256281407034            1.8020431011209876
-9.135678391959798            1.8020430009687498
-9.020100502512562            1.80204307126433
-8.904522613065327            1.802042443796247
-8.78894472361809             1.802042378367567
-8.673366834170855            1.8020444175711312
-8.557788944723619            1.8020431004173911
-8.442211055276381            1.8020443423012937
-8.326633165829145            1.8020424186979433
-8.21105527638191             1.802042533305613
-8.095477386934673            1.8020432269838524
-7.9798994974874375           1.8020429597441572
-7.864321608040202            1.8020429431341365
-7.748743718592964            1.8020428254490404
-7.633165829145728            1.8020430250510695
-7.517587939698492            1.8020427554547376
-7.402010050251256            1.8020433202494703
-7.28643216080402             1.8020429363124217
-7.170854271356784            1.8020428652300133
-7.055276381909547            1.802042611104485
-6.939698492462311            1.802042887382413
-6.824120603015075            1.8020428798616714
-6.708542713567839            1.8020426071736906
-6.592964824120603            1.802042902886513
-6.477386934673367            1.8020429924851147
-6.361809045226131            1.802042907621167
-6.246231155778894            1.8020427406040667
-6.130653266331658            1.8020427935014363
-6.015075376884422            1.802042754334495
-5.899497487437186            1.8020427978030484
-5.78391959798995             1.80204274281478
-5.668341708542714            1.8020427910690442
-5.5527638190954764           1.802042651144869
-5.4371859296482405           1.8020424186573627
-5.321608040201005            1.8020425957458117
-5.206030150753769            1.8020427736334756
-5.090452261306533            1.8020428967978288
-4.974874371859297            1.802042611172439
-4.859296482412061            1.8020429049140638
-4.743718592964823            1.8020427078903163
-4.628140703517587            1.8020428706295253
-4.5125628140703515           1.8020427253267268
-4.396984924623116            1.802042681782111
-4.28140703517588             1.802042703264183
-4.165829145728644            1.802042700963832
-4.050251256281406            1.8020425063678367
-3.934673366834172            1.802042718870222
-3.8190954773869343           1.8020427520380826
-3.7035175879396967           1.8020426689529574
-3.5879396984924625           1.8020427066761926
-3.472361809045225            1.8020426910819243
-3.3567839195979907           1.8020426843503023
-3.241206030150753            1.8020426904757738
-3.125628140703519            1.8020426256480002
-3.0100502512562812           1.802042623145863
-2.8944723618090435           1.8020427458057318
-2.7788944723618094           1.8020424833379043
-2.6633165829145717           1.8020426688558284
-2.5477386934673376           1.8020426193903862
-2.4321608040201              1.802042605469306
-2.316582914572866            1.8020426210005467
-2.201005025125628            1.802042622805102
-2.0854271356783904           1.802042610163136
-1.9698492462311563           1.802042574151152
-1.8542713567839186           1.8020425058260978
-1.7386934673366845           1.802042543134383
-1.6231155778894468           1.8020424728754678
-1.5075376884422127           1.802042574340855
-1.391959798994975            1.8020425198298922
-1.2763819095477373           1.8020425540813407
-1.1608040201005032           1.8020425681277386
-1.0452261306532655           1.802042551708114
-0.9296482412060314           1.8020424689680292
-0.8140703517587937           1.8020424722049286
-0.698492462311556            1.8020417324378213
-0.5829145728643219           1.8020396651421613
-0.46733668341708423          1.802032486974815
-0.3517587939698501           1.8020080434901287
-0.23618090452261245          1.8019266707047783
-0.12060301507537828          1.8016636834665276
-0.005025125628140596         1.800847767073875
0.11055276381909708           1.7984462665515852
0.22613065326633117           1.7918371612367636
0.34170854271356893           1.7750789513455951
0.457286432160803             1.7363898896085443
0.5728643216080407            1.655496444112188
0.6884422110552748            1.5018193335135552
0.8040201005025125            1.2337028284703624
0.9195979899497502            0.7977532331367214
1.0351758793969843            0.12711740261599025
1.150753768844222             -0.8619078735840375
1.266331658291456             -2.2752445137023383
1.3819095477386938            -4.248826508400619
1.4974874371859315            -6.958943638382615
1.6130653266331656            -10.634958050312218
1.7286432160804033            -15.5752613273951
1.8442211055276374            -22.16824115217768
1.959798994974875             -30.919913423018674
2.075376884422109             -42.4900137020615
2.190954773869347             -57.739031257079546
2.3065326633165846            -77.78953112380157
2.4221105527638187            -104.10613914735686
2.5376884422110564            -138.5998920655326
2.6532663316582905            -183.76438847838799
2.768844221105528             -244.60391922393623
