-20.0                         0.4666858921687551
-19.884422110552762           0.46668652541050054
-19.768844221105528           0.46668582634344624
-19.65326633165829            0.46668504936363275
-19.537688442211056           0.4666857864754642
-19.42211055276382            0.46668582458516433
-19.306532663316585           0.4666859334660187
-19.190954773869347           0.4666853527163399
-19.07537688442211            0.46668584851590883
-18.959798994974875           0.46668569232892515
-18.844221105527637           0.4666864329002799
-18.728643216080403           0.46668573090755133
-18.613065326633166           0.46668562338985486
-18.49748743718593            0.4666856470938822
-18.381909547738694           0.46668684771436775
-18.266331658291456           0.4666855116070927
-18.150753768844222           0.4666855916021355
-18.035175879396984           0.46668520830342897
-17.91959798994975            0.46668552972236627
-17.804020100502512           0.4666856804963074
-17.688442211055275           0.4666857534714296
-17.57286432160804            0.4666854456780682
-17.457286432160803           0.46668529294326655
-17.34170854271357            0.4666855201906149
-17.22613065326633            0.46668568200454214
-17.110552763819094           0.46668525125359445
-16.99497487437186            0.46668543994117445
-16.87939698492462            0.46668550147863014
-16.763819095477388           0.46668554345301
-16.64824120603015            0.4666854254646141
-16.532663316582916           0.4666852116457175
-16.417085427135678           0.4666853164546819
-16.301507537688444           0.4666851465220846
-16.185929648241206           0.4666852823154721
-16.07035175879397            0.4666853671361665
-15.954773869346734           0.46668469639639687
-15.839195979899497           0.4666851837139057
-15.72361809045226            0.4666851990287676
-15.608040201005025           0.46668522963773995
-15.492462311557789           0.4666851201905377
-15.376884422110553           0.46668488269427144
-15.261306532663315           0.46668520273355785
-15.145728643216081           0.4666850933203195
-15.030150753768844           0.46668557537549216
-14.914572864321608           0.466684938328349
-14.798994974874372           0.46668455141258564
-14.683417085427136           0.46668506773927654
-14.5678391959799             0.46668505294558044
-14.452261306532662           0.46668501847562294
-14.336683417085428           0.4666849598862668
-14.22110552763819            0.46668494018929296
-14.105527638190955           0.46668494490646195
-13.989949748743719           0.4666843347535856
-13.874371859296481           0.46668482635552366
-13.758793969849247           0.4666854992176985
-13.64321608040201            0.4666849018610694
-13.527638190954773           0.46668464211915744
-13.412060301507537           0.46668488740856395
-13.296482412060302           0.46668504950037853
-13.180904522613066           0.4666848891501322
-13.065326633165828           0.4666844669795852
-12.949748743718594           0.4666849089184534
-12.834170854271356           0.46668449284969254
-12.71859296482412            0.4666849940074106
-12.603015075376884           0.466684391869619
-12.487437185929648           0.46668484687484746
-12.371859296482413           0.466684796541651
-12.256281407035175           0.4666848584084435
-12.14070351758794            0.46668472034836245
-12.025125628140703           0.4666848536331309
-11.909547738693467           0.46668460389321104
-11.793969849246231           0.4666845064102714
-11.678391959798995           0.4666846811460361
-11.56281407035176            0.4666846552582539
-11.447236180904522           0.46668482866823535
-11.331658291457286           0.46668470044673677
-11.21608040201005            0.46668464338526666
-11.100502512562814           0.4666849983376413
-10.984924623115578           0.46668467767101723
-10.869346733668342           0.4666845694958852
-10.753768844221106           0.46668417598148115
-10.638190954773869           0.4666846133484589
-10.522613065326633           0.4666845361168954
-10.407035175879397           0.466684602537344
-10.291457286432161           0.46668486323026875
-10.175879396984925           0.4666845420810829
-10.06030150753769            0.46668444340182436
-9.944723618090451            0.46668450989363863
-9.829145728643216            0.4666844711969576
-9.71356783919598             0.4666846649584288
-9.597989949748744            0.46668447306520316
-9.482412060301508            0.466684473033312
-9.366834170854272            0.4666844871381455
-9.251256281407034            0.46668445878769343
-9.135678391959798            0.46668444884866567
-9.020100502512562            0.466684522177257
-8.904522613065327            0.4666842931409445
-8.78894472361809             0.4666841681293292
-8.673366834170855            0.4666850642312869
-8.557788944723619            0.4666843856931359
-8.442211055276381            0.4666850178453767
-8.326633165829145            0.46668417598337303
-8.21105527638191             0.46668436999151447
-8.095477386934673            0.46668434293522176
-7.9798994974874375           0.4666843467758511
-7.864321608040202            0.4666843212296182
-7.748743718592964            0.4666842912833808
-7.633165829145728            0.46668432837237606
-7.517587939698492            0.4666842124512763
-7.402010050251256            0.46668440610100526
-7.28643216080402             0.4666843193439247
-7.170854271356784            0.4666842775410911
-7.055276381909547            0.46668408714832993
-6.939698492462311            0.466684247778324
-6.824120603015075            0.46668426523279344
-6.708542713567839            0.4666842312964909
-6.592964824120603            0.466684216196564
-6.477386934673367            0.46668413980396917
-6.361809045226131            0.4666842040655375
-6.246231155778894            0.4666841357426745
-6.130653266331658            0.466684212185344
-6.015075376884422            0.4666842134664431
-5.899497487437186            0.4666842452374985
-5.78391959798995             0.46668418222930913
-5.668341708542714            0.4666841818552541
-5.5527638190954764           0.46668410247099734
-5.4371859296482405           0.4666840066332156
-5.321608040201005            0.46668411430936374
-5.206030150753769            0.46668411369143137
-5.090452261306533            0.4666841262276057
-4.974874371859297            0.4666841869679958
-4.859296482412061            0.46668428172128473
-4.743718592964823            0.46668412494360184
-4.628140703517587            0.4666841750641641
-4.5125628140703515           0.46668407594045247
-4.396984924623116            0.46668408771549086
-4.28140703517588             0.4666840969277127
-4.165829145728644            0.46668407911174314
-4.050251256281406            0.4666840685801051
-3.934673366834172            0.4666840810836686
-3.8190954773869343           0.46668408359404934
-3.7035175879396967           0.466684050667372
-3.5879396984924625           0.4666840483511292
-3.472361809045225            0.4666840376624754
-3.3567839195979907           0.4666840479506554
-3.241206030150753            0.46668401627153766
-3.125628140703519            0.46668400989207054
-3.0100502512562812           0.4666840079257041
-2.8944723618090435           0.4666839770172633
-2.7788944723618094           0.46668389366290247
-2.6633165829145717           0.46668389547179095
-2.5477386934673376           0.46668385386570993
-2.4321608040201              0.4666837291383211
-2.316582914572866            0.4666835046575407
-2.201005025125628            0.4666830979339781
-2.0854271356783904           0.46668233235225326
-1.9698492462311563           0.4666809009978623
-1.8542713567839186           0.46667827058328504
-1.7386934673366845           0.466673500380432
-1.6231155778894468           0.46666464253683776
-1.5075376884422127           0.4666484552959989
-1.391959798994975            0.4666186431815931
-1.2763819095477373           0.4665639985725199
-1.1608040201005032           0.4664641287407845
-1.0452261306532655           0.4662821545133722
-0.9296482412060314           0.4659520030170353
-0.8140703517587937           0.4653560824565199
-0.698492462311556            0.4642872024850556
-0.5829145728643219           0.4623859562066138
-0.46733668341708423          0.45903783990339336
-0.3517587939698501           0.45321433122865945
-0.23618090452261245          0.44323539336146617
-0.12060301507537828          0.4264342427470931
-0.005025125628140596         0.39871152702595275
0.11055276381909708           0.35397814329721106
0.22613065326633117           0.2834948113173246
0.34170854271356893           0.17511360615562874
0.457286432160803             0.012401179124240814
0.5728643216080407            -0.22641621073233667
0.6884422110552748            -0.5697889974302803
0.8040201005025125            -1.0545967580365823
0.9195979899497502            -1.7284698183342873
1.0351758793969843            -2.652861818811133
1.150753768844222             -3.907136863998207
1.266331658291456             -5.5941179090960365
1.3819095477386938            -7.847642169646776
1.4974874371859315            -10.842431311757998
1.6130653266331656            -14.806548185806692
1.7286432160804033            -20.037374114015073
1.8442211055276374            -26.92258672869
1.959798994974875             -35.96771943822633
2.075376884422109             -47.832175096538435
2.190954773869347             -63.37620825690522
2.3065326633165846            -83.72221522455634
2.4221105527638187            -110.3346987610411
2.5376884422110564            -145.1246047938966
2.6532663316582905            -190.58546432872234
2.768844221105528             -251.71984887217744
