-20.0                         1.5882019681439854
-19.884422110552762           1.588203355075095
-19.768844221105528           1.5882018048199773
-19.65326633165829            1.588200802785418
-19.537688442211056           1.5882021547610126
-19.42211055276382            1.5882016376261494
-19.306532663316585           1.5882018160103153
-19.190954773869347           1.588200092585178
-19.07537688442211            1.588202238977684
-18.959798994974875           1.5882018418419237
-18.844221105527637           1.5882029766783425
-18.728643216080403           1.5882013840511169
-18.613065326633166           1.5882021972319242
-18.49748743718593            1.5882016188948676
-18.381909547738694           1.5882044377720455
-18.266331658291456           1.5882015857061118
-18.150753768844222           1.5882016445107077
-18.035175879396984           1.588202444162555
-17.91959798994975            1.5882015296420122
-17.804020100502512           1.5882022238833826
-17.688442211055275           1.5882014276908698
-17.57286432160804            1.5882013502239598
-17.457286432160803           1.5882013731648643
-17.34170854271357            1.588201301890588
-17.22613065326633            1.5882011493108172
-17.110552763819094           1.5882013630883922
-16.99497487437186            1.588201855370154
-16.87939698492462            1.588200813543437
-16.763819095477388           1.588202232079214
-16.64824120603015            1.5882011251409494
-16.532663316582916           1.588201802687834
-16.417085427135678           1.5882013206129937
-16.301507537688444           1.588200611726779
-16.185929648241206           1.588201358714021
-16.07035175879397            1.5882016967529808
-15.954773869346734           1.5881999959235702
-15.839195979899497           1.5882012844147788
-15.72361809045226            1.5882015591690988
-15.608040201005025           1.5882026423212057
-15.492462311557789           1.5882013181811847
-15.376884422110553           1.588201680224519
-15.261306532663315           1.5882013650216318
-15.145728643216081           1.5882013540231406
-15.030150753768844           1.5882021291990593
-14.914572864321608           1.5882010119946968
-14.798994974874372           1.5882002272049263
-14.683417085427136           1.5882013621825455
-14.5678391959799             1.5882013421158665
-14.452261306532662           1.5882013080583226
-14.336683417085428           1.588201106557271
-14.22110552763819            1.5882020754073733
-14.105527638190955           1.5882010725954467
-13.989949748743719           1.5882000030151018
-13.874371859296481           1.5882008578361018
-13.758793969849247           1.588201437703086
-13.64321608040201            1.588200990434116
-13.527638190954773           1.5882000780871204
-13.412060301507537           1.5882010759339786
-13.296482412060302           1.5882005145932423
-13.180904522613066           1.5882012942204864
-13.065326633165828           1.5882008130653678
-12.949748743718594           1.5882009681672409
-12.834170854271356           1.5882005254656457
-12.71859296482412            1.588201219843022
-12.603015075376884           1.5882005536125727
-12.487437185929648           1.5882010342114925
-12.371859296482413           1.588200710280556
-12.256281407035175           1.5882011242590657
-12.14070351758794            1.5882009181807322
-12.025125628140703           1.5882004128575795
-11.909547738693467           1.5882006901354853
-11.793969849246231           1.5882008074143936
-11.678391959798995           1.5882009224017652
-11.56281407035176            1.588200816376082
-11.447236180904522           1.5882013103944455
-11.331658291457286           1.5882008670441543
-11.21608040201005            1.5882007998606458
-11.100502512562814           1.5882009907940136
-10.984924623115578           1.5882008588279952
-10.869346733668342           1.5882007399824474
-10.753768844221106           1.5881999311835868
-10.638190954773869           1.588200955060248
-10.522613065326633           1.5882006153646488
-10.407035175879397           1.58820085245076
-10.291457286432161           1.5882018518288448
-10.175879396984925           1.5882006905140174
-10.06030150753769            1.588200548072941
-9.944723618090451            1.5882007694170959
-9.829145728643216            1.5882001647585342
-9.71356783919598             1.5882013009877232
-9.597989949748744            1.5882007385838375
-9.482412060301508            1.5882006811311022
-9.366834170854272            1.5882008072364604
-9.251256281407034            1.5882006874471628
-9.135678391959798            1.5882005909506383
-9.020100502512562            1.5882007163718632
-8.904522613065327            1.5882000877325575
-8.78894472361809             1.588200024243849
-8.673366834170855            1.5882019178354527
-8.557788944723619            1.5882006779477402
-8.442211055276381            1.5882018462284115
-8.326633165829145            1.5882000611475635
-8.21105527638191             1.5882001893412914
-8.095477386934673            1.5882007887958085
-7.9798994974874375           1.5882005646428394
-7.864321608040202            1.588200535540083
-7.748743718592964            1.5882004301780053
-7.633165829145728            1.5882006099327275
-7.517587939698492            1.5882003277349652
-7.402010050251256            1.5882009029628457
-7.28643216080402             1.5882005332519977
-7.170854271356784            1.5882004617838512
-7.055276381909547            1.5882001996599633
-6.939698492462311            1.5882004756002701
-6.824120603015075            1.588200476356063
-6.708542713567839            1.5882002353222775
-6.592964824120603            1.5882004826459122
-6.477386934673367            1.588200537371377
-6.361809045226131            1.5882004829679022
-6.246231155778894            1.5882003332139465
-6.130653266331658            1.5882003970473413
-6.015075376884422            1.5882003725273217
-5.899497487437186            1.5882004242077272
-5.78391959798995             1.5882003440047725
-5.668341708542714            1.5882003862017777
-5.5527638190954764           1.5882002341672496
-5.4371859296482405           1.5882000379996173
-5.321608040201005            1.5882001933061198
-5.206030150753769            1.5882003446945618
-5.090452261306533            1.5882004701643833
-4.974874371859297            1.5882002397183435
-4.859296482412061            1.5882005091826783
-4.743718592964823            1.588200309029574
-4.628140703517587            1.5882004542725767
-4.5125628140703515           1.5882003006028973
-4.396984924623116            1.5882002759383695
-4.28140703517588             1.5882003000286202
-4.165829145728644            1.588200290984327
-4.050251256281406            1.5882001240373838
-3.934673366834172            1.5882003120422963
-3.8190954773869343           1.5882003404927283
-3.7035175879396967           1.5882002632957035
-3.5879396984924625           1.5882002949044025
-3.472361809045225            1.5882002790339051
-3.3567839195979907           1.5882002834452444
-3.241206030150753            1.588200266595305
-3.125628140703519            1.588200219648859
-3.0100502512562812           1.5882002186766695
-2.8944723618090435           1.5882003158106908
-2.7788944723618094           1.5882000848208562
-2.6633165829145717           1.5882002455826125
-2.5477386934673376           1.58820021216224
-2.4321608040201              1.5882002012324996
-2.316582914572866            1.5882002127831303
-2.201005025125628            1.588200220117631
-2.0854271356783904           1.5882002064168286
-1.9698492462311563           1.5882001677899937
-1.8542713567839186           1.5882001014022138
-1.7386934673366845           1.5882001339605443
-1.6231155778894468           1.5882000735113484
-1.5075376884422127           1.5882001673083677
-1.391959798994975            1.5882001193493107
-1.2763819095477373           1.5882001456031485
-1.1608040201005032           1.5882001477514462
-1.0452261306532655           1.5882000936219938
-0.9296482412060314           1.5881999085731884
-0.8140703517587937           1.5881995419694261
-0.698492462311556            1.588197716003837
-0.5829145728643219           1.5881922968281033
-0.46733668341708423          1.588175049753397
-0.3517587939698501           1.5881211564292097
-0.23618090452261245          1.587956525768249
-0.12060301507537828          1.5874683804437302
-0.005025125628140596         1.5860776074593632
0.11055276381909708           1.582313310641847
0.22613065326633117           1.5727594215289684
0.34170854271356893           1.5503029576198244
0.457286432160803             1.5018571433132981
0.5728643216080407            1.406200988473822
0.6884422110552748            1.232566697855557
0.8040201005025125            0.9398549559801805
0.9195979899497502            0.4756240321499508
1.0351758793969843            -0.22599792415079548
1.150753768844222             -1.247908885404244
1.266331658291456             -2.6954608981471897
1.3819095477386938            -4.7042162907895575
1.4974874371859315            -7.450204004571047
1.6130653266331656            -11.162581090209713
1.7286432160804033            -16.139585199233466
1.8442211055276374            -22.769499334433547
1.959798994974875             -31.558270489605736
2.075376884422109             -43.165587972081255
2.190954773869347             -58.45190910419505
2.3065326633165846            -78.53977633477973
2.4221105527638187            -104.89379924413691
2.5376884422110564            -139.4250026899108
2.6532663316582905            -184.62697649780688
2.768844221105528             -245.5037935957955
