-20.0                         0.639283280310167
-19.884422110552762           0.6392840338169073
-19.768844221105528           0.6392831960427169
-19.65326633165829            0.6392823099720863
-19.537688442211056           0.6392831567954279
-19.42211055276382            0.6392831380260657
-19.306532663316585           0.6392833444239083
-19.190954773869347           0.63928242446789
-19.07537688442211            0.6392832741831278
-18.959798994974875           0.6392830506666253
-18.844221105527637           0.6392840437949117
-18.728643216080403           0.6392830744542946
-18.613065326633166           0.6392830445609734
-18.49748743718593            0.6392830139577512
-18.381909547738694           0.639284599801531
-18.266331658291456           0.6392828615359235
-18.150753768844222           0.6392829429006213
-18.035175879396984           0.639282683590986
-17.91959798994975            0.6392828991662759
-17.804020100502512           0.6392831439741405
-17.688442211055275           0.6392831559860381
-17.57286432160804            0.639282724289157
-17.457286432160803           0.639282639035254
-17.34170854271357            0.639282885141815
-17.22613065326633            0.639283037780146
-17.110552763819094           0.6392825897193481
-16.99497487437186            0.6392828718777578
-16.87939698492462            0.6392827896879615
-16.763819095477388           0.6392830120283217
-16.64824120603015            0.6392827529059533
-16.532663316582916           0.6392825599417687
-16.417085427135678           0.6392826575555168
-16.301507537688444           0.6392823535041932
-16.185929648241206           0.6392826467724844
-16.07035175879397            0.6392827815760292
-15.954773869346734           0.6392818893592264
-15.839195979899497           0.6392825406787005
-15.72361809045226            0.6392825752791891
-15.608040201005025           0.6392827877867526
-15.492462311557789           0.6392824917251426
-15.376884422110553           0.6392822569595429
-15.261306532663315           0.6392825878685978
-15.145728643216081           0.6392824728055814
-15.030150753768844           0.6392831223415144
-14.914572864321608           0.6392822843920276
-14.798994974874372           0.6392817698180497
-14.683417085427136           0.6392824579063879
-14.5678391959799             0.6392824127247662
-14.452261306532662           0.6392823757791318
-14.336683417085428           0.6392823225048121
-14.22110552763819            0.6392824315478052
-14.105527638190955           0.6392822910905658
-13.989949748743719           0.6392815890561298
-13.874371859296481           0.6392821662977731
-13.758793969849247           0.6392828756939187
-13.64321608040201            0.639282249008203
-13.527638190954773           0.6392818487500586
-13.412060301507537           0.6392822496220086
-13.296482412060302           0.6392823351064559
-13.180904522613066           0.6392822916066835
-13.065326633165828           0.6392818124000736
-12.949748743718594           0.6392822737018793
-12.834170854271356           0.6392818228558795
-12.71859296482412            0.6392823915302822
-12.603015075376884           0.6392817069060932
-12.487437185929648           0.6392822360916739
-12.371859296482413           0.6392821344153253
-12.256281407035175           0.6392822634376615
-12.14070351758794            0.6392820911787094
-12.025125628140703           0.6392821454870461
-11.909547738693467           0.6392819542065754
-11.793969849246231           0.6392818291757612
-11.678391959798995           0.6392820541751248
-11.56281407035176            0.6392820206798188
-11.447236180904522           0.6392822567582997
-11.331658291457286           0.639282077341993
-11.21608040201005            0.639282009875981
-11.100502512562814           0.6392823674471934
-10.984924623115578           0.6392820589743085
-10.869346733668342           0.6392819357224797
-10.753768844221106           0.6392814553613732
-10.638190954773869           0.6392820069645421
-10.522613065326633           0.6392818847509191
-10.407035175879397           0.6392820072123641
-10.291457286432161           0.639282396031477
-10.175879396984925           0.6392819123602556
-10.06030150753769            0.6392817985823921
-9.944723618090451            0.639281884963511
-9.829145728643216            0.6392817570165523
-9.71356783919598             0.6392821510318103
-9.597989949748744            0.639281852742314
-9.482412060301508            0.6392818431210294
-9.366834170854272            0.6392818871834676
-9.251256281407034            0.6392818377024075
-9.135678391959798            0.6392818137052508
-9.020100502512562            0.6392819364718755
-8.904522613065327            0.6392815823823208
-8.78894472361809             0.6392814729203964
-8.673366834170855            0.6392825780059398
-8.557788944723619            0.6392817756924281
-8.442211055276381            0.6392825262849521
-8.326633165829145            0.6392814878877855
-8.21105527638191             0.6392816845693992
-8.095477386934673            0.6392817504623017
-7.9798994974874375           0.6392817305921111
-7.864321608040202            0.6392816967959889
-7.748743718592964            0.6392816549319915
-7.633165829145728            0.63928171761195
-7.517587939698492            0.6392815454517338
-7.402010050251256            0.6392818566470719
-7.28643216080402             0.6392817020311319
-7.170854271356784            0.6392816495758739
-7.055276381909547            0.6392814255166248
-6.939698492462311            0.6392816238030338
-6.824120603015075            0.6392816457237701
-6.708542713567839            0.6392815722597364
-6.592964824120603            0.6392815994304543
-6.477386934673367            0.6392815330872039
-6.361809045226131            0.6392815859628702
-6.246231155778894            0.6392815072836668
-6.130653266331658            0.6392815913728206
-6.015075376884422            0.6392815961712173
-5.899497487437186            0.6392816419625258
-5.78391959798995             0.6392815534535418
-5.668341708542714            0.6392815584261355
-5.5527638190954764           0.6392814492775221
-5.4371859296482405           0.6392813465658174
-5.321608040201005            0.6392814597058432
-5.206030150753769            0.6392814804381994
-5.090452261306533            0.639281519569557
-4.974874371859297            0.6392815512144744
-4.859296482412061            0.6392816796124773
-4.743718592964823            0.6392815037229428
-4.628140703517587            0.6392815673037144
-4.5125628140703515           0.6392814441674597
-4.396984924623116            0.6392814627152268
-4.28140703517588             0.6392814770513496
-4.165829145728644            0.6392814556771925
-4.050251256281406            0.6392814203552116
-3.934673366834172            0.6392814648624509
-3.8190954773869343           0.63928147157853
-3.7035175879396967           0.6392814291291529
-3.5879396984924625           0.6392814311301168
-3.472361809045225            0.6392814199775028
-3.3567839195979907           0.639281435657956
-3.241206030150753            0.6392813937402346
-3.125628140703519            0.6392813922252542
-3.0100502512562812           0.6392813965015779
-2.8944723618090435           0.6392813892503234
-2.7788944723618094           0.6392812976445035
-2.6633165829145717           0.6392813520521353
-2.5477386934673376           0.6392813685548004
-2.4321608040201              0.6392813586323871
-2.316582914572866            0.6392813468926563
-2.201005025125628            0.6392813322987907
-2.0854271356783904           0.6392812761823246
-1.9698492462311563           0.6392811419776843
-1.8542713567839186           0.6392808816952412
-1.7386934673366845           0.6392804483059086
-1.6231155778894468           0.6392794617732238
-1.5075376884422127           0.6392775338730636
-1.391959798994975            0.6392733953544321
-1.2763819095477373           0.6392648012989435
-1.1608040201005032           0.6392469879869778
-1.0452261306532655           0.6392101473442098
-0.9296482412060314           0.6391343657093377
-0.8140703517587937           0.6389793215442554
-0.698492462311556            0.638664034233727
-0.5829145728643219           0.6380293492463321
-0.46733668341708423          0.6367661123968181
-0.3517587939698501           0.6342888689033118
-0.23618090452261245          0.6295204059833067
-0.12060301507537828          0.6205487995241495
-0.005025125628140596         0.6041231116715622
0.11055276381909708           0.5749784939150501
0.22613065326633117           0.5250204623902289
0.34170854271356893           0.44242700654957323
0.457286432160803             0.3107079645224627
0.5728643216080407            0.10768756195082381
0.6884422110552748            -0.19571809480515034
0.8040201005025125            -0.637117795030149
0.9195979899497502            -1.2648552641539177
1.0351758793969843            -2.141011093278426
1.150753768844222             -3.345452165370675
1.266331658291456             -4.981369555045967
1.3819095477386938            -7.182864426702668
1.4974874371859315            -10.124873659099919
1.6130653266331656            -14.035650314265162
1.7286432160804033            -19.212729895610707
1.8442211055276374            -26.043902480799552
1.959798994974875             -35.03478053236827
2.075376884422109             -46.8448229552375
2.190954773869347             -62.33432470436537
2.3065326633165846            -82.6257116121866
2.4221105527638187            -109.18350825430797
2.5376884422110564            -143.9186768101694
2.6532663316582905            -189.32476047342078
2.768844221105528             -250.4046478671523
