-20.0                         1.0982336500935983
-19.884422110552762           1.0982346894351822
-19.768844221105528           1.0982335170291482
-19.65326633165829            1.0982325045895256
-19.537688442211056           1.0982335857108982
-19.42211055276382            1.098233360929631
-19.306532663316585           1.0982336557291736
-19.190954773869347           1.0982321702701636
-19.07537688442211            1.098233755225715
-18.959798994974875           1.0982334165884355
-18.844221105527637           1.0982346686914273
-18.728643216080403           1.0982332502887002
-18.613065326633166           1.0982335813959612
-18.49748743718593            1.0982333259054122
-18.381909547738694           1.0982356330816017
-18.266331658291456           1.0982331963765277
-18.150753768844222           1.0982332696450132
-18.035175879396984           1.0982334723443516
-17.91959798994975            1.098233224727417
-17.804020100502512           1.098233701566892
-17.688442211055275           1.09823337781554
-17.57286432160804            1.0982329267093258
-17.457286432160803           1.0982329767077714
-17.34170854271357            1.0982331212209844
-17.22613065326633            1.0982331531802463
-17.110552763819094           1.0982329339780332
-16.99497487437186            1.0982333917567744
-16.87939698492462            1.0982328106775856
-16.763819095477388           1.0982336135172117
-16.64824120603015            1.098232923143843
-16.532663316582916           1.098233059095892
-16.417085427135678           1.0982329653058305
-16.301507537688444           1.0982323845579534
-16.185929648241206           1.0982329755054874
-16.07035175879397            1.0982332440561573
-15.954773869346734           1.098231898320882
-15.839195979899497           1.0982328881105274
-15.72361809045226            1.0982330088546473
-15.608040201005025           1.0982337035427838
-15.492462311557789           1.098232879421393
-15.376884422110553           1.0982328536932942
-15.261306532663315           1.0982329640016812
-15.145728643216081           1.098232889752195
-15.030150753768844           1.098233722287517
-14.914572864321608           1.0982326196748904
-14.798994974874372           1.0982319139916341
-14.683417085427136           1.0982328860639679
-14.5678391959799             1.0982328160938921
-14.452261306532662           1.0982327760093695
-14.336683417085428           1.0982326869750698
-14.22110552763819            1.0982332135001753
-14.105527638190955           1.0982326386152998
-13.989949748743719           1.0982317507902872
-13.874371859296481           1.0982324843933269
-13.758793969849247           1.098233163883171
-13.64321608040201            1.0982325822126928
-13.527638190954773           1.0982318989890776
-13.412060301507537           1.0982326261681736
-13.296482412060302           1.09823241780372
-13.180904522613066           1.0982327702289951
-13.065326633165828           1.0982322410173095
-12.949748743718594           1.0982326068907065
-12.834170854271356           1.0982321386932619
-12.71859296482412            1.0982327965166976
-12.603015075376884           1.0982320595643604
-12.487437185929648           1.0982326275078471
-12.371859296482413           1.0982323900982172
-12.256281407035175           1.0982326994009537
-12.14070351758794            1.09823247630952
-12.025125628140703           1.0982322657124146
-11.909547738693467           1.0982322952527492
-11.793969849246231           1.0982322224580414
-11.678391959798995           1.0982324572564819
-11.56281407035176            1.0982323928553734
-11.447236180904522           1.0982327635689453
-11.331658291457286           1.0982324545703048
-11.21608040201005            1.0982323775558125
-11.100502512562814           1.0982326751419864
-10.984924623115578           1.0982324429293944
-10.869346733668342           1.0982323107531446
-10.753768844221106           1.098231655646105
-10.638190954773869           1.0982324571088362
-10.522613065326633           1.0982322205381412
-10.407035175879397           1.098232440974809
-10.291457286432161           1.0982331295568968
-10.175879396984925           1.0982322793863866
-10.06030150753769            1.0982321476909083
-9.944723618090451            1.098232289437988
-9.829145728643216            1.0982319269469327
-9.71356783919598             1.0982327532500769
-9.597989949748744            1.0982322682997538
-9.482412060301508            1.0982322317441255
-9.366834170854272            1.0982323321018355
-9.251256281407034            1.0982322367785176
-9.135678391959798            1.0982321698785764
-9.020100502512562            1.0982323497201576
-8.904522613065327            1.0982317926548764
-8.78894472361809             1.0982317169590354
-8.673366834170855            1.0982332440252778
-8.557788944723619            1.0982322029139855
-8.442211055276381            1.0982331816392057
-8.326633165829145            1.0982317444607375
-8.21105527638191             1.0982319106426002
-8.095477386934673            1.0982322491870877
-7.9798994974874375           1.0982321351303967
-7.864321608040202            1.0982320922970041
-7.748743718592964            1.098232018838569
-7.633165829145728            1.0982321428786173
-7.517587939698492            1.0982318805244375
-7.402010050251256            1.0982323907432463
-7.28643216080402             1.0982320993903187
-7.170854271356784            1.0982320317017393
-7.055276381909547            1.0982317700201707
-6.939698492462311            1.098232023445802
-6.824120603015075            1.0982320411529896
-6.708542713567839            1.0982318798736508
-6.592964824120603            1.0982320150445963
-6.477386934673367            1.0982319982607973
-6.361809045226131            1.0982320056102326
-6.246231155778894            1.0982318948501313
-6.130653266331658            1.0982319774422122
-6.015075376884422            1.0982319777542966
-5.899497487437186            1.098232037097581
-5.78391959798995             1.0982319262308633
-5.668341708542714            1.0982319497467978
-5.5527638190954764           1.098231797962662
-5.4371859296482405           1.0982316645972783
-5.321608040201005            1.0982317884267394
-5.206030150753769            1.0982318724995652
-5.090452261306533            1.098231971649169
-4.974874371859297            1.0982318813324927
-4.859296482412061            1.098232085338483
-4.743718592964823            1.0982318885658995
-4.628140703517587            1.0982319904006042
-4.5125628140703515           1.0982318352985423
-4.396984924623116            1.0982318458760345
-4.28140703517588             1.0982318689841197
-4.165829145728644            1.0982318480786737
-4.050251256281406            1.0982317475779872
-3.934673366834172            1.0982318690983692
-3.8190954773869343           1.0982318861862779
-3.7035175879396967           1.0982318246056715
-3.5879396984924625           1.0982318405222724
-3.472361809045225            1.098231826431523
-3.3567839195979907           1.0982318448647077
-3.241206030150753            1.0982317968483881
-3.125628140703519            1.0982317830073167
-3.0100502512562812           1.0982317859090414
-2.8944723618090435           1.0982318257349837
-2.7788944723618094           1.0982316668550605
-2.6633165829145717           1.098231772319315
-2.5477386934673376           1.0982317703562618
-2.4321608040201              1.0982317640969663
-2.316582914572866            1.098231768166048
-2.201005025125628            1.0982317814126148
-2.0854271356783904           1.0982317690661227
-1.9698492462311563           1.0982317296877306
-1.8542713567839186           1.0982316703165924
-1.7386934673366845           1.098231692120065
-1.6231155778894468           1.098231639759632
-1.5075376884422127           1.098231692790518
-1.391959798994975            1.098231605152498
-1.2763819095477373           1.098231456755854
-1.1608040201005032           1.0982310304109528
-1.0452261306532655           1.0982298531445327
-0.9296482412060314           1.0982267561247032
-0.8140703517587937           1.0982187208934648
-0.698492462311556            1.098197307838821
-0.5829145728643219           1.0981421714224298
-0.46733668341708423          1.0980011614541825
-0.3517587939698501           1.0976465643591515
-0.23618090452261245          1.0967741982966455
-0.12060301507537828          1.094688240600854
-0.005025125628140596         1.0898786271593432
0.11055276381909708           1.0792774003547618
0.22613065326633117           1.0571259598851337
0.34170854271356893           1.0135332015567113
0.457286432160803             0.9329846832397395
0.5728643216080407            0.7930744751688974
0.6884422110552748            0.5634630173021445
0.8040201005025125            0.20471755272274114
0.9195979899497502            -0.3334329174629721
1.0351758793969843            -1.114790422984175
1.150753768844222             -2.2205902765539696
1.266331658291456             -3.7550060867478523
1.3819095477386938            -5.8528169217624395
1.4974874371859315            -8.68948261526993
1.6130653266331656            -12.493699744920267
1.7286432160804033            -17.56335375291506
1.8442211055276374            -24.286483873157355
1.959798994974875             -33.16887389768215
2.075376884422109             -44.870102011196465
2.190954773869347             -60.25054793142434
2.3065326633165846            -80.4326987615212
2.4221105527638187            -106.88112395987679
2.5376884422110564            -141.50681892615725
2.6532663316582905            -186.80335164189495
2.768844221105528             -247.77424585710204
