-20.0                         1.5914131007045602
-19.884422110552762           1.5914144900664007
-19.768844221105528           1.5914129372974863
-19.65326633165829            1.5914119356122547
-19.537688442211056           1.5914132894966102
-19.42211055276382            1.5914127702525904
-19.306532663316585           1.591412947410165
-19.190954773869347           1.59141122326891
-19.07537688442211            1.5914133727687292
-18.959798994974875           1.5914129753701545
-18.844221105527637           1.5914141085538185
-18.728643216080403           1.5914125157135512
-18.613065326633166           1.5914133320568622
-18.49748743718593            1.5914127514763605
-18.381909547738694           1.5914155730157722
-18.266331658291456           1.5914127190381024
-18.150753768844222           1.5914127777250344
-18.035175879396984           1.5914135815099806
-17.91959798994975            1.5914126622672662
-17.804020100502512           1.5914133577626337
-17.688442211055275           1.591412558391207
-17.57286432160804            1.5914124844029471
-17.457286432160803           1.591412506526759
-17.34170854271357            1.591412433766071
-17.22613065326633            1.591412279873267
-17.110552763819094           1.5914124967307028
-16.99497487437186            1.591412988674103
-16.87939698492462            1.591411944432269
-16.763819095477388           1.5914133667235522
-16.64824120603015            1.5914122574555272
-16.532663316582916           1.5914129386792888
-16.417085427135678           1.5914124536893375
-16.301507537688444           1.5914117445375944
-16.185929648241206           1.5914124921527593
-16.07035175879397            1.5914128302505484
-15.954773869346734           1.5914111274336908
-15.839195979899497           1.5914124177717144
-15.72361809045226            1.5914126937068207
-15.608040201005025           1.5914137788305613
-15.492462311557789           1.5914124517987793
-15.376884422110553           1.5914128166861223
-15.261306532663315           1.5914124984071167
-15.145728643216081           1.5914124877499574
-15.030150753768844           1.5914132619804413
-14.914572864321608           1.5914121453263697
-14.798994974874372           1.5914113603130209
-14.683417085427136           1.5914124960546605
-14.5678391959799             1.5914124764527418
-14.452261306532662           1.5914124424775842
-14.336683417085428           1.5914122400805975
-14.22110552763819            1.5914132116271167
-14.105527638190955           1.5914122062888936
-13.989949748743719           1.5914111355183962
-13.874371859296481           1.59141199104323
-13.758793969849247           1.591412570156087
-13.64321608040201            1.5914121239498404
-13.527638190954773           1.5914112102599702
-13.412060301507537           1.5914122096863925
-13.296482412060302           1.591411646027087
-13.180904522613066           1.5914124283025077
-13.065326633165828           1.5914119477652435
-12.949748743718594           1.5914121012586686
-12.834170854271356           1.5914116587918918
-12.71859296482412            1.5914123532976763
-12.603015075376884           1.59141168780774
-12.487437185929648           1.591412167555936
-12.371859296482413           1.591411843337284
-12.256281407035175           1.591412257583061
-12.14070351758794            1.591412051839798
-12.025125628140703           1.5914115446282329
-11.909547738693467           1.5914118234769477
-11.793969849246231           1.59141194233311
-11.678391959798995           1.5914120561839216
-11.56281407035176            1.5914119499046122
-11.447236180904522           1.5914124446846014
-11.331658291457286           1.591412000463962
-11.21608040201005            1.5914119334216639
-11.100502512562814           1.5914121235516976
-10.984924623115578           1.5914119922621544
-10.869346733668342           1.5914118735444973
-10.753768844221106           1.5914110638047918
-10.638190954773869           1.591412088984124
-10.522613065326633           1.5914117487271475
-10.407035175879397           1.5914119856451456
-10.291457286432161           1.5914129870553988
-10.175879396984925           1.5914118239756412
-10.06030150753769            1.5914116814444028
-9.944723618090451            1.5914119033813436
-9.829145728643216            1.591411297169928
-9.71356783919598             1.5914124349635361
-9.597989949748744            1.5914118723766748
-9.482412060301508            1.591411814838819
-9.366834170854272            1.5914119410170255
-9.251256281407034            1.591411821152789
-9.135678391959798            1.5914117245562969
-9.020100502512562            1.5914118492752245
-8.904522613065327            1.5914112205311775
-8.78894472361809             1.5914111570440828
-8.673366834170855            1.5914130528746508
-8.557788944723619            1.591411811792213
-8.442211055276381            1.5914129812113003
-8.326633165829145            1.591411194001719
-8.21105527638191             1.5914113219748656
-8.095477386934673            1.591411922941582
-7.9798994974874375           1.591411698107905
-7.864321608040202            1.5914116691677167
-7.748743718592964            1.5914115636119646
-7.633165829145728            1.5914117436870594
-7.517587939698492            1.5914114615887607
-7.402010050251256            1.5914120368182765
-7.28643216080402             1.5914116668087241
-7.170854271356784            1.591411595340541
-7.055276381909547            1.5914113333047395
-6.939698492462311            1.5914116092924677
-6.824120603015075            1.5914116099228022
-6.708542713567839            1.5914113684006739
-6.592964824120603            1.5914116164529468
-6.477386934673367            1.5914116716884483
-6.361809045226131            1.5914116168431518
-6.246231155778894            1.5914114668286674
-6.130653266331658            1.5914115305065926
-6.015075376884422            1.5914115057777198
-5.899497487437186            1.5914115573543683
-5.78391959798995             1.5914114774871098
-5.668341708542714            1.5914115197868888
-5.5527638190954764           1.5914113678829385
-5.4371859296482405           1.5914111712069514
-5.321608040201005            1.5914113268046188
-5.206030150753769            1.5914114786086413
-5.090452261306533            1.591411604104566
-4.974874371859297            1.5914113727933277
-4.859296482412061            1.5914116426405358
-4.743718592964823            1.5914114425133288
-4.628140703517587            1.5914115880299697
-4.5125628140703515           1.5914114344577863
-4.396984924623116            1.5914114095165364
-4.28140703517588             1.5914114335816327
-4.165829145728644            1.5914114246357443
-4.050251256281406            1.5914112572664811
-3.934673366834172            1.5914114456575452
-3.8190954773869343           1.5914114741809808
-3.7035175879396967           1.5914113968919625
-3.5879396984924625           1.5914114285971968
-3.472361809045225            1.5914114127253807
-3.3567839195979907           1.591411416989768
-3.241206030150753            1.5914114004495212
-3.125628140703519            1.5914113532446525
-3.0100502512562812           1.5914113522473725
-2.8944723618090435           1.591411449765014
-2.7788944723618094           1.5914112183022755
-2.6633165829145717           1.5914113794332545
-2.5477386934673376           1.5914113457816064
-2.4321608040201              1.591411334810899
-2.316582914572866            1.591411346418596
-2.201005025125628            1.591411353681463
-2.0854271356783904           1.5914113399887155
-1.9698492462311563           1.5914113013915117
-1.8542713567839186           1.5914112349685112
-1.7386934673366845           1.5914112675926746
-1.6231155778894468           1.591411207009177
-1.5075376884422127           1.5914113009286281
-1.391959798994975            1.5914112528797526
-1.2763819095477373           1.591411279308753
-1.1608040201005032           1.5914112817820472
-1.0452261306532655           1.5914112286385569
-0.9296482412060314           1.5914110463674656
-0.8140703517587937           1.5914106889243789
-0.698492462311556            1.5914088895148257
-0.5829145728643219           1.5914035491558691
-0.46733668341708423          1.591386530146863
-0.3517587939698501           1.591333279001406
-0.23618090452261245          1.5911703946632125
-0.12060301507537828          1.5906867883250915
-0.005025125628140596         1.589307145023863
0.11055276381909708           1.5855681813222715
0.22613065326633117           1.5760668875824244
0.34170854271356893           1.5537084389558145
0.457286432160803             1.5054249765761325
0.5728643216080407            1.4100079718431255
0.6884422110552748            1.2366906698877862
0.8040201005025125            0.9443644663532107
0.9195979899497502            0.48057326652814447
1.0351758793969843            -0.22056918180104004
1.150753768844222             -1.241972572663858
1.266331658291456             -2.6889972446182298
1.3819095477386938            -4.697210961162794
1.4974874371859315            -7.442646515279694
1.6130653266331656            -11.154464010967583
1.7286432160804033            -16.13090340361484
1.8442211055276374            -22.760249270532317
1.959798994974875             -31.54844964691503
2.075376884422109             -43.155194541985644
2.190954773869347             -58.440941764356296
2.3065326633165846            -78.52823410751522
2.4221105527638187            -104.8816814004169
2.5376884422110564            -139.4123086825902
2.6532663316582905            -184.6137059142265
2.768844221105528             -245.48994937468999
