-20.0                         0.2974444927331351
-19.884422110552762           0.2974449108647147
-19.768844221105528           0.2974444453768721
-19.65326633165829            0.2974438961612111
-19.537688442211056           0.29744441863421056
-19.42211055276382            0.29744448780376054
-19.306532663316585           0.29744445958779203
-19.190954773869347           0.2974443611187035
-19.07537688442211            0.29744439173488824
-18.959798994974875           0.29744433381751273
-18.844221105527637           0.2974446045167689
-18.728643216080403           0.2974443282194878
-18.613065326633166           0.29744420783110537
-18.49748743718593            0.29744426225387943
-18.381909547738694           0.29744482182284226
-18.266331658291456           0.29744416821558256
-18.150753768844222           0.2974442281567261
-18.035175879396984           0.29744381844684803
-17.91959798994975            0.29744414740124353
-17.804020100502512           0.29744418050637556
-17.688442211055275           0.29744423479249404
-17.57286432160804            0.29744414755744797
-17.457286432160803           0.2974439653266184
-17.34170854271357            0.2974441004169214
-17.22613065326633            0.2974441994107003
-17.110552763819094           0.29744394554831116
-16.99497487437186            0.2974440112426555
-16.87939698492462            0.29744411510288676
-16.763819095477388           0.2974440361732375
-16.64824120603015            0.2974440314988141
-16.532663316582916           0.2974439138811126
-16.417085427135678           0.29744397287984126
-16.301507537688444           0.29744394088901155
-16.185929648241206           0.29744389509800445
-16.07035175879397            0.297443932858056
-15.954773869346734           0.2974436021589618
-15.839195979899497           0.2974438270508493
-15.72361809045226            0.29744382304890693
-15.608040201005025           0.29744370968080736
-15.492462311557789           0.29744374811609564
-15.376884422110553           0.29744361600951513
-15.261306532663315           0.29744379006145527
-15.145728643216081           0.2974437176022348
-15.030150753768844           0.29744389406645894
-14.914572864321608           0.2974436084046652
-14.798994974874372           0.29744345581060655
-14.683417085427136           0.2974436703036338
-14.5678391959799             0.29744368921291464
-14.452261306532662           0.2974436602454348
-14.336683417085428           0.29744359739580817
-14.22110552763819            0.2974435050101544
-14.105527638190955           0.2974436028813043
-13.989949748743719           0.2974431715572
-13.874371859296481           0.29744350137191
-13.758793969849247           0.2974440036616667
-13.64321608040201            0.2974435495304918
-13.527638190954773           0.297443492867378
-13.412060301507537           0.29744352165966553
-13.296482412060302           0.29744368738758786
-13.180904522613066           0.29744348737169835
-13.065326633165828           0.29744320676127245
-12.949748743718594           0.2974435127311159
-12.834170854271356           0.2974432032435589
-12.71859296482412            0.2974435490477139
-12.603015075376884           0.29744316686171607
-12.487437185929648           0.2974434319635859
-12.371859296482413           0.2974434219142976
-12.256281407035175           0.29744343200624734
-12.14070351758794            0.29744334467270017
-12.025125628140703           0.29744350159575295
-11.909547738693467           0.2974432638471015
-11.793969849246231           0.2974432436484105
-11.678391959798995           0.29744330645853123
-11.56281407035176            0.2974432888369656
-11.447236180904522           0.29744336516010594
-11.331658291457286           0.2974433017022987
-11.21608040201005            0.29744326758644823
-11.100502512562814           0.29744354935053363
-10.984924623115578           0.2974432709934737
-10.869346733668342           0.2974432010790338
-10.753768844221106           0.2974429574706943
-10.638190954773869           0.29744321157432785
-10.522613065326633           0.29744318834220956
-10.407035175879397           0.2974431850056134
-10.291457286432161           0.2974432628986646
-10.175879396984925           0.29744315835802293
-10.06030150753769            0.29744309323484736
-9.944723618090451            0.29744312823361735
-9.829145728643216            0.29744317546208826
-9.71356783919598             0.29744313734590055
-9.597989949748744            0.2974430898073845
-9.482412060301508            0.2974430956629898
-9.366834170854272            0.29744307544057913
-9.251256281407034            0.29744306843603846
-9.135678391959798            0.29744306585925745
-9.020100502512562            0.2974430704649896
-8.904522613065327            0.29744302286941465
-8.78894472361809             0.29744289827917353
-8.673366834170855            0.29744344040933623
-8.557788944723619            0.29744298451686796
-8.442211055276381            0.2974434032508202
-8.326633165829145            0.29744289194910223
-8.21105527638191             0.29744303354250334
-8.095477386934673            0.2974429437672743
-7.9798994974874375           0.29744295324093073
-7.864321608040202            0.29744293914320197
-7.748743718592964            0.2974429241549142
-7.633165829145728            0.29744292748053597
-7.517587939698492            0.29744289331285806
-7.402010050251256            0.2974429241819597
-7.28643216080402             0.2974429187148332
-7.170854271356784            0.2974428948919882
-7.055276381909547            0.29744278189032913
-6.939698492462311            0.2974428653238544
-6.824120603015075            0.29744286967889977
-6.708542713567839            0.297442888046313
-6.592964824120603            0.29744282696412716
-6.477386934673367            0.2974427574053761
-6.361809045226131            0.29744281914673104
-6.246231155778894            0.297442763537941
-6.130653266331658            0.2974428169337221
-6.015075376884422            0.297442812732573
-5.899497487437186            0.2974428180976639
-5.78391959798995             0.2974427956489452
-5.668341708542714            0.2974427919745896
-5.5527638190954764           0.29744275812978443
-5.4371859296482405           0.29744267980095085
-5.321608040201005            0.29744275924255864
-5.206030150753769            0.29744273970442386
-5.090452261306533            0.2974427267119012
-4.974874371859297            0.29744277960014215
-4.859296482412061            0.29744282295238
-4.743718592964823            0.2974427100881123
-4.628140703517587            0.2974427312159372
-4.5125628140703515           0.29744265807950254
-4.396984924623116            0.29744263340590926
-4.28140703517588             0.29744260200903705
-4.165829145728644            0.2974425416437392
-4.050251256281406            0.29744248108025256
-3.934673366834172            0.2974423520411265
-3.8190954773869343           0.2974421862647867
-3.7035175879396967           0.297441926423963
-3.5879396984924625           0.29744156037968217
-3.472361809045225            0.2974410134377828
-3.3567839195979907           0.29744021557616535
-3.241206030150753            0.29743900921012917
-3.125628140703519            0.2974372203715912
-3.0100502512562812           0.29743457055010497
-2.8944723618090435           0.2974305946261688
-2.7788944723618094           0.29742468535474004
-2.6633165829145717           0.2974159483006209
-2.5477386934673376           0.29740294188022376
-2.4321608040201              0.2973835514221058
-2.316582914572866            0.2973547089522087
-2.201005025125628            0.2973118233844287
-2.0854271356783904           0.2972480779955835
-1.9698492462311563           0.2971533708898442
-1.8542713567839186           0.29701277885247296
-1.7386934673366845           0.2968042630925813
-1.6231155778894468           0.29649519562216375
-1.5075376884422127           0.2960377292160037
-1.391959798994975            0.29536134730915825
-1.2763819095477373           0.294362857388225
-1.1608040201005032           0.2928915272353025
-1.0452261306532655           0.290727915069529
-0.9296482412060314           0.2875539889685892
-0.8140703517587937           0.2829108723804042
-0.698492462311556            0.27613990671780303
-0.5829145728643219           0.26630172370703403
-0.46733668341708423          0.2520647712873716
-0.3517587939698501           0.23155574124572978
-0.23618090452261245          0.20215988682766478
-0.12060301507537828          0.1602586898415231
-0.005025125628140596         0.10088947304821468
0.11055276381909708           0.017309257846847975
0.22613065326633117           -0.09955972744057681
0.34170854271356893           -0.26183116188156474
0.457286432160803             -0.48554274744680326
0.5728643216080407            -0.7917861861823736
0.6884422110552748            -1.2081552085855942
0.8040201005025125            -1.770612341752209
0.9195979899497502            -2.525903350871302
1.0351758793969843            -3.5346951224036443
1.150753768844222             -4.875707945159435
1.266331658291456             -6.651282040256588
1.3819095477386938            -8.99489416271555
1.4974874371859315            -12.080955607933939
1.6130653266331656            -16.13724396908538
1.7286432160804033            -21.460903396673658
1.8442211055276374            -28.439434668628575
1.959798994974875             -37.578244324332935
2.075376884422109             -49.53664376441126
2.190954773869347             -65.17482076551457
2.3065326633165846            -85.61512233949968
2.4221105527638187            -112.32201454868968
2.5376884422110564            -147.20641581552582
2.6532663316582905            -192.76183642327584
2.768844221105528             -253.99030113348397
