-20.0                         0.8304022397044553
-19.884422110552762           0.8304031108472469
-19.768844221105528           0.8304021342023812
-19.65326633165829            0.8304011730974933
-19.537688442211056           0.8304021197875677
-19.42211055276382            0.8304020240832216
-19.306532663316585           0.8304022962709294
-19.190954773869347           0.8304010891615135
-19.07537688442211            0.8304022755763644
-18.959798994974875           0.8304019944660329
-18.844221105527637           0.8304031540896495
-18.728643216080403           0.8304019593838062
-18.613065326633166           0.8304020590871056
-18.49748743718593            0.8304019476602931
-18.381909547738694           0.8304038718136525
-18.266331658291456           0.8304017939339676
-18.150753768844222           0.8304018728378968
-18.035175879396984           0.8304017892617136
-17.91959798994975            0.8304018379616863
-17.804020100502512           0.8304021816411906
-17.688442211055275           0.8304020766190222
-17.57286432160804            0.8304015856883641
-17.457286432160803           0.8304015711795832
-17.34170854271357            0.8304017956867678
-17.22613065326633            0.8304019087732266
-17.110552763819094           0.8304015209121377
-16.99497487437186            0.8304018905975358
-16.87939698492462            0.830401607361647
-16.763819095477388           0.8304020620476668
-16.64824120603015            0.8304016272027119
-16.532663316582916           0.8304015339694019
-16.417085427135678           0.8304015789627318
-16.301507537688444           0.8304011427551587
-16.185929648241206           0.8304015812622078
-16.07035175879397            0.830401774724728
-15.954773869346734           0.8304006757227471
-15.839195979899497           0.8304014791136657
-15.72361809045226            0.8304015425779571
-15.608040201005025           0.8304019631450892
-15.492462311557789           0.8304014466548345
-15.376884422110553           0.830401271836799
-15.261306532663315           0.8304015440545892
-15.145728643216081           0.8304014392639948
-15.030150753768844           0.830402202481604
-14.914572864321608           0.8304012158095573
-14.798994974874372           0.8304006025295816
-14.683417085427136           0.8304014309622685
-14.5678391959799             0.8304013649427988
-14.452261306532662           0.8304013260147679
-14.336683417085428           0.8304012675298356
-14.22110552763819            0.8304015437478025
-14.105527638190955           0.8304012245657751
-13.989949748743719           0.8304004403369168
-13.874371859296481           0.8304010906547884
-13.758793969849247           0.8304018009826246
-13.64321608040201            0.830401178625957
-13.527638190954773           0.8304006488860606
-13.412060301507537           0.8304011971497881
-13.296482412060302           0.8304011698900484
-13.180904522613066           0.8304012839150865
-13.065326633165828           0.830400770459027
-12.949748743718594           0.8304012099938297
-12.834170854271356           0.8304007435542838
-12.71859296482412            0.8304013596590046
-12.603015075376884           0.8304006327963962
-12.487437185929648           0.8304011984979133
-12.371859296482413           0.8304010372007349
-12.256281407035175           0.830401245635093
-12.14070351758794            0.8304010446901829
-12.025125628140703           0.8304009935938526
-11.909547738693467           0.8304008886466486
-11.793969849246231           0.8304007665252476
-11.678391959798995           0.8304010135158637
-11.56281407035176            0.8304009690613975
-11.447236180904522           0.8304012647046176
-11.331658291457286           0.8304010307215709
-11.21608040201005            0.8304009568983532
-11.100502512562814           0.8304012966878369
-10.984924623115578           0.8304010157775791
-10.869346733668342           0.8304008849243665
-10.753768844221106           0.8304003258243583
-10.638190954773869           0.830400987322363
-10.522613065326633           0.8304008165882922
-10.407035175879397           0.8304009894339462
-10.291457286432161           0.8304015062874737
-10.175879396984925           0.8304008606639506
-10.06030150753769            0.8304007369234572
-9.944723618090451            0.8304008447340159
-9.829145728643216            0.8304006182949385
-9.71356783919598             0.8304012098879583
-9.597989949748744            0.830400818215365
-9.482412060301508            0.8304007971904105
-9.366834170854272            0.8304008688931005
-9.251256281407034            0.8304007979913783
-9.135678391959798            0.83040075584994
-9.020100502512562            0.8304009157175449
-8.904522613065327            0.8304004572393455
-8.78894472361809             0.8304003642393044
-8.673366834170855            0.8304016598344811
-8.557788944723619            0.8304007481340878
-8.442211055276381            0.8304016032866657
-8.326633165829145            0.8304003851290613
-8.21105527638191             0.8304005720377482
-8.095477386934673            0.8304007509331734
-7.9798994974874375           0.8304006953305457
-7.864321608040202            0.8304006552769432
-7.748743718592964            0.8304006002885211
-7.633165829145728            0.830400689399403
-7.517587939698492            0.83040047026315
-7.402010050251256            0.830400882714439
-7.28643216080402             0.8304006634682701
-7.170854271356784            0.8304006027797679
-7.055276381909547            0.8304003567437034
-6.939698492462311            0.8304005834054703
-6.824120603015075            0.830400605775117
-6.708542713567839            0.8304004935810616
-6.592964824120603            0.8304005662514699
-6.477386934673367            0.8304005176308747
-6.361809045226131            0.8304005534332839
-6.246231155778894            0.8304004621910425
-6.130653266331658            0.8304005484856107
-6.015075376884422            0.8304005539899397
-5.899497487437186            0.8304006087232618
-5.78391959798995             0.8304005035618395
-5.668341708542714            0.8304005158651122
-5.5527638190954764           0.8304003832467298
-5.4371859296482405           0.8304002709011793
-5.321608040201005            0.8304003873148027
-5.206030150753769            0.830400433748669
-5.090452261306533            0.8304005009817552
-4.974874371859297            0.8304004862969535
-4.859296482412061            0.8304006480988189
-4.743718592964823            0.8304004603317299
-4.628140703517587            0.8304005391798147
-4.5125628140703515           0.830400397887728
-4.396984924623116            0.8304004172289313
-4.28140703517588             0.8304004360528492
-4.165829145728644            0.8304004132251984
-4.050251256281406            0.8304003504709485
-3.934673366834172            0.8304004287221775
-3.8190954773869343           0.8304004397380124
-3.7035175879396967           0.8304003885305808
-3.5879396984924625           0.8304003959531757
-3.472361809045225            0.8304003836048507
-3.3567839195979907           0.8304004022170608
-3.241206030150753            0.8304003532562373
-3.125628140703519            0.8304003494979233
-3.0100502512562812           0.8304003537628285
-2.8944723618090435           0.8304003649031568
-2.7788944723618094           0.8304002454271711
-2.6633165829145717           0.8304003215574315
-2.5477386934673376           0.8304003329812559
-2.4321608040201              0.8304003276775999
-2.316582914572866            0.830400328137195
-2.201005025125628            0.8304003384297813
-2.0854271356783904           0.8304003252813634
-1.9698492462311563           0.8304002810967147
-1.8542713567839186           0.830400209221395
-1.7386934673366845           0.8304001819396879
-1.6231155778894468           0.8304000264391985
-1.5075376884422127           0.8303998177186663
-1.391959798994975            0.8303991651664738
-1.2763819095477373           0.830397683130009
-1.1608040201005032           0.8303942326955953
-1.0452261306532655           0.83038620585777
-0.9296482412060314           0.8303677176223636
-0.8140703517587937           0.8303253775076918
-0.698492462311556            0.8302286565448418
-0.5829145728643219           0.8300107072764267
-0.46733668341708423          0.8295250408588726
-0.3517587939698501           0.8284600447770537
-0.23618090452261245          0.8261723109693622
-0.12060301507537828          0.8213845826872378
-0.005025125628140596         0.8116828023882803
0.11055276381909708           0.7927642586620199
0.22613065326633117           0.7574515702227763
0.34170854271356893           0.6945750848375802
0.457286432160803             0.587862601492361
0.5728643216080407            0.41489030250782594
0.6884422110552748            0.14597189038441483
0.8040201005025125            -0.2572780574912579
0.9195979899497502            -0.8439914407871704
1.0351758793969843            -1.6769449535036174
1.150753768844222             -2.8365593981698027
1.266331658291456             -4.426426083673044
1.3819095477386938            -6.580926113640245
1.4974874371859315            -9.475216724281394
1.6130653266331656            -13.33774072130602
1.7286432160804033            -18.46618480579206
1.8442211055276374            -25.248447663935586
1.959798994974875             -34.19021705535017
2.075376884422109             -45.95100466085609
2.190954773869347             -61.39114313583391
2.3065326633165846            -81.63308567463089
2.4221105527638187            -108.14137695878824
2.5376884422110564            -142.82699408497942
2.6532663316582905            -188.18349139819725
2.768844221105528             -249.21404485207694
