-20.0                         1.6236626518376147
-19.884422110552762           1.623664065687616
-19.768844221105528           1.623662487686779
-19.65326633165829            1.6236614896374508
-19.537688442211056           1.6236628627750456
-19.42211055276382            1.6236623222422557
-19.306532663316585           1.6236624868503198
-19.190954773869347           1.623660755985517
-19.07537688442211            1.623662936341724
-18.959798994974875           1.6236625363530395
-18.844221105527637           1.6236636524319341
-18.728643216080403           1.6236620580954282
-18.613065326633166           1.6236629061032997
-18.49748743718593            1.6236623029609583
-18.381909547738694           1.623665150763854
-18.266331658291456           1.6236622780936427
-18.150753768844222           1.6236623355794044
-18.035175879396984           1.6236631810000084
-17.91959798994975            1.6236622141602945
-17.804020100502512           1.623662922093987
-17.688442211055275           1.6236620908211745
-17.57286432160804            1.623662052388067
-17.457286432160803           1.6236620658615057
-17.34170854271357            1.6236619782134203
-17.22613065326633            1.6236618110649401
-17.110552763819094           1.6236620589255013
-16.99497487437186            1.6236625470702744
-16.87939698492462            1.6236614790743737
-16.763819095477388           1.623662938818883
-16.64824120603015            1.623661806503399
-16.532663316582916           1.6236625245884728
-16.417085427135678           1.623662010147957
-16.301507537688444           1.62366129872982
-16.185929648241206           1.623662052427026
-16.07035175879397            1.6236623907967735
-15.954773869346734           1.6236606682345736
-15.839195979899497           1.623661977063428
-15.72361809045226            1.623662264952426
-15.608040201005025           1.6236633694484375
-15.492462311557789           1.6236620136891045
-15.376884422110553           1.623662407285404
-15.261306532663315           1.6236620580052534
-15.145728643216081           1.6236620506865893
-15.030150753768844           1.623662815095849
-14.914572864321608           1.6236617043559263
-14.798994974874372           1.6236609172811802
-14.683417085427136           1.6236620605216983
-14.5678391959799             1.6236620456277004
-14.452261306532662           1.6236620125130277
-14.336683417085428           1.6236618010496062
-14.22110552763819            1.6236627994844364
-14.105527638190955           1.6236617690094184
-13.989949748743719           1.6236606862810936
-13.874371859296481           1.6236615488216812
-13.758793969849247           1.6236621203108168
-13.64321608040201            1.6236616848861525
-13.527638190954773           1.6236607578045787
-13.412060301507537           1.623661772969128
-13.296482412060302           1.6236611860470214
-13.180904522613066           1.6236619947754105
-13.065326633165828           1.6236615206548946
-12.949748743718594           1.6236616578616314
-12.834170854271356           1.623661217785398
-12.71859296482412            1.6236619135184138
-12.603015075376884           1.6236612556326917
-12.487437185929648           1.623661726674723
-12.371859296482413           1.623661399781013
-12.256281407035175           1.623661816397333
-12.14070351758794            1.6236616141581985
-12.025125628140703           1.623661088029917
-11.909547738693467           1.6236613826008786
-11.793969849246231           1.623661517498106
-11.678391959798995           1.6236616197031462
-11.56281407035176            1.6236615109122998
-11.447236180904522           1.6236620133096513
-11.331658291457286           1.6236615603544908
-11.21608040201005            1.6236614947930483
-11.100502512562814           1.6236616767809908
-10.984924623115578           1.6236615522917288
-10.869346733668342           1.6236614348771985
-10.753768844221106           1.6236606157314912
-10.638190954773869           1.6236616538721433
-10.522613065326633           1.6236613080776883
-10.407035175879397           1.6236615431260877
-10.291457286432161           1.6236625649347525
-10.175879396984925           1.6236613843311616
-10.06030150753769            1.6236612408661815
-9.944723618090451            1.6236614687998794
-9.829145728643216            1.6236608470235632
-9.71356783919598             1.6236620002162572
-9.597989949748744            1.6236614359899866
-9.482412060301508            1.6236613776437925
-9.366834170854272            1.6236615044934342
-9.251256281407034            1.623661383934261
-9.135678391959798            1.6236612864089524
-9.020100502512562            1.623661403852249
-8.904522613065327            1.6236607742760878
-8.78894472361809             1.623660710752029
-8.673366834170855            1.6236626289744536
-8.557788944723619            1.623661375955364
-8.442211055276381            1.6236625567479395
-8.326633165829145            1.6236607482467733
-8.21105527638191             1.6236608740315763
-8.095477386934673            1.6236614900242536
-7.9798994974874375           1.623661258405135
-7.864321608040202            1.6236612311429794
-7.748743718592964            1.6236611236561145
-7.633165829145728            1.6236613069120163
-7.517587939698492            1.6236610259679345
-7.402010050251256            1.6236616009366813
-7.28643216080402             1.6236612280741174
-7.170854271356784            1.6236611566172545
-7.055276381909547            1.6236608955226108
-6.939698492462311            1.62366117191528
-6.824120603015075            1.623661171284754
-6.708542713567839            1.6236609248807075
-6.592964824120603            1.623661180247089
-6.477386934673367            1.6236612406294195
-6.361809045226131            1.6236611813205981
-6.246231155778894            1.6236610286903919
-6.130653266331658            1.6236610907902964
-6.015075376884422            1.6236610639414641
-5.899497487437186            1.6236611144420163
-5.78391959798995             1.6236610380245855
-5.668341708542714            1.623661081337754
-5.5527638190954764           1.6236609308339554
-5.4371859296482405           1.623660728987963
-5.321608040201005            1.62366088757113
-5.206030150753769            1.6236610435216992
-5.090452261306533            1.6236611691754348
-4.974874371859297            1.6236609292325825
-4.859296482412061            1.623661202893451
-4.743718592964823            1.6236610030614211
-4.628140703517587            1.6236611513102255
-4.5125628140703515           1.6236609987686752
-4.396984924623116            1.6236609710318395
-4.28140703517588             1.623660994820741
-4.165829145728644            1.6236609868704315
-4.050251256281406            1.6236608152710408
-3.934673366834172            1.6236610075079703
-3.8190954773869343           1.6236610367616329
-3.7035175879396967           1.6236609585550323
-3.5879396984924625           1.6236609912224986
-3.472361809045225            1.6236609753463946
-3.3567839195979907           1.623660978098835
-3.241206030150753            1.6236609647329174
-3.125628140703519            1.6236609149126078
-3.0100502512562812           1.6236609136661713
-2.8944723618090435           1.623661015037354
-2.7788944723618094           1.6236607788253807
-2.6633165829145717           1.6236609436689313
-2.5477386934673376           1.6236609076777864
-2.4321608040201              1.6236608962886927
-2.316582914572866            1.623660908474507
-2.201005025125628            1.6236609149974623
-2.0854271356783904           1.6236609013988617
-1.9698492462311563           1.623660863116473
-1.8542713567839186           1.6236607963504348
-1.7386934673366845           1.6236608296448027
-1.6231155778894468           1.623660767688493
-1.5075376884422127           1.6236608628206615
-1.391959798994975            1.6236608138422075
-1.2763819095477373           1.6236608419008558
-1.1608040201005032           1.6236608472882907
-1.0452261306532655           1.6236608030512492
-0.9296482412060314           1.6236606457891736
-0.8140703517587937           1.6236603721275227
-0.698492462311556            1.6236588165313977
-0.5829145728643219           1.623654205398764
-0.46733668341708423          1.623639312164623
-0.3517587939698501           1.623592091260504
-0.23618090452261245          1.6234457283828434
-0.12060301507537828          1.6230053881080662
-0.005025125628140596         1.6217326367712133
0.11055276381909708           1.6182388010746274
0.22613065326633117           1.6092501126111787
0.34170854271356893           1.5878533269183446
0.457286432160803             1.5411719692912713
0.5728643216080407            1.4481257817221906
0.6884422110552748            1.2779614444110465
0.8040201005025125            0.9894785432453309
0.9195979899497502            0.5300767809747741
1.0351758793969843            -0.16627531052685202
1.150753768844222             -1.182605766067876
1.266331658291456             -2.624358641895329
1.3819095477386938            -4.627156526889573
1.4974874371859315            -7.3670710028800475
1.6130653266331656            -11.073292879187816
1.7286432160804033            -16.04408525879664
1.8442211055276374            -22.66774852524848
1.959798994974875             -31.4502411595202
2.075376884422109             -43.05126020633716
2.190954773869347             -58.33126834595705
2.3065326633165846            -78.41281182327678
2.4221105527638187            -104.76050295647852
2.5376884422110564            -139.2853686054583
2.6532663316582905            -184.48100007613124
2.768844221105528             -245.35150716363472
