-20.0                         0.41788739276169823
-19.884422110552762           0.41788798435404106
-19.768844221105528           0.41788733190525235
-19.65326633165829            0.41788659751230145
-19.537688442211056           0.4178872948112844
-19.42211055276382            0.4178873460315871
-19.306532663316585           0.41788742080251784
-19.190954773869347           0.4178869538665132
-19.07537688442211            0.41788733711178794
-18.959798994974875           0.41788720355888753
-18.844221105527637           0.4178878470702649
-18.728643216080403           0.41788723767948655
-18.613065326633166           0.4178871173447464
-18.49748743718593            0.4178871528158041
-18.381909547738694           0.41788821949779587
-18.266331658291456           0.41788702533233807
-18.150753768844222           0.41788710336727847
-18.035175879396984           0.41788669526393374
-17.91959798994975            0.41788703530658444
-17.804020100502512           0.417887157563345
-17.688442211055275           0.41788723688891877
-17.57286432160804            0.41788697788935064
-17.457286432160803           0.4178868088986683
-17.34170854271357            0.4178870215582663
-17.22613065326633            0.41788717784309326
-17.110552763819094           0.41788677113162276
-16.99497487437186            0.4178869305661321
-16.87939698492462            0.4178870202796553
-16.763819095477388           0.41788701957452923
-16.64824120603015            0.41788693678061595
-16.532663316582916           0.41788673321496966
-16.417085427135678           0.4178868320607945
-16.301507537688444           0.41788670128081823
-16.185929648241206           0.41788678842883703
-16.07035175879397            0.41788686021582006
-15.954773869346734           0.41788626303207077
-15.839195979899497           0.4178866949088656
-15.72361809045226            0.41788670542607853
-15.608040201005025           0.41788668869735834
-15.492462311557789           0.417886627245927
-15.376884422110553           0.4178864022568154
-15.261306532663315           0.4178867027364579
-15.145728643216081           0.41788659877585355
-15.030150753768844           0.41788701725175786
-14.914572864321608           0.4178864540800254
-14.798994974874372           0.41788611453856184
-14.683417085427136           0.4178865689006362
-14.5678391959799             0.41788656400990865
-14.452261306532662           0.4178865304649487
-14.336683417085428           0.41788646947308467
-14.22110552763819            0.41788642022559314
-14.105527638190955           0.4178864601020129
-13.989949748743719           0.41788588320461995
-13.874371859296481           0.41788634374483685
-13.758793969849247           0.4178869937866367
-13.64321608040201            0.41788641560475864
-13.527638190954773           0.41788620236830526
-13.412060301507537           0.41788639719962173
-13.296482412060302           0.41788657302698323
-13.180904522613066           0.41788638810374373
-13.065326633165828           0.41788599016844
-12.949748743718594           0.4178864146871307
-12.834170854271356           0.4178860153361993
-12.71859296482412            0.41788648915110027
-12.603015075376884           0.4178859241125937
-12.487437185929648           0.4178863460899699
-12.371859296482413           0.4178863088003432
-12.256281407035175           0.41788635396094587
-12.14070351758794            0.4178862272394399
-12.025125628140703           0.4178863771792952
-11.909547738693467           0.41788611791638813
-11.793969849246231           0.41788603500594185
-11.678391959798995           0.41788618801671
-11.56281407035176            0.4178861640777847
-11.447236180904522           0.41788631663790077
-11.331658291457286           0.41788620383075725
-11.21608040201005            0.41788615107873056
-11.100502512562814           0.4178864987333479
-10.984924623115578           0.4178861794266341
-10.869346733668342           0.41788607794944205
-10.753768844221106           0.41788571463512725
-10.638190954773869           0.41788611389629926
-10.522613065326633           0.41788605000595963
-10.407035175879397           0.41788609880165456
-10.291457286432161           0.4178863183220462
-10.175879396984925           0.4178860481144364
-10.06030150753769            0.41788595557909125
-9.944723618090451            0.417886015606401
-9.829145728643216            0.4178860019168576
-9.71356783919598             0.41788613495226673
-9.597989949748744            0.41788597783537873
-9.482412060301508            0.4178859801773948
-9.366834170854272            0.4178859850411061
-9.251256281407034            0.4178859627782711
-9.135678391959798            0.41788595595590255
-9.020100502512562            0.4178860125308356
-8.904522613065327            0.41788582585029865
-8.78894472361809             0.41788569728843683
-8.673366834170855            0.4178865213063121
-8.557788944723619            0.41788588658404174
-8.442211055276381            0.4178864767751278
-8.326633165829145            0.41788570250679297
-8.21105527638191             0.41788589122797387
-8.095477386934673            0.417885841314049
-7.9798994974874375           0.41788584951984364
-7.864321608040202            0.417885826726454
-7.748743718592964            0.4178858003142308
-7.633165829145728            0.4178858295005853
-7.517587939698492            0.41788573259351686
-7.402010050251256            0.41788588737730165
-7.28643216080402             0.41788582158328513
-7.170854271356784            0.4178857836068251
-7.055276381909547            0.4178856070908877
-6.939698492462311            0.4178857531906759
-6.824120603015075            0.4178857683540286
-6.708542713567839            0.41788574696264663
-6.592964824120603            0.41788571952515463
-6.477386934673367            0.41788564204708173
-6.361809045226131            0.41788570822412574
-6.246231155778894            0.41788564279371443
-6.130653266331658            0.41788571546315906
-6.015075376884422            0.41788571536669666
-5.899497487437186            0.4178857416760046
-5.78391959798995             0.41788568798272424
-5.668341708542714            0.4178856864461643
-5.5527638190954764           0.41788561743126396
-5.4371859296482405           0.4178855240233157
-5.321608040201005            0.4178856284342837
-5.206030150753769            0.41788562228931786
-5.090452261306533            0.41788562758609865
-4.974874371859297            0.4178856926460187
-4.859296482412061            0.4178857767623897
-4.743718592964823            0.4178856283438616
-4.628140703517587            0.4178856743788157
-4.5125628140703515           0.41788558388710584
-4.396984924623116            0.4178855925689859
-4.28140703517588             0.4178856000484342
-4.165829145728644            0.4178855836124974
-4.050251256281406            0.41788557988734143
-3.934673366834172            0.4178855830577425
-3.8190954773869343           0.4178855839772404
-3.7035175879396967           0.41788555383090653
-3.5879396984924625           0.4178855496794995
-3.472361809045225            0.4178855377085177
-3.3567839195979907           0.4178855436974583
-3.241206030150753            0.41788551160006454
-3.125628140703519            0.4178854957604022
-3.0100502512562812           0.4178854790351496
-2.8944723618090435           0.41788542009851776
-2.7788944723618094           0.4178853015262958
-2.6633165829145717           0.4178852227249362
-2.5477386934673376           0.41788505131633435
-2.4321608040201              0.417884700926547
-2.316582914572866            0.4178840859949134
-2.201005025125628            0.41788300518349236
-2.0854271356783904           0.4178810826030104
-1.9698492462311563           0.41787766690700473
-1.8542713567839186           0.4178716419598984
-1.7386934673366845           0.417861078444087
-1.6231155778894468           0.417842387270048
-1.5075376884422127           0.4178095775243885
-1.391959798994975            0.4177518324783555
-1.2763819095477373           0.41765052707166567
-1.1608040201005032           0.4174732929809309
-1.0452261306532655           0.4171641627633512
-0.9296482412060314           0.41662717327745563
-0.8140703517587937           0.41569893658912266
-0.698492462311556            0.4141039990586734
-0.5829145728643219           0.41138453149495574
-0.46733668341708423          0.4067901275035612
-0.3517587939698501           0.3991143782775445
-0.23618090452261245          0.38645970891314857
-0.12060301507537828          0.36591542917744846
-0.005025125628140596         0.3331381579577931
0.11055276381909708           0.28183085561997245
0.22613065326633117           0.20311925949466772
0.34170854271356893           0.08481837471742724
0.457286432160803             -0.08944060787914801
0.5728643216080407            -0.3412833089035804
0.6884422110552748            -0.6989599198021974
0.8040201005025125            -1.1991309108074677
0.9195979899497502            -1.8892151910787554
1.0351758793969843            -2.8304800778471737
1.150753768844222             -4.1021389352962085
1.266331658291456             -5.806903093509886
1.3819095477386938            -8.078528133910309
1.4974874371859315            -11.091667348856085
1.6130653266331656            -15.074321974273325
1.7286432160804033            -20.32382275650854
1.8442211055276374            -27.227810033154743
1.959798994974875             -36.29179072799781
2.075376884422109             -48.17514876152367
2.190954773869347             -63.73812495189243
2.3065326633165846            -84.10310551623937
2.4221105527638187            -110.73458573466648
2.5376884422110564            -145.54350594440882
2.6532663316582905            -191.02339294909592
2.768844221105528             -252.17670816865984
