-20.0                         0.49255610732049954
-19.884422110552762           0.4925567606454441
-19.768844221105528           0.49255603881997245
-19.65326633165829            0.4925552419501704
-19.537688442211056           0.49255599793822863
-19.42211055276382            0.4925560284603939
-19.306532663316585           0.4925561542525863
-19.190954773869347           0.4925555168715859
-19.07537688442211            0.49255606961590487
-18.959798994974875           0.49255590219419015
-18.844221105527637           0.49255668869845015
-18.728643216080403           0.49255594141357545
-18.613065326633166           0.49255584253867546
-18.49748743718593            0.49255585932669266
-18.381909547738694           0.4925571250863459
-18.266331658291456           0.4925557202359617
-18.150753768844222           0.4925558008707139
-18.035175879396984           0.4925554330533366
-17.91959798994975            0.49255574215816844
-17.804020100502512           0.4925559075567392
-17.688442211055275           0.4925559749137047
-17.57286432160804            0.4925556439199451
-17.457286432160803           0.4925555006576717
-17.34170854271357            0.4925557337024632
-17.22613065326633            0.4925558966097334
-17.110552763819094           0.49255545727090494
-16.99497487437186            0.4925556608575596
-16.87939698492462            0.49255570466912596
-16.763819095477388           0.49255577103741793
-16.64824120603015            0.49255563344072056
-16.532663316582916           0.49255541748195686
-16.417085427135678           0.49255552391912816
-16.301507537688444           0.49255533334064255
-16.185929648241206           0.4925554942187551
-16.07035175879397            0.49255558615879985
-15.954773869346734           0.49255487902460643
-15.839195979899497           0.49255539355218986
-15.72361809045226            0.49255541147362303
-15.608040201005025           0.49255546819243473
-15.492462311557789           0.49255533220914477
-15.376884422110553           0.49255509093669664
-15.261306532663315           0.4925554178028886
-15.145728643216081           0.49255530632010425
-15.030150753768844           0.4925558185869906
-14.914572864321608           0.4925551461000055
-14.798994974874372           0.4925547366402155
-14.683417085427136           0.49255528273806753
-14.5678391959799             0.4925552628565916
-14.452261306532662           0.4925552279543837
-14.336683417085428           0.4925551705702659
-14.22110552763819            0.4925551680606674
-14.105527638190955           0.49255515277591294
-13.989949748743719           0.4925545268255278
-13.874371859296481           0.49255503323619754
-13.758793969849247           0.4925557151937755
-13.64321608040201            0.4925551102467849
-13.527638190954773           0.49255482738200923
-13.412060301507537           0.4925550979513112
-13.296482412060302           0.4925552509492938
-13.180904522613066           0.4925551055743562
-13.065326633165828           0.49255467246188533
-12.949748743718594           0.4925551208802389
-12.834170854271356           0.4925546975799995
-12.71859296482412            0.49255521126665935
-12.603015075376884           0.4925545926641727
-12.487437185929648           0.49255506243012454
-12.371859296482413           0.49255500483682024
-12.256281407035175           0.4925550760759834
-12.14070351758794            0.49255493236000075
-12.025125628140703           0.49255505547850004
-11.909547738693467           0.49255481245381433
-11.793969849246231           0.492554708628425
-11.678391959798995           0.49255489327832874
-11.56281407035176            0.4925548663458987
-11.447236180904522           0.49255505004962064
-11.331658291457286           0.49255491391026146
-11.21608040201005            0.49255485487411094
-11.100502512562814           0.4925552121170777
-10.984924623115578           0.49255489191157353
-10.869346733668342           0.4925547807412097
-10.753768844221106           0.4925543725917755
-10.638190954773869           0.49255482870575684
-10.522613065326633           0.49255474457548964
-10.407035175879397           0.4925548200021828
-10.291457286432161           0.4925551013009104
-10.175879396984925           0.4925547543315196
-10.06030150753769            0.4925546528271641
-9.944723618090451            0.49255472250906024
-9.829145728643216            0.49255467048427765
-9.71356783919598             0.4925548956336545
-9.597989949748744            0.4925546862654648
-9.482412060301508            0.49255468489115817
-9.366834170854272            0.49255470376410343
-9.251256281407034            0.49255467219172816
-9.135678391959798            0.4925546604080575
-9.020100502512562            0.4925547421004058
-8.904522613065327            0.49255449206663676
-8.78894472361809             0.4925543692123984
-8.673366834170855            0.49255530037206186
-8.557788944723619            0.492554600749416
-8.442211055276381            0.4925552530872113
-8.326633165829145            0.4925543783117212
-8.21105527638191             0.49255457400857167
-8.095477386934673            0.4925545598640894
-7.9798994974874375           0.49255456088861393
-7.864321608040202            0.49255453396154375
-7.748743718592964            0.4925545021938506
-7.633165829145728            0.492554543302663
-7.517587939698492            0.4925544179515017
-7.402010050251256            0.4925546310486464
-7.28643216080402             0.4925545335247239
-7.170854271356784            0.492554489871102
-7.055276381909547            0.49255429313992266
-6.939698492462311            0.49255446055873336
-6.824120603015075            0.4925544790068091
-6.708542713567839            0.4925544387342058
-6.592964824120603            0.49255443008273625
-6.477386934673367            0.49255435466604636
-6.361809045226131            0.4925544176036367
-6.246231155778894            0.49255434776326806
-6.130653266331658            0.49255442584238945
-6.015075376884422            0.49255442779559827
-5.899497487437186            0.4925544621418229
-5.78391959798995             0.49255439460880485
-5.668341708542714            0.4925543949240613
-5.5527638190954764           0.4925543104519258
-5.4371859296482405           0.4925542135130704
-5.321608040201005            0.49255432245956615
-5.206030150753769            0.49255432487989453
-5.090452261306533            0.49255434134463194
-4.974874371859297            0.49255439891729297
-4.859296482412061            0.49255449903582266
-4.743718592964823            0.4925543385374382
-4.628140703517587            0.4925543907275378
-4.5125628140703515           0.492554287424465
-4.396984924623116            0.4925543006127514
-4.28140703517588             0.4925543106743498
-4.165829145728644            0.49255429218607305
-4.050251256281406            0.49255427797424023
-3.934673366834172            0.4925542953469242
-3.8190954773869343           0.4925542985534409
-3.7035175879396967           0.49255426408854425
-3.5879396984924625           0.4925542624495105
-3.472361809045225            0.4925542518679402
-3.3567839195979907           0.49255426337997577
-3.241206030150753            0.4925542303915413
-3.125628140703519            0.49255422597567694
-3.0100502512562812           0.49255422677984606
-2.8944723618090435           0.49255420233670494
-2.7788944723618094           0.49255412321653264
-2.6633165829145717           0.49255414292420935
-2.5477386934673376           0.49255412794640635
-2.4321608040201              0.4925540517894371
-2.316582914572866            0.49255391454746456
-2.201005025125628            0.49255366407321055
-2.0854271356783904           0.4925531756057394
-1.9698492462311563           0.49255223663335534
-1.8542713567839186           0.4925504791093144
-1.7386934673366845           0.4925472539640625
-1.6231155778894468           0.49254111289239644
-1.5075376884422127           0.4925296845697015
-1.391959798994975            0.4925081557662343
-1.2763819095477373           0.49246784684050066
-1.1608040201005032           0.49239259935799384
-1.0452261306532655           0.4922525462458329
-0.9296482412060314           0.49199302641552095
-0.8140703517587937           0.49151463195309697
-0.698492462311556            0.4906383757286199
-0.5829145728643219           0.4890471974841722
-0.46733668341708423          0.4861875157264653
-0.3517587939698501           0.48111393070700753
-0.23618090452261245          0.47225239787277956
-0.12060301507537828          0.45706009963637517
-0.005025125628140596         0.43156724852845213
0.11055276381909708           0.3898007423001819
0.22613065326633117           0.32310245438639634
0.34170854271356893           0.21935477731111938
0.457286432160803             0.06209947847602048
0.5728643216080407            -0.17050877966901612
0.6884422110552748            -0.5070218055410037
0.8040201005025125            -0.9844318229066811
0.9195979899497502            -1.6504782292505422
1.0351758793969843            -2.566710607361777
1.150753768844222             -3.8125703952212375
1.266331658291456             -5.490937559583105
1.3819095477386938            -7.7356906925940345
1.4974874371859315            -10.721585760627923
1.6130653266331656            -14.676716295306997
1.7286432160804033            -19.89848868250803
1.8442211055276374            -26.774598958849936
1.959798994974875             -35.810593552514554
2.075376884422109             -47.66588459588652
2.190954773869347             -63.20073335678224
2.3065326633165846            -83.53754106275622
2.4221105527638187            -110.14081412047474
2.5376884422110564            -144.92150117811448
2.6532663316582905            -190.3731352844752
2.768844221105528             -251.498341334489
