-20.0                         1.1877690161073715
-19.884422110552762           1.1877701149473152
-19.768844221105528           1.1877688751740725
-19.65326633165829            1.1877678563811822
-19.537688442211056           1.1877689839465047
-19.42211055276382            1.187768710784363
-19.306532663316585           1.1877689973624705
-19.190954773869347           1.1877674457224827
-19.07537688442211            1.1877691478340024
-18.959798994974875           1.1877687948374653
-18.844221105527637           1.1877700491368204
-18.728643216080403           1.1877685771425033
-18.613065326633166           1.1877689935783808
-18.49748743718593            1.1877686834952865
-18.381909547738694           1.18777110074558
-18.266331658291456           1.1877685676083114
-18.150753768844222           1.1877686386695894
-18.035175879396984           1.187768944541852
-17.91959798994975            1.1877685850845918
-17.804020100502512           1.1877691047523016
-17.688442211055275           1.1877686989069816
-17.57286432160804            1.1877682897094142
-17.457286432160803           1.1877683493717788
-17.34170854271357            1.187768458565568
-17.22613065326633            1.1877684594847215
-17.110552763819094           1.1877683109757349
-16.99497487437186            1.1877687877763945
-16.87939698492462            1.1877681110330052
-16.763819095477388           1.1877690308541768
-16.64824120603015            1.1877682571427988
-16.532663316582916           1.1877684848932757
-16.417085427135678           1.187768330901069
-16.301507537688444           1.1877677134972866
-16.185929648241206           1.1877683434487014
-16.07035175879397            1.1877686326253767
-15.954773869346734           1.187767213536925
-15.839195979899497           1.1877682610952554
-15.72361809045226            1.1877684055181223
-15.608040201005025           1.1877691834860205
-15.492462311557789           1.187768260399518
-15.376884422110553           1.1877682967054004
-15.261306532663315           1.187768338543128
-15.145728643216081           1.1877682764189388
-15.030150753768844           1.1877691136838275
-14.914572864321608           1.1877679916688844
-14.798994974874372           1.1877672640022228
-14.683417085427136           1.1877682739649076
-14.5678391959799             1.1877682086155743
-14.452261306532662           1.1877681687393566
-14.336683417085428           1.1877680638307933
-14.22110552763819            1.187768674414311
-14.105527638190955           1.1877680160710704
-13.989949748743719           1.1877670947741428
-13.874371859296481           1.1877678529637536
-13.758793969849247           1.1877685172754984
-13.64321608040201            1.1877679553617668
-13.527638190954773           1.1877672260836907
-13.412060301507537           1.1877680075678978
-13.296482412060302           1.1877677356374974
-13.180904522613066           1.1877681685051689
-13.065326633165828           1.1877676410094749
-12.949748743718594           1.1877679744326126
-12.834170854271356           1.1877675088519113
-12.71859296482412            1.1877681764137236
-12.603015075376884           1.1877674451356484
-12.487437185929648           1.1877680045305874
-12.371859296482413           1.1877677454609208
-12.256281407035175           1.1877680827725423
-12.14070351758794            1.1877678573271861
-12.025125628140703           1.1877675924161089
-11.909547738693467           1.1877676679063156
-11.793969849246231           1.187767621311553
-11.678391959798995           1.1877678428092557
-11.56281407035176            1.1877677708885686
-11.447236180904522           1.187768165279392
-11.331658291457286           1.187767831476566
-11.21608040201005            1.1877677546795775
-11.100502512562814           1.187768035251431
-10.984924623115578           1.187767820671149
-10.869346733668342           1.1877676897336198
-10.753768844221106           1.1877670048328872
-10.638190954773869           1.1877678502314812
-10.522613065326633           1.1877675926980773
-10.407035175879397           1.1877678228276418
-10.291457286432161           1.1877685682568697
-10.175879396984925           1.1877676551127963
-10.06030150753769            1.1877675215137689
-9.944723618090451            1.1877676760736833
-9.829145728643216            1.187767268650963
-9.71356783919598             1.187768162718234
-9.597989949748744            1.1877676553816712
-9.482412060301508            1.1877676140657702
-9.366834170854272            1.1877677215221563
-9.251256281407034            1.1877676197399865
-9.135678391959798            1.1877675455528984
-9.020100502512562            1.1877677238637696
-8.904522613065327            1.1877671443484823
-8.78894472361809             1.1877670727340282
-8.673366834170855            1.1877686711965527
-8.557788944723619            1.1877675908261998
-8.442211055276381            1.1877686070130662
-8.326633165829145            1.187767102162553
-8.21105527638191             1.1877672609910843
-8.095477386934673            1.187767651092333
-7.9798994974874375           1.1877675165734412
-7.864321608040202            1.1877674744732798
-7.748743718592964            1.1877673949177079
-7.633165829145728            1.1877675300337274
-7.517587939698492            1.1877672585985475
-7.402010050251256            1.1877677910266367
-7.28643216080402             1.1877674803078275
-7.170854271356784            1.1877674112103584
-7.055276381909547            1.187767147115837
-6.939698492462311            1.1877674069950241
-6.824120603015075            1.1877674221743093
-6.708542713567839            1.1877672454702988
-6.592964824120603            1.1877674013085557
-6.477386934673367            1.1877673965037898
-6.361809045226131            1.1877673934364998
-6.246231155778894            1.1877672757711637
-6.130653266331658            1.1877673558633945
-6.015075376884422            1.1877673529343367
-5.899497487437186            1.1877674122325566
-5.78391959798995             1.1877673034425755
-5.668341708542714            1.1877673306905305
-5.5527638190954764           1.1877671756909844
-5.4371859296482405           1.1877670331535246
-5.321608040201005            1.1877671608540927
-5.206030150753769            1.1877672575885718
-5.090452261306533            1.1877673648260583
-4.974874371859297            1.1877672482850112
-4.859296482412061            1.1877674653402206
-4.743718592964823            1.187767266834067
-4.628140703517587            1.187767376641907
-4.5125628140703515           1.187767219505186
-4.396984924623116            1.1877672251022071
-4.28140703517588             1.18776724908084
-4.165829145728644            1.1877672296898794
-4.050251256281406            1.1877671167808654
-3.934673366834172            1.187767251645196
-3.8190954773869343           1.1877672708030287
-3.7035175879396967           1.1877672060981188
-3.5879396984924625           1.1877672249495728
-3.472361809045225            1.1877672103446428
-3.3567839195979907           1.1877672275268247
-3.241206030150753            1.187767182548356
-3.125628140703519            1.187767163844849
-3.0100502512562812           1.1877671661009357
-2.8944723618090435           1.1877672160812895
-2.7788944723618094           1.1877670440355501
-2.6633165829145717           1.1877671594409476
-2.5477386934673376           1.1877671523343796
-2.4321608040201              1.1877671454648902
-2.316582914572866            1.187767150711299
-2.201005025125628            1.1877671637011529
-2.0854271356783904           1.1877671507876155
-1.9698492462311563           1.187767111063105
-1.8542713567839186           1.1877670504309947
-1.7386934673366845           1.1877670751237857
-1.6231155778894468           1.1877670252138204
-1.5075376884422127           1.1877670941676812
-1.391959798994975            1.1877670345698843
-1.2763819095477373           1.1877669714955477
-1.1608040201005032           1.187766756119471
-1.0452261306532655           1.1877661116042015
-0.9296482412060314           1.1877643477550206
-0.8140703517587937           1.187759641468743
-0.698492462311556            1.1877463596693318
-0.5829145728643219           1.1877108121568216
-0.46733668341708423          1.1876159500455397
-0.3517587939698501           1.1873670860824839
-0.23618090452261245          1.1867285206899139
-0.12060301507537828          1.1851366992693222
-0.005025125628140596         1.1813138957123621
0.11055276381909708           1.1725516079066913
0.22613065326633117           1.1535609341433373
0.34170854271356893           1.1149385784394972
0.457286432160803             1.0415274293365793
0.5728643216080407            0.911027305115258
0.6884422110552748            0.6929395119761268
0.8040201005025125            0.3474969137737659
0.9195979899497502            -0.17596174006539475
1.0351758793969843            -0.9415974888180721
1.150753768844222             -2.0309315966468895
1.266331658291456             -3.5483409803764125
1.3819095477386938            -5.628741648403071
1.4974874371859315            -8.447695189797056
1.6130653266331656            -12.233981995246046
1.7286432160804033            -17.285552367948675
1.8442211055276374            -23.99049091556921
1.959798994974875             -32.854612116997934
2.075376884422109             -44.53751522783532
2.190954773869347             -59.89959477782328
2.3065326633165846            -80.06334848728456
2.4221105527638187            -106.49335354149024
2.5376884422110564            -141.10061103041946
2.6532663316582905            -186.37869316501593
2.768844221105528             -247.33123078172517
