-20.0                         1.3729061826782767
-19.884422110552762           1.3729074105582244
-19.768844221105528           1.372906028550901
-19.65326633165829            1.3729050097861053
-19.537688442211056           1.372906237610776
-19.42211055276382            1.372905856799387
-19.306532663316585           1.3729061059215937
-19.190954773869347           1.3729044524292608
-19.07537688442211            1.3729063748849608
-18.959798994974875           1.3729059981213123
-18.844221105527637           1.3729072205556352
-18.728643216080403           1.3729056691873571
-18.613065326633166           1.3729062681420037
-18.49748743718593            1.3729058377736816
-18.381909547738694           1.3729084583051683
-18.266331658291456           1.3729057566716651
-18.150753768844222           1.3729058226139104
-18.035175879396984           1.3729063509548292
-17.91959798994975            1.372905744410707
-17.804020100502512           1.3729063488083293
-17.688442211055275           1.3729057652739063
-17.57286432160804            1.3729054824548412
-17.457286432160803           1.3729055414148836
-17.34170854271357            1.3729055697745214
-17.22613065326633            1.372905502366881
-17.110552763819094           1.3729055144074553
-16.99497487437186            1.3729060126461836
-16.87939698492462            1.372905152407953
-16.763819095477388           1.3729063093381337
-16.64824120603015            1.3729053719954454
-16.532663316582916           1.3729058031682118
-16.417085427135678           1.3729055076114254
-16.301507537688444           1.3729048333252956
-16.185929648241206           1.3729055278477507
-16.07035175879397            1.3729058493287003
-15.954773869346734           1.372904291169877
-15.839195979899497           1.3729054531007558
-15.72361809045226            1.3729056532144057
-15.608040201005025           1.372906586634287
-15.492462311557789           1.372905468724206
-15.376884422110553           1.3729056474127521
-15.261306532663315           1.3729055322469255
-15.145728643216081           1.3729054952940722
-15.030150753768844           1.372906318902908
-14.914572864321608           1.3729051821918627
-14.798994974874372           1.3729044204577519
-14.683417085427136           1.3729054962357679
-14.5678391959799             1.3729054478410327
-14.452261306532662           1.3729054095929576
-14.336683417085428           1.372905264427273
-14.22110552763819            1.3729060453711828
-14.105527638190955           1.3729052210396993
-13.989949748743719           1.3729042311182753
-13.874371859296481           1.3729050363652993
-13.758793969849247           1.3729056643649407
-13.64321608040201            1.3729051506952332
-13.527638190954773           1.372904332620211
-13.412060301507537           1.3729052191487647
-13.296482412060302           1.372904813757658
-13.180904522613066           1.3729054104941436
-13.065326633165828           1.3729048967452298
-12.949748743718594           1.3729051536907608
-12.834170854271356           1.3729046968492626
-12.71859296482412            1.372905379750786
-12.603015075376884           1.3729046713086153
-12.487437185929648           1.372905201595646
-12.371859296482413           1.3729049056075384
-12.256281407035175           1.3729052888262447
-12.14070351758794            1.3729050665083926
-12.025125628140703           1.3729046894997776
-11.909547738693467           1.372904859494733
-11.793969849246231           1.3729048799941548
-11.678391959798995           1.3729050612744078
-11.56281407035176            1.37290497329261
-11.447236180904522           1.3729054149275866
-11.331658291457286           1.3729050302126526
-11.21608040201005            1.3729049559933553
-11.100502512562814           1.3729051977489515
-10.984924623115578           1.372905020813957
-10.869346733668342           1.3729048943592055
-10.753768844221106           1.372904150467752
-10.638190954773869           1.3729050821967557
-10.522613065326633           1.3729047839484203
-10.407035175879397           1.3729050244399523
-10.291457286432161           1.372905887326116
-10.175879396984925           1.3729048525722105
-10.06030150753769            1.3729047152636467
-9.944723618090451            1.3729048988379084
-9.829145728643216            1.3729043994130157
-9.71356783919598             1.3729054174040074
-9.597989949748744            1.3729048761247817
-9.482412060301508            1.3729048261218584
-9.366834170854272            1.372904944692658
-9.251256281407034            1.372904832398896
-9.135678391959798            1.3729047455898824
-9.020100502512562            1.372904908384516
-8.904522613065327            1.3729042966193843
-8.78894472361809             1.3729042307656005
-8.673366834170855            1.372905969974419
-8.557788944723619            1.3729048130063528
-8.442211055276381            1.3729059022499925
-8.326633165829145            1.3729042638529239
-8.21105527638191             1.372904407851988
-8.095477386934673            1.3729048995758177
-7.9798994974874375           1.3729047227675508
-7.864321608040202            1.3729046847870572
-7.748743718592964            1.3729045929364092
-7.633165829145728            1.3729047497793179
-7.517587939698492            1.3729044675036493
-7.402010050251256            1.3729050306525468
-7.28643216080402             1.3729046871802744
-7.170854271356784            1.372904616311358
-7.055276381909547            1.3729043507638825
-6.939698492462311            1.3729046205924285
-6.824120603015075            1.3729046295455067
-6.708542713567839            1.3729044222170226
-6.592964824120603            1.3729046205214346
-6.477386934673367            1.372904642154218
-6.361809045226131            1.3729046162889578
-6.246231155778894            1.3729044839502718
-6.130653266331658            1.3729045574011216
-6.015075376884422            1.3729045457448774
-5.899497487437186            1.3729046029057497
-5.78391959798995             1.3729045037799334
-5.668341708542714            1.3729045383956295
-5.5527638190954764           1.3729043813827448
-5.4371859296482405           1.3729042165324372
-5.321608040201005            1.3729043548567932
-5.206030150753769            1.372904477430347
-5.090452261306533            1.3729045967980265
-4.974874371859297            1.372904426412449
-4.859296482412061            1.3729046688743185
-4.743718592964823            1.372904468404954
-4.628140703517587            1.3729045947982432
-4.5125628140703515           1.372904436942964
-4.396984924623116            1.372904429842673
-4.28140703517588             1.3729044546616995
-4.165829145728644            1.3729044394680867
-4.050251256281406            1.37290430125932
-3.934673366834172            1.372904461971883
-3.8190954773869343           1.3729044854460921
-3.7035175879396967           1.3729044146957168
-3.5879396984924625           1.3729044395810892
-3.472361809045225            1.3729044241431683
-3.3567839195979907           1.372904436839218
-3.241206030150753            1.3729044021068049
-3.125628140703519            1.372904371473366
-3.0100502512562812           1.372904372251645
-2.8944723618090435           1.3729044437888462
-2.7788944723618094           1.3729042445024184
-2.6633165829145717           1.3729043807021266
-2.5477386934673376           1.3729043620722796
-2.4321608040201              1.3729043535907055
-2.316582914572866            1.3729043615411771
-2.201005025125628            1.3729043727699861
-2.0854271356783904           1.372904359067223
-1.9698492462311563           1.372904319204726
-1.8542713567839186           1.372904255622396
-1.7386934673366845           1.3729042840682308
-1.6231155778894468           1.3729042313765356
-1.5075376884422127           1.372904315613384
-1.391959798994975            1.3729042707428325
-1.2763819095477373           1.3729042750798097
-1.1608040201005032           1.3729042279869164
-1.0452261306532655           1.3729040320154196
-0.9296482412060314           1.372903450744992
-0.8140703517587937           1.3729018982003036
-0.698492462311556            1.37289676620207
-0.5829145728643219           1.3728820833250843
-0.46733668341708423          1.37283947056658
-0.3517587939698501           1.37271794951131
-0.23618090452261245          1.3723791079688037
-0.12060301507537828          1.3714617825157462
-0.005025125628140596         1.3690727271581928
0.11055276381909708           1.363149560043695
0.22613065326633117           1.349325069771557
0.34170854271356893           1.3192498098588854
0.457286432160803             1.2586415166178828
0.5728643216080407            1.1455783634598267
0.6884422110552748            0.9493421994607338
0.8040201005025125            0.6295114469733409
0.9195979899497502            0.1346064797903221
1.0351758793969843            -0.6003034324466953
1.150753768844222             -1.6573555037068919
1.266331658291456             -3.141363421897191
1.3819095477386938            -5.187534605379851
1.4974874371859315            -7.971643792279735
1.6130653266331656            -11.722644750888925
1.7286432160804033            -16.73862085331996
1.8442211055276374            -23.407749093868947
1.959798994974875             -32.235905986408135
2.075376884422109             -43.88273312845739
2.190954773869347             -59.20865467572606
2.3065326633165846            -79.33618950757814
2.4221105527638187            -105.72993016521734
2.5376884422110564            -140.30088902276682
2.6532663316582905            -185.5426466642824
2.768844221105528             -246.45904485207694
