-20.0                         1.8392324543309695
-19.884422110552762           1.83923403440559
-19.768844221105528           1.8392322894595563
-19.65326633165829            1.8392313201203
-19.537688442211056           1.8392328252257202
-19.42211055276382            1.8392321383197543
-19.306532663316585           1.8392322104240706
-19.190954773869347           1.8392304537141122
-19.07537688442211            1.8392328252119121
-18.959798994974875           1.8392324094548094
-18.844221105527637           1.8392333899437538
-18.728643216080403           1.8392318150909694
-18.613065326633166           1.8392328684954966
-18.49748743718593            1.8392321143621413
-18.381909547738694           1.8392351158957505
-18.266331658291456           1.8392321405561087
-18.150753768844222           1.8392321890781398
-18.035175879396984           1.8392333181344702
-17.91959798994975            1.8392320267612101
-17.804020100502512           1.8392328098769979
-17.688442211055275           1.8392317679382
-17.57286432160804            1.8392319934267938
-17.457286432160803           1.839231929061338
-17.34170854271357            1.8392317455090201
-17.22613065326633            1.8392314864777055
-17.110552763819094           1.8392319432319995
-16.99497487437186            1.8392323877459666
-16.87939698492462            1.8392311849858893
-16.763819095477388           1.8392328818788137
-16.64824120603015            1.8392316127385715
-16.532663316582916           1.8392325713303839
-16.417085427135678           1.8392318537874004
-16.301507537688444           1.8392311454947499
-16.185929648241206           1.839231930531664
-16.07035175879397            1.8392322554824752
-15.954773869346734           1.8392304103122392
-15.839195979899497           1.839231840462905
-15.72361809045226            1.8392322119487479
-15.608040201005025           1.8392334260423842
-15.492462311557789           1.8392318934380802
-15.376884422110553           1.83923248446651
-15.261306532663315           1.8392319246697222
-15.145728643216081           1.8392319349884334
-15.030150753768844           1.8392326200329658
-14.914572864321608           1.8392315654486573
-14.798994974874372           1.8392307727211827
-14.683417085427136           1.8392319587579076
-14.5678391959799             1.8392319759096254
-14.452261306532662           1.8392319500975984
-14.336683417085428           1.839231675842905
-14.22110552763819            1.8392328443560138
-14.105527638190955           1.8392316573175085
-13.989949748743719           1.8392304943868059
-13.874371859296481           1.8392314015446494
-13.758793969849247           1.839231920062539
-13.64321608040201            1.8392315614228525
-13.527638190954773           1.8392305489472913
-13.412060301507537           1.8392316636837351
-13.296482412060302           1.8392309227054706
-13.180904522613066           1.839231901149099
-13.065326633165828           1.8392314796623013
-12.949748743718594           1.8392315022819343
-12.834170854271356           1.8392310794427285
-12.71859296482412            1.8392317807424268
-12.603015075376884           1.8392311809727766
-12.487437185929648           1.8392315868792897
-12.371859296482413           1.8392312521979501
-12.256281407035175           1.8392316701798723
-12.14070351758794            1.8392314971838923
-12.025125628140703           1.8392308471727679
-11.909547738693467           1.8392312441593348
-11.793969849246231           1.8392314949074766
-11.678391959798995           1.8392315088663296
-11.56281407035176            1.8392313854170057
-11.447236180904522           1.8392319372452652
-11.331658291457286           1.8392314261893015
-11.21608040201005            1.8392313736090236
-11.100502512562814           1.8392314976635267
-10.984924623115578           1.8392314188264804
-10.869346733668342           1.839231310788081
-10.753768844221106           1.839230430751556
-10.638190954773869           1.8392315496712128
-10.522613065326633           1.839231171861857
-10.407035175879397           1.839231386462191
-10.291457286432161           1.8392325438267938
-10.175879396984925           1.8392312555308696
-10.06030150753769            1.8392311042700098
-9.944723618090451            1.839231374052967
-9.829145728643216            1.839230649846044
-9.71356783919598             1.839231891948775
-9.597989949748744            1.8392313252573866
-9.482412060301508            1.839231263856236
-9.366834170854272            1.8392313925684205
-9.251256281407034            1.839231269918323
-9.135678391959798            1.8392311697602994
-9.020100502512562            1.839231228855407
-8.904522613065327            1.8392306031379149
-8.78894472361809             1.8392305369607342
-8.673366834170855            1.8392326008211317
-8.557788944723619            1.8392312706675498
-8.442211055276381            1.8392325249308665
-8.326633165829145            1.8392305778557145
-8.21105527638191             1.8392306903388584
-8.095477386934673            1.8392313990290279
-7.9798994974874375           1.8392311248264512
-7.864321608040202            1.8392311106985952
-7.748743718592964            1.839230990995298
-7.633165829145728            1.8392311937303076
-7.517587939698492            1.8392309275239735
-7.402010050251256            1.839231488425934
-7.28643216080402             1.8392311031541602
-7.170854271356784            1.8392310321996195
-7.055276381909547            1.8392307798817111
-6.939698492462311            1.8392310556297162
-6.824120603015075            1.8392310467169963
-6.708542713567839            1.8392307686981186
-6.592964824120603            1.8392310728008312
-6.477386934673367            1.8392311686364762
-6.361809045226131            1.8392310782591015
-6.246231155778894            1.8392309082735794
-6.130653266331658            1.839230959167918
-6.015075376884422            1.8392309173419288
-5.899497487437186            1.8392309591224079
-5.78391959798995             1.839230909047959
-5.668341708542714            1.839230958180012
-5.5527638190954764           1.8392308210466983
-5.4371859296482405           1.8392305817540255
-5.321608040201005            1.8392307631184925
-5.206030150753769            1.8392309453408306
-5.090452261306533            1.8392310672881886
-4.974874371859297            1.839230772614628
-4.859296482412061            1.839231070331959
-4.743718592964823            1.8392308741504866
-4.628140703517587            1.8392310397555216
-4.5125628140703515           1.839230896253039
-4.396984924623116            1.8392308493852683
-4.28140703517588             1.8392308702194409
-4.165829145728644            1.8392308691044816
-4.050251256281406            1.8392306698083598
-3.934673366834172            1.8392308863339981
-3.8190954773869343           1.8392309202842934
-3.7035175879396967           1.8392308362217886
-3.5879396984924625           1.8392308749360768
-3.472361809045225            1.8392308594678388
-3.3567839195979907           1.8392308505369073
-3.241206030150753            1.8392308610956243
-3.125628140703519            1.8392307930520466
-3.0100502512562812           1.839230790321032
-2.8944723618090435           1.8392309174013013
-2.7788944723618094           1.8392306494648603
-2.6633165829145717           1.8392308393207448
-2.5477386934673376           1.8392307869368651
-2.4321608040201              1.8392307724442973
-2.316582914572866            1.8392307887001274
-2.201005025125628            1.8392307893995021
-2.0854271356783904           1.83923077704978
-1.9698492462311563           1.839230741614212
-1.8542713567839186           1.839230673032946
-1.7386934673366845           1.8392307112436088
-1.6231155778894468           1.8392306391165503
-1.5075376884422127           1.8392307418499734
-1.391959798994975            1.8392306861830292
-1.2763819095477373           1.8392307213526817
-1.1608040201005032           1.8392307362677724
-1.0452261306532655           1.8392307229425677
-0.9296482412060314           1.8392306474175646
-0.8140703517587937           1.8392306831667349
-0.698492462311556            1.8392300390409324
-0.5829145728643219           1.839228286652272
-0.46733668341708423          1.8392221117268996
-0.3517587939698501           1.8392007772771457
-0.23618090452261245          1.8391287145063384
-0.12060301507537828          1.8388923848232646
-0.005025125628140596         1.8381484963406922
0.11055276381909708           1.8359275189867692
0.22613065326633117           1.8297299228693242
0.34170854271356893           1.8138083219808037
0.457286432160803             1.7766145184273905
0.5728643216080407            1.6980624998573872
0.6884422110552748            1.5476308295307115
0.8040201005025125            1.2835810096050382
0.9195979899497502            0.8523554551751511
1.0351758793969843            0.18692594763562798
1.150753768844222             -0.7965559173794613
1.266331658291456             -2.2041149121660943
1.3819095477386938            -4.1717517422585635
1.4974874371859315            -6.875802495816188
1.6130653266331656            -10.545665391674044
1.7286432160804033            -15.4797589198392
1.8442211055276374            -22.066488955168886
1.959798994974875             -30.811883303892408
2.075376884422109             -42.375685484145144
2.190954773869347             -57.618390238176175
2.3065326633165846            -77.66256646135996
2.4221105527638187            -103.97284277200245
2.5376884422110564            -138.4602579299988
2.6532663316582905            -183.61841202690158
2.768844221105528             -244.4516327917754
