-20.0                         1.2482075671760922
-19.884422110552762           1.2482087072604375
-19.768844221105528           1.2482074214485377
-19.65326633165829            1.2482064008685996
-19.537688442211056           1.2482075605042386
-19.42211055276382            1.2482072532888187
-19.306532663316585           1.248207530471134
-19.190954773869347           1.248205940696491
-19.07537688442211            1.248207717850339
-18.959798994974875           1.2482073562919804
-18.844221105527637           1.2482086052556773
-18.728643216080403           1.2482071027583197
-18.613065326633166           1.2482075781200697
-18.49748743718593            1.2482072297468885
-18.381909547738694           1.2482097168514035
-18.266331658291456           1.2482071243380906
-18.150753768844222           1.2482071938164347
-18.035175879396984           1.2482075710489153
-17.91959798994975            1.248207133103059
-17.804020100502512           1.2482076810543716
-17.688442211055275           1.2482072181557433
-17.57286432160804            1.248206844567646
-17.457286432160803           1.2482069070944373
-17.34170854271357            1.2482069908374214
-17.22613065326633            1.2482069700133325
-17.110552763819094           1.2482068720703865
-16.99497487437186            1.248207358552933
-16.87939698492462            1.2482066195344723
-16.763819095477388           1.2482076176581034
-16.64824120603015            1.2482067890560797
-16.532663316582916           1.2482070815847184
-16.417085427135678           1.248206883714979
-16.301507537688444           1.2482062449430076
-16.185929648241206           1.2482068982307226
-16.07035175879397            1.2482071995967288
-15.954773869346734           1.2482057333057737
-15.839195979899497           1.2482068188864963
-15.72361809045226            1.2482069805251619
-15.608040201005025           1.2482078118211313
-15.492462311557789           1.2482068235619452
-15.376884422110553           1.2482069044403794
-15.261306532663315           1.2482068970506524
-15.145728643216081           1.2482068432348241
-15.030150753768844           1.2482076793042411
-14.914572864321608           1.2482065489137735
-14.798994974874372           1.2482058085243373
-14.683417085427136           1.2482068417120473
-14.5678391959799             1.2482067808999278
-14.452261306532662           1.2482067413689863
-14.336683417085428           1.2482066243425713
-14.22110552763819            1.2482072911874076
-14.105527638190955           1.24820657757356
-13.989949748743719           1.2482056338184138
-13.874371859296481           1.2482064078895057
-13.758793969849247           1.248207060996211
-13.64321608040201            1.2482065138081055
-13.527638190954773           1.248205754649293
-13.412060301507537           1.2482065714531396
-13.296482412060302           1.248206256167566
-13.180904522613066           1.2482067430094623
-13.065326633165828           1.2482062185128775
-12.949748743718594           1.2482065282647674
-12.834170854271356           1.2482060650973303
-12.71859296482412            1.2482067383208304
-12.603015075376884           1.2482060129527466
-12.487437185929648           1.2482065644303932
-12.371859296482413           1.248206292085906
-12.256281407035175           1.2482066462481494
-12.14070351758794            1.2482064206542802
-12.025125628140703           1.248206119063519
-11.909547738693467           1.2482062255399315
-11.793969849246231           1.2482061990247026
-11.678391959798995           1.2482064092148326
-11.56281407035176            1.2482063320881711
-11.447236180904522           1.2482067421426288
-11.331658291457286           1.2482063916654165
-11.21608040201005            1.2482063153852694
-11.100502512562814           1.248206583803061
-10.984924623115578           1.2482063813636872
-10.869346733668342           1.248206251630203
-10.753768844221106           1.2482055471113311
-10.638190954773869           1.2482064213744695
-10.522613065326633           1.248206150119382
-10.407035175879397           1.2482063850473342
-10.291457286432161           1.2482071688219385
-10.175879396984925           1.2482062146963793
-10.06030150753769            1.2482060798881232
-9.944723618090451            1.2482062435474786
-9.829145728643216            1.2482058059528298
-9.71356783919598             1.2482067428363037
-9.597989949748744            1.248206222658069
-9.482412060301508            1.2482061783159284
-9.366834170854272            1.2482062899116495
-9.251256281407034            1.248206184275865
-9.135678391959798            1.2482061055779423
-9.020100502512562            1.2482062806163148
-8.904522613065327            1.2482056885687496
-8.78894472361809             1.2482056192273228
-8.673366834170855            1.2482072645797895
-8.557788944723619            1.2482061585773898
-8.442211055276381            1.2482071992163573
-8.326633165829145            1.2482056498948182
-8.21105527638191             1.2482058037983728
-8.095477386934673            1.2482062278786554
-7.9798994974874375           1.248206079498276
-7.864321608040202            1.2482060383630358
-7.748743718592964            1.2482059547398885
-7.633165829145728            1.2482060971329287
-7.517587939698492            1.2482058210041826
-7.402010050251256            1.2482063656564846
-7.28643216080402             1.248206043177059
-7.170854271356784            1.2482059733452748
-7.055276381909547            1.248205708280516
-6.939698492462311            1.2482059718982377
-6.824120603015075            1.2482059851723328
-6.708542713567839            1.2482057982909438
-6.592964824120603            1.2482059680293778
-6.477386934673367            1.2482059716227318
-6.361809045226131            1.2482059612952674
-6.246231155778894            1.2482058388896942
-6.130653266331658            1.2482059170138948
-6.015075376884422            1.2482059115179556
-5.899497487437186            1.2482059704062687
-5.78391959798995             1.2482058640142935
-5.668341708542714            1.2482058937308638
-5.5527638190954764           1.2482057374026923
-5.4371859296482405           1.2482055880705971
-5.321608040201005            1.2482057188425029
-5.206030150753769            1.2482058240810514
-5.090452261306533            1.2482059359703732
-4.974874371859297            1.2482058017346558
-4.859296482412061            1.2482060273138875
-4.743718592964823            1.2482058279343082
-4.628140703517587            1.2482059431580361
-4.5125628140703515           1.2482057852940995
-4.396984924623116            1.2482057870665801
-4.28140703517588             1.248205811464256
-4.165829145728644            1.2482057932997157
-4.050251256281406            1.2482056720771173
-3.934673366834172            1.248205815634198
-3.8190954773869343           1.2482058361979835
-3.7035175879396967           1.2482057694619457
-3.5879396984924625           1.2482057902952102
-3.472361809045225            1.2482057753797762
-3.3567839195979907           1.248205791376602
-3.241206030150753            1.2482057491737468
-3.125628140703519            1.2482057268333855
-3.0100502512562812           1.2482057286222175
-2.8944723618090435           1.2482057855692035
-2.7788944723618094           1.2482056046335497
-2.6633165829145717           1.2482057267923776
-2.5477386934673376           1.248205716051892
-2.4321608040201              1.2482057087075864
-2.316582914572866            1.2482057147954126
-2.201005025125628            1.2482057273849851
-2.0854271356783904           1.248205714143466
-1.9698492462311563           1.2482056742624243
-1.8542713567839186           1.2482056126522691
-1.7386934673366845           1.24820563872178
-1.6231155778894468           1.2482055886348464
-1.5075376884422127           1.2482056641440986
-1.391959798994975            1.2482056132519075
-1.2763819095477373           1.2482055823986662
-1.1608040201005032           1.2482054477508466
-1.0452261306532655           1.24820501435346
-0.9296482412060314           1.2482037971760458
-0.8140703517587937           1.2482005122794315
-0.698492462311556            1.2481908279739118
-0.5829145728643219           1.2481642782116176
-0.46733668341708423          1.2480914196389914
-0.3517587939698501           1.2478948911607146
-0.23618090452261245          1.2473764624799526
-0.12060301507537828          1.2460481727134678
-0.005025125628140596         1.242771252774734
0.11055276381909708           1.2350626095043375
0.22613065326633117           1.2179428599784692
0.34170854271356893           1.1823479735683806
0.457286432160803             1.113387625886729
0.5728643216080407            0.988861608510231
0.6884422110552748            0.7781827534213724
0.8040201005025125            0.44136426425175324
0.9195979899497502            -0.07252078355906467
1.0351758793969843            -0.8278806281089431
1.150753768844222             -1.906433868796522
1.266331658291456             -3.4126974975455817
1.3819095477386938            -5.481681368030144
1.4974874371859315            -8.289016192158106
1.6130653266331656            -12.06353889960818
1.7286432160804033            -17.103243346949093
1.8442211055276374            -23.796244481631486
1.959798994974875             -32.64837721990897
2.075376884422109             -44.31925480393722
2.190954773869347             -59.66928156991704
2.3065326633165846            -79.82096225323215
2.4221105527638187            -106.23887913656489
2.5376884422110564            -140.83403705926028
2.6532663316582905            -186.10001101644048
2.768844221105528             -247.04050213850908
