-20.0                         0.3104581993465364
-19.884422110552762           0.31045865322546473
-19.768844221105528           0.31045814996462184
-19.65326633165829            0.31045756221885096
-19.537688442211056           0.31045812191900257
-19.42211055276382            0.310458191855337
-19.306532663316585           0.3104581782372822
-19.190954773869347           0.3104580211588618
-19.07537688442211            0.3104581070335984
-18.959798994974875           0.3104580365295089
-18.844221105527637           0.31045837529204795
-18.728643216080403           0.3104580396940965
-18.613065326633166           0.31045791444228255
-18.49748743718593            0.3104579682189869
-18.381909547738694           0.3104586231034337
-18.266331658291456           0.31045786777538253
-18.150753768844222           0.3104579327408477
-18.035175879396984           0.3104575110172485
-17.91959798994975            0.3104578524845571
-17.804020100502512           0.31045789999888296
-17.688442211055275           0.31045796353082683
-17.57286432160804            0.3104578478901229
-17.457286432160803           0.31045766157595717
-17.34170854271357            0.3104578131069786
-17.22613065326633            0.31045792678967504
-17.110552763819094           0.31045763832072015
-16.99497487437186            0.3104577197268661
-16.87939698492462            0.31045783102648816
-16.763819095477388           0.31045775756765204
-16.64824120603015            0.31045774412921157
-16.532663316582916           0.31045760696264396
-16.417085427135678           0.3104576743440358
-16.301507537688444           0.3104576304754423
-16.185929648241206           0.31045760204652745
-16.07035175879397            0.31045764488109895
-15.954773869346734           0.31045726504309257
-15.839195979899497           0.3104575288590753
-15.72361809045226            0.31045752738455656
-15.608040201005025           0.31045742174473645
-15.492462311557789           0.3104574514412654
-15.376884422110553           0.31045729763896407
-15.261306532663315           0.31045750032329916
-15.145728643216081           0.3104574209478893
-15.030150753768844           0.31045764143039006
-14.914572864321608           0.31045730525402027
-14.798994974874372           0.3104571172242129
-14.683417085427136           0.3104573769666421
-14.5678391959799             0.31045739364313685
-14.452261306532662           0.31045736360898135
-14.336683417085428           0.3104572997093455
-14.22110552763819            0.3104572073333313
-14.105527638190955           0.310457303616716
-13.989949748743719           0.31045684128047213
-13.874371859296481           0.31045719803681804
-13.758793969849247           0.31045773700353924
-13.64321608040201            0.3104572521760729
-13.527638190954773           0.3104571693430612
-13.412060301507537           0.31045722545999527
-13.296482412060302           0.31045740084187495
-13.180904522613066           0.3104571939757444
-13.065326633165828           0.3104568875810891
-12.949748743718594           0.3104572226533009
-12.834170854271356           0.31045689247928854
-12.71859296482412            0.31045726605234564
-12.603015075376884           0.31045684391582706
-12.487437185929648           0.31045714241246736
-12.371859296482413           0.3104571297490924
-12.256281407035175           0.31045714349784226
-12.14070351758794            0.31045704906234795
-12.025125628140703           0.31045721197323617
-11.909547738693467           0.3104569625784326
-11.793969849246231           0.31045693082394205
-11.678391959798995           0.31045701069856585
-11.56281407035176            0.3104569919211471
-11.447236180904522           0.31045708236015945
-11.331658291457286           0.31045701054485014
-11.21608040201005            0.310456972733426
-11.100502512562814           0.3104572724138204
-10.984924623115578           0.3104569810114957
-10.869346733668342           0.3104569044345902
-10.753768844221106           0.3104566371624951
-10.638190954773869           0.31045691939347697
-10.522613065326633           0.3104568897297773
-10.407035175879397           0.3104568941188049
-10.291457286432161           0.31045699678020133
-10.175879396984925           0.31045686455883276
-10.06030150753769            0.3104567937425841
-9.944723618090451            0.31045683367163174
-9.829145728643216            0.31045687411548206
-9.71356783919598             0.31045685974978565
-9.597989949748744            0.3104567950531191
-9.482412060301508            0.31045680100545325
-9.366834170854272            0.3104567840080955
-9.251256281407034            0.31045677518905457
-9.135678391959798            0.3104567726380088
-9.020100502512562            0.3104567851212159
-8.904522613065327            0.31045671511226275
-8.78894472361809             0.3104565868726467
-8.673366834170855            0.3104571842386752
-8.557788944723619            0.3104566921772129
-8.442211055276381            0.3104571456156828
-8.326633165829145            0.3104565829961075
-8.21105527638191             0.3104567372934456
-8.095477386934673            0.31045664917659743
-7.9798994974874375           0.3104566600326187
-7.864321608040202            0.3104566445532522
-7.748743718592964            0.31045662759962467
-7.633165829145728            0.310456635312538
-7.517587939698492            0.3104565909349488
-7.402010050251256            0.3104566413489587
-7.28643216080402             0.3104566273266418
-7.170854271356784            0.3104566009312559
-7.055276381909547            0.31045647457855496
-6.939698492462311            0.31045657078929856
-6.824120603015075            0.31045657735449567
-6.708542713567839            0.31045658947123794
-6.592964824120603            0.3104565328382188
-6.477386934673367            0.3104564601962233
-6.361809045226131            0.31045652447203137
-6.246231155778894            0.3104564669623048
-6.130653266331658            0.31045652465656615
-6.015075376884422            0.3104565210672126
-5.899497487437186            0.3104565302662628
-5.78391959798995             0.31045650288071697
-5.668341708542714            0.3104564995477425
-5.5527638190954764           0.31045646002929417
-5.4371859296482405           0.31045637799108156
-5.321608040201005            0.31045646449344205
-5.206030150753769            0.31045644719419674
-5.090452261306533            0.31045643747537305
-4.974874371859297            0.3104564974017268
-4.859296482412061            0.3104565507048231
-4.743718592964823            0.31045643353611846
-4.628140703517587            0.31045646516170194
-4.5125628140703515           0.31045639725731483
-4.396984924623116            0.3104563908847282
-4.28140703517588             0.31045638476867116
-4.165829145728644            0.31045635916791214
-4.050251256281406            0.3104563493251357
-3.934673366834172            0.31045630010788156
-3.8190954773869343           0.31045624819577844
-3.7035175879396967           0.31045615209734284
-3.5879396984924625           0.31045602950505063
-3.472361809045225            0.3104558386162734
-3.3567839195979907           0.310455563145535
-3.241206030150753            0.3104551166806985
-3.125628140703519            0.3104544411994951
-3.0100502512562812           0.310453414286468
-2.8944723618090435           0.3104518007434963
-2.7788944723618094           0.3104493222267114
-2.6633165829145717           0.31044557397903755
-2.5477386934673376           0.3104397935428785
-2.4321608040201              0.3104308505495163
-2.316582914572866            0.3104170824571482
-2.201005025125628            0.31039589396198214
-2.0854271356783904           0.31036329044641203
-1.9698492462311563           0.3103131437917359
-1.8542713567839186           0.31023609355740506
-1.7386934673366845           0.31011783906928336
-1.6231155778894468           0.30993641183290355
-1.5075376884422127           0.3096585526023126
-1.391959798994975            0.30923345898122634
-1.2763819095477373           0.3085842845657166
-1.1608040201005032           0.30759497810206604
-1.0452261306532655           0.3060909674188016
-0.9296482412060314           0.3038111016302205
-0.8140703517587937           0.30036686677401186
-0.698492462311556            0.2951841352150785
-0.5829145728643219           0.28742161042601877
-0.46733668341708423          0.2758567129857511
-0.3517587939698501           0.25873097987791077
-0.23618090452261245          0.23354274143012366
-0.12060301507537828          0.19677502737427224
-0.005025125628140596         0.1435445229676347
0.11055276381909708           0.06715577378179453
0.22613065326633117           -0.04145979399405845
0.34170854271356893           -0.19444660520991008
0.457286432160803             -0.4079092256386204
0.5728643216080407            -0.7030339756843202
0.6884422110552748            -1.1075260937337843
0.8040201005025125            -1.6574655298165377
0.9195979899497502            -2.399711961893822
1.0351758793969843            -3.3950351200130315
1.150753768844222             -4.722240802154883
1.266331658291456             -6.483734399630944
1.3819095477386938            -8.813042628378241
1.4974874371859315            -11.884621267693053
1.6130653266331656            -15.926289747215467
1.7286432160804033            -21.235227514565526
1.8442211055276374            -28.19896199965774
1.959798994974875             -37.32291907576383
2.075376884422109             -49.26642420727568
2.190954773869347             -64.88967551232773
2.3065326633165846            -85.31502767817805
2.4221105527638187            -112.00695250542874
2.5376884422110564            -146.8763727310378
2.6532663316582905            -192.41680189686406
2.768844221105528             -253.63035138474024
