-20.0                         0.6725276398112257
-19.884422110552762           0.6725284142369587
-19.768844221105528           0.6725275518647447
-19.65326633165829            0.6725266498853757
-19.537688442211056           0.6725275149702518
-19.42211055276382            0.672527483779795
-19.306532663316585           0.6725277047935013
-19.190954773869347           0.6725267288084402
-19.07537688442211            0.6725276407397522
-18.959798994974875           0.6725274060543044
-18.844221105527637           0.6725284355007364
-18.728643216080403           0.6725274224010939
-18.613065326633166           0.672527412202333
-18.49748743718593            0.6725273690292284
-18.381909547738694           0.6725290188798869
-18.266331658291456           0.6725272151349775
-18.150753768844222           0.6725272962484373
-18.035175879396984           0.6725270652152419
-17.91959798994975            0.6725272549984086
-17.804020100502512           0.6725275172737029
-17.688442211055275           0.6725275120911194
-17.57286432160804            0.6725270644415993
-17.457286432160803           0.6725269923622678
-17.34170854271357            0.6725272374765597
-17.22613065326633            0.6725273849017332
-17.110552763819094           0.6725269424066417
-16.99497487437186            0.6725272410512435
-16.87939698492462            0.672527125981981
-16.763819095477388           0.6725273868989928
-16.64824120603015            0.6725270982852884
-16.532663316582916           0.6725269176563226
-16.417085427135678           0.6725270092869909
-16.301507537688444           0.6725266807687756
-16.185929648241206           0.6725270015595076
-16.07035175879397            0.6725271464961524
-15.954773869346734           0.6725262160143896
-15.839195979899497           0.6725268954283888
-15.72361809045226            0.67252693440139
-15.608040201005025           0.6725271831514412
-15.492462311557789           0.6725268493093967
-15.376884422110553           0.6725266213730597
-15.261306532663315           0.672526946539857
-15.145728643216081           0.6725268322384255
-15.030150753768844           0.6725275062274855
-14.914572864321608           0.672526637631537
-14.798994974874372           0.672526103317342
-14.683417085427136           0.672526818805246
-14.5678391959799             0.6725267689337081
-14.452261306532662           0.6725267315913411
-14.336683417085428           0.6725266783639652
-14.22110552763819            0.6725268151489006
-14.105527638190955           0.6725266444398322
-13.989949748743719           0.6725259271802371
-13.874371859296481           0.6725265183240782
-13.758793969849247           0.672527230004867
-13.64321608040201            0.6725266019889324
-13.527638190954773           0.6725261776248266
-13.412060301507537           0.67252660565378
-13.296482412060302           0.6725266730871097
-13.180904522613066           0.6725266555147854
-13.065326633165828           0.6725261686288366
-12.949748743718594           0.6725266286735228
-12.834170854271356           0.6725261738415421
-12.71859296482412            0.6725267522925212
-12.603015075376884           0.6725260574584292
-12.487437185929648           0.6725265957490301
-12.371859296482413           0.6725264836965565
-12.256281407035175           0.672526626476186
-12.14070351758794            0.6725264485236283
-12.025125628140703           0.6725264854221458
-11.909547738693467           0.672526308064354
-11.793969849246231           0.672526181275065
-11.678391959798995           0.6725264123011608
-11.56281407035176            0.6725263771118365
-11.447236180904522           0.6725266240833343
-11.331658291457286           0.6725264350800754
-11.21608040201005            0.6725263661990872
-11.100502512562814           0.6725267217881058
-10.984924623115578           0.6725264173951478
-10.869346733668342           0.6725262922798818
-10.753768844221106           0.6725257972914851
-10.638190954773869           0.6725263688673045
-10.522613065326633           0.6725262381524634
-10.407035175879397           0.6725263702976525
-10.291457286432161           0.6725267820493509
-10.175879396984925           0.6725262691015137
-10.06030150753769            0.6725261532001114
-9.944723618090451            0.672526243244989
-9.829145728643216            0.6725260981013179
-9.71356783919598             0.6725265282959131
-9.597989949748744            0.6725262120275914
-9.482412060301508            0.6725262004482147
-9.366834170854272            0.6725262497511146
-9.251256281407034            0.6725261963553337
-9.135678391959798            0.6725261693065726
-9.020100502512562            0.6725262998771838
-8.904522613065327            0.6725259252988811
-8.78894472361809             0.6725258188750544
-8.673366834170855            0.672526959325407
-8.557788944723619            0.6725261364816568
-8.442211055276381            0.6725269067063073
-8.326633165829145            0.6725258349787006
-8.21105527638191             0.6725260305688943
-8.095477386934673            0.6725261156762772
-7.9798994974874375           0.6725260901532119
-7.864321608040202            0.6725260550372668
-7.748743718592964            0.6725260108984584
-7.633165829145728            0.6725260782790141
-7.517587939698492            0.6725258968887162
-7.402010050251256            0.6725262277355691
-7.28643216080402             0.6725260610888629
-7.170854271356784            0.6725260069682819
-7.055276381909547            0.6725257782010395
-6.939698492462311            0.6725259821839029
-6.824120603015075            0.6725260044717719
-6.708542713567839            0.6725259239726336
-6.592964824120603            0.6725259591326519
-6.477386934673367            0.6725258954767682
-6.361809045226131            0.6725259456397749
-6.246231155778894            0.6725258648667142
-6.130653266331658            0.6725259497219196
-6.015075376884422            0.6725259549023082
-5.899497487437186            0.6725260026723409
-5.78391959798995             0.672525910437757
-5.668341708542714            0.6725259166052502
-5.5527638190954764           0.6725258027220291
-5.4371859296482405           0.672525698589142
-5.321608040201005            0.6725258123298062
-5.206030150753769            0.672525837412482
-5.090452261306533            0.6725258816289481
-4.974874371859297            0.6725259060012173
-4.859296482412061            0.6725260404421274
-4.743718592964823            0.6725258619907964
-4.628140703517587            0.6725259281639587
-4.5125628140703515           0.6725258013020321
-4.396984924623116            0.6725258204692459
-4.28140703517588             0.6725258356691663
-4.165829145728644            0.6725258138584277
-4.050251256281406            0.6725257737449212
-3.934673366834172            0.6725258242703928
-3.8190954773869343           0.672525831742585
-3.7035175879396967           0.6725257876581349
-3.5879396984924625           0.6725257905451668
-3.472361809045225            0.6725257791989495
-3.3567839195979907           0.6725257955600623
-3.241206030150753            0.6725257519647294
-3.125628140703519            0.6725257504045135
-3.0100502512562812           0.67252575478632
-2.8944723618090435           0.6725257506286405
-2.7788944723618094           0.6725256542953724
-2.6633165829145717           0.6725257128018678
-2.5477386934673376           0.6725257292464272
-2.4321608040201              0.6725257214814615
-2.316582914572866            0.6725257145138096
-2.201005025125628            0.6725257096885133
-2.0854271356783904           0.6725256716362256
-1.9698492462311563           0.6725255739852494
-1.8542713567839186           0.6725253877458509
-1.7386934673366845           0.6725251063047335
-1.6231155778894468           0.6725244228915468
-1.5075376884422127           0.6725231011375006
-1.391959798994975            0.6725201590170726
-1.2763819095477373           0.6725139255678441
-1.1608040201005032           0.6725007277591398
-1.0452261306532655           0.6724728388750674
-0.9296482412060314           0.6724142460954264
-0.8140703517587937           0.6722918118176758
-0.698492462311556            0.6720374556506983
-0.5829145728643219           0.6715145659230022
-0.46733668341708423          0.670451849486455
-0.3517587939698501           0.6683244060116481
-0.23618090452261245          0.6641458623786949
-0.12060301507537828          0.6561297183089999
-0.005025125628140596         0.6411805487976848
0.11055276381909708           0.6142008225161019
0.22613065326633117           0.5672437776255587
0.34170854271356893           0.48858096230067616
0.457286432160803             0.361739534295141
0.5728643216080407            0.16448570996910347
0.6884422110552748            -0.1323764103452679
0.8040201005025125            -0.5665922885720561
0.9195979899497502            -1.186641807033322
1.0351758793969843            -2.054725348303279
1.150753768844222             -3.2508053318791745
1.266331658291456             -4.87814219698793
1.3819095477386938            -7.070886085758418
1.4974874371859315            -10.004012958618873
1.6130653266331656            -13.905809872694176
1.7286432160804033            -19.073839600525698
1.8442211055276374            -25.895911923716245
1.959798994974875             -34.87765303989835
2.075376884422109             -46.678531524207855
2.190954773869347             -62.1588492636967
2.3065326633165846            -82.44103713552698
2.4221105527638187            -108.98962342998449
2.5376884422110564            -143.71557308698635
2.6532663316582905            -189.11243136633203
2.768844221105528             -250.18314032946387
