-20.0                         1.1175492472788842
-19.884422110552762           1.1175502992961452
-19.768844221105528           1.1175491124450456
-19.65326633165829            1.1175480982355692
-19.537688442211056           1.1175491892773
-19.42211055276382            1.1175489542725403
-19.306532663316585           1.1175492479047484
-19.190954773869347           1.1175477471412756
-19.07537688442211            1.1175493579980453
-18.959798994974875           1.117549016082031
-18.844221105527637           1.1175502697347681
-18.728643216080403           1.1175488389095543
-18.613065326633166           1.1175491881856974
-18.49748743718593            1.1175489211516494
-18.381909547738694           1.1175512527620772
-18.266331658291456           1.1175487943608957
-18.150753768844222           1.117548867166445
-18.035175879396984           1.1175490918510431
-17.91959798994975            1.1175488205824795
-17.804020100502512           1.1175493067469495
-17.688442211055275           1.1175489655685331
-17.57286432160804            1.1175485223706514
-17.457286432160803           1.1175485749934055
-17.34170854271357            1.1175487121640677
-17.22613065326633            1.1175487375560287
-17.110552763819094           1.1175485331291917
-16.99497487437186            1.117548995477126
-16.87939698492462            1.117548393462169
-16.763819095477388           1.117549221604078
-16.64824120603015            1.117548513080092
-16.532663316582916           1.1175486683504772
-16.417085427135678           1.1175485620887866
-16.301507537688444           1.1175479729288402
-16.185929648241206           1.1175485727580814
-16.07035175879397            1.117548845998445
-15.954773869346734           1.1175474840814805
-15.839195979899497           1.1175484864913168
-15.72361809045226            1.1175486121553637
-15.608040201005025           1.117549325222594
-15.492462311557789           1.117548479528352
-15.376884422110553           1.1175484667478888
-15.261306532663315           1.1175485627793462
-15.145728643216081           1.1175484911091544
-15.030150753768844           1.117549325356949
-14.914572864321608           1.1175482178200589
-14.798994974874372           1.1175475070619771
-14.683417085427136           1.1175484876809643
-14.5678391959799             1.117548418481138
-14.452261306532662           1.1175483784124782
-14.336683417085428           1.1175482861746169
-14.22110552763819            1.1175488308818395
-14.105527638190955           1.117548237852217
-13.989949748743719           1.1175473427795128
-13.874371859296481           1.117548081801246
-13.758793969849247           1.1175487581754981
-13.64321608040201            1.1175481805460998
-13.527638190954773           1.1175474871955433
-13.412060301507537           1.1175482262985368
-13.296482412060302           1.117548004303436
-13.180904522613066           1.1175483741108303
-13.065326633165828           1.1175478449893868
-12.949748743718594           1.117548204143756
-12.834170854271356           1.1175477364042092
-12.71859296482412            1.1175483964754307
-12.603015075376884           1.1175476604177146
-12.487437185929648           1.1175482268575263
-12.371859296482413           1.1175479845842373
-12.256281407035175           1.1175483002206288
-12.14070351758794            1.1175480764047387
-12.025125628140703           1.117547854102749
-11.909547738693467           1.1175478935492664
-11.793969849246231           1.117547826033223
-11.678391959798995           1.1175480583219957
-11.56281407035176            1.1175479923239058
-11.447236180904522           1.117548368195914
-11.331658291457286           1.1175480538355924
-11.21608040201005            1.1175479768136884
-11.100502512562814           1.1175482708341447
-10.984924623115578           1.1175480423845316
-10.869346733668342           1.1175479104160946
-10.753768844221106           1.1175472488023777
-10.638190954773869           1.1175480598610594
-10.522613065326633           1.1175478187102912
-10.407035175879397           1.1175480415011194
-10.291457286432161           1.1175487423545944
-10.175879396984925           1.1175478783708717
-10.06030150753769            1.1175477462474732
-9.944723618090451            1.1175478906918415
-9.829145728643216            1.117547518484225
-9.71356783919598             1.1175483598497742
-9.597989949748744            1.117547869719763
-9.482412060301508            1.1175478321122128
-9.366834170854272            1.1175479341015582
-9.251256281407034            1.1175478373096261
-9.135678391959798            1.1175477687816084
-9.020100502512562            1.1175479486331643
-8.904522613065327            1.1175473863166459
-8.78894472361809             1.1175473115739192
-8.673366834170855            1.1175488542520806
-8.557788944723619            1.1175478045316658
-8.442211055276381            1.1175487914728803
-8.326633165829145            1.1175473395012099
-8.21105527638191             1.1175475040964509
-8.095477386934673            1.117547853874552
-7.9798994974874375           1.1175477354198
-7.864321608040202            1.117547692673725
-7.748743718592964            1.117547617893973
-7.633165829145728            1.117547744351772
-7.517587939698492            1.117547479820032
-7.402010050251256            1.1175479952533796
-7.28643216080402             1.1175476995245892
-7.170854271356784            1.1175476314975148
-7.055276381909547            1.1175473691916735
-6.939698492462311            1.1175476241047406
-6.824120603015075            1.117547641299697
-6.708542713567839            1.117547476656077
-6.592964824120603            1.1175476162937208
-6.477386934673367            1.1175476020448927
-6.361809045226131            1.1175476071822188
-6.246231155778894            1.1175474949456268
-6.130653266331658            1.1175475770435344
-6.015075376884422            1.117547576715725
-5.899497487437186            1.1175476361088077
-5.78391959798995             1.1175475255348604
-5.668341708542714            1.1175475498615128
-5.5527638190954764           1.1175473972551093
-5.4371859296482405           1.1175472620020495
-5.321608040201005            1.1175473866000063
-5.206030150753769            1.117547473407835
-5.090452261306533            1.1175475744206123
-4.974874371859297            1.1175474784562338
-4.859296482412061            1.1175476853205337
-4.743718592964823            1.1175474881276917
-4.628140703517587            1.117547591674922
-4.5125628140703515           1.1175474360333366
-4.396984924623116            1.1175474456111654
-4.28140703517588             1.1175474689318616
-4.165829145728644            1.1175474483204504
-4.050251256281406            1.1175473451337252
-3.934673366834172            1.1175474695803418
-3.8190954773869343           1.1175474871132343
-3.7035175879396967           1.1175474248462434
-3.5879396984924625           1.117547441394727
-3.472361809045225            1.1175474271883359
-3.3567839195979907           1.1175474454027843
-3.241206030150753            1.1175473979307515
-3.125628140703519            1.117547383096964
-3.0100502512562812           1.1175473858650888
-2.8944723618090435           1.1175474278628015
-2.7788944723618094           1.1175472661428658
-2.6633165829145717           1.1175473737453034
-2.5477386934673376           1.1175473706975798
-2.4321608040201              1.1175473643161968
-2.316582914572866            1.1175473686328545
-2.201005025125628            1.1175473818597879
-2.0854271356783904           1.1175473693867022
-1.9698492462311563           1.117547329930346
-1.8542713567839186           1.1175472703260376
-1.7386934673366845           1.1175472928893573
-1.6231155778894468           1.1175472414516954
-1.5075376884422127           1.1175472988296933
-1.391959798994975            1.1175472194358471
-1.2763819095477373           1.1175470947781525
-1.1608040201005032           1.117546726680367
-1.0452261306532655           1.1175456944380635
-0.9296482412060314           1.1175429552358
-0.8140703517587937           1.1175357991134751
-0.698492462311556            1.1175165016643003
-0.5829145728643219           1.1174663825786775
-0.46733668341708423          1.117337006782482
-0.3517587939698501           1.1170086411299798
-0.23618090452261245          1.116193344506781
-0.12060301507537828          1.114226049699847
-0.005025125628140596         1.1096496033439573
0.11055276381909708           1.0994761251474103
0.22613065326633117           1.078049229076435
0.34170854271356893           1.035581232791558
0.457286432160803             0.9566307544779424
0.5728643216080407            0.8188103964798845
0.6884422110552748            0.5917435317545998
0.8040201005025125            0.23592444228346438
0.9195979899497502            -0.2990016967909636
1.0351758793969843            -1.0769136439293858
1.150753768844222             -2.1791077716050626
1.266331658291456             -3.709801138612425
1.3819095477386938            -5.80380215628747
1.4974874371859315            -8.636592554814442
1.6130653266331656            -12.436887007700232
1.7286432160804033            -17.502584991952222
1.8442211055276374            -24.221735579311336
1.959798994974875             -33.10012922790448
2.075376884422109             -44.797348706882424
2.190954773869347             -60.17377696062727
2.3065326633165846            -80.3519034073505
2.4221105527638187            -106.79629919151893
2.5376884422110564            -141.41796095518563
2.6532663316582905            -186.71045760371237
2.768844221105528             -247.67733630936337
