-20.0                         0.6150911493466077
-19.884422110552762           0.6150918873628235
-19.768844221105528           0.6150910677381858
-19.65326633165829            0.6150901941212181
-19.537688442211056           0.6150910272671378
-19.42211055276382            0.6150910172661262
-19.306532663316585           0.615091212178461
-19.190954773869347           0.6150903347379418
-19.07537688442211            0.6150911381050694
-18.959798994974875           0.6150909230487013
-18.844221105527637           0.6150918875402341
-18.728643216080403           0.6150909514039086
-18.613065326633166           0.6150909080453081
-18.49748743718593            0.6150908861752199
-18.381909547738694           0.6150924237710328
-18.266331658291456           0.6150907351714994
-18.150753768844222           0.6150908166482297
-18.035175879396984           0.6150905374970589
-17.91959798994975            0.6150907708740497
-17.804020100502512           0.6150910028773655
-17.688442211055275           0.6150910264241523
-17.57286432160804            0.6150906078871904
-17.457286432160803           0.615090512944882
-17.34170854271357            0.6150907589362052
-17.22613065326633            0.6150909148050715
-17.110552763819094           0.6150904642400671
-16.99497487437186            0.6150907340930181
-16.87939698492462            0.6150906750193763
-16.763819095477388           0.6150908699277898
-16.64824120603015            0.6150906318769154
-16.532663316582916           0.6150904314545897
-16.417085427135678           0.6150905325303906
-16.301507537688444           0.6150902466184485
-16.185929648241206           0.6150905192688556
-16.07035175879397            0.6150906467693453
-15.954773869346734           0.6150897831222337
-15.839195979899497           0.6150904134444735
-15.72361809045226            0.6150904450167362
-15.608040201005025           0.6150906312681985
-15.492462311557789           0.6150903624364548
-15.376884422110553           0.615090123811545
-15.261306532663315           0.6150904575180103
-15.145728643216081           0.6150903422261947
-15.030150753768844           0.6150909725671829
-14.914572864321608           0.6150901583523082
-14.798994974874372           0.615089658959637
-14.683417085427136           0.6150903261575051
-14.5678391959799             0.6150902846521027
-14.452261306532662           0.6150902480085211
-14.336683417085428           0.6150901944700228
-14.22110552763819            0.6150902838011514
-14.105527638190955           0.6150901650172045
-13.989949748743719           0.6150894744161424
-13.874371859296481           0.6150900411356993
-13.758793969849247           0.6150907481314207
-13.64321608040201            0.6150901231068517
-13.527638190954773           0.6150897408926681
-13.412060301507537           0.6150901215250596
-13.296482412060302           0.615090219612388
-13.180904522613066           0.6150901577809195
-13.065326633165828           0.615089684708201
-12.949748743718594           0.6150901461020633
-12.834170854271356           0.6150896985881863
-12.71859296482412            0.6150902596347242
-12.603015075376884           0.6150895833725328
-12.487437185929648           0.6150901050587544
-12.371859296482413           0.6150900108805024
-12.256281407035175           0.6150901299904942
-12.14070351758794            0.6150899620531662
-12.025125628140703           0.6150900286932646
-11.909547738693467           0.6150898276855485
-11.793969849246231           0.6150897045936597
-11.678391959798995           0.6150899245500308
-11.56281407035176            0.6150898922341906
-11.447236180904522           0.6150901202028732
-11.331658291457286           0.6150899477992842
-11.21608040201005            0.6150898814616202
-11.100502512562814           0.6150902400899431
-10.984924623115578           0.615089928906732
-10.869346733668342           0.6150898071849787
-10.753768844221106           0.615089337791758
-10.638190954773869           0.6150898745589953
-10.522613065326633           0.615089758551701
-10.407035175879397           0.6150898737346351
-10.291457286432161           0.6150902456114637
-10.175879396984925           0.6150897835838277
-10.06030150753769            0.6150896714806273
-9.944723618090451            0.6150897551892907
-9.829145728643216            0.6150896397661485
-9.71356783919598             0.6150900069740874
-9.597989949748744            0.6150897222495623
-9.482412060301508            0.6150897140387721
-9.366834170854272            0.6150897541759763
-9.251256281407034            0.6150897075839401
-9.135678391959798            0.6150896857572172
-9.020100502512562            0.6150898024932183
-8.904522613065327            0.6150894639837057
-8.78894472361809             0.6150893522865598
-8.673366834170855            0.6150904308759633
-8.557788944723619            0.6150896440170073
-8.442211055276381            0.6150903798286173
-8.326633165829145            0.6150893663907646
-8.21105527638191             0.6150895636328831
-8.095477386934673            0.6150896157345743
-7.9798994974874375           0.6150895997926075
-7.864321608040202            0.6150895670139352
-7.748743718592964            0.6150895268048262
-7.633165829145728            0.6150895860299727
-7.517587939698492            0.6150894208865809
-7.402010050251256            0.6150897172123174
-7.28643216080402             0.6150895715597081
-7.170854271356784            0.6150895203856245
-7.055276381909547            0.6150893000421529
-6.939698492462311            0.6150894939320138
-6.824120603015075            0.6150895154977056
-6.708542713567839            0.6150894472493487
-6.592964824120603            0.6150894685815763
-6.477386934673367            0.6150894004088217
-6.361809045226131            0.6150894551745096
-6.246231155778894            0.6150893779952672
-6.130653266331658            0.6150894614065081
-6.015075376884422            0.6150894658620691
-5.899497487437186            0.6150895100848166
-5.78391959798995             0.6150894245172617
-5.668341708542714            0.6150894286481793
-5.5527638190954764           0.6150893231310502
-5.4371859296482405           0.6150892214056867
-5.321608040201005            0.6150893340637154
-5.206030150753769            0.6150893516707424
-5.090452261306533            0.6150893870726883
-4.974874371859297            0.61508942373807
-4.859296482412061            0.6150895476667119
-4.743718592964823            0.6150893738143407
-4.628140703517587            0.6150894355196028
-4.5125628140703515           0.6150893152589039
-4.396984924623116            0.6150893332215531
-4.28140703517588             0.6150893469064294
-4.165829145728644            0.6150893258998847
-4.050251256281406            0.615089294066715
-3.934673366834172            0.6150893341605376
-3.8190954773869343           0.615089340321341
-3.7035175879396967           0.6150892990979248
-3.5879396984924625           0.6150893004712387
-3.472361809045225            0.6150892894531924
-3.3567839195979907           0.6150893045923066
-3.241206030150753            0.6150892640066079
-3.125628140703519            0.6150892624171088
-3.0100502512562812           0.6150892665604722
-2.8944723618090435           0.6150892570466083
-2.7788944723618094           0.6150891687634876
-2.6633165829145717           0.6150892199213835
-2.5477386934673376           0.6150892358962717
-2.4321608040201              0.6150892233892317
-2.316582914572866            0.6150892062222953
-2.201005025125628            0.6150891807081659
-2.0854271356783904           0.6150891041636304
-1.9698492462311563           0.6150889294392522
-1.8542713567839186           0.6150885887358586
-1.7386934673366845           0.6150879943618845
-1.6231155778894468           0.6150866923455319
-1.5075376884422127           0.6150841459295234
-1.391959798994975            0.6150788079359575
-1.2763819095477373           0.6150678923511574
-1.1608040201005032           0.6150456242244057
-1.0452261306532655           0.6150003053798185
-0.9296482412060314           0.6149085507448446
-0.8140703517587937           0.6147237776793218
-0.698492462311556            0.6143539956649062
-0.5829145728643219           0.613621227203991
-0.46733668341708423          0.6121854033074099
-0.3517587939698501           0.609412752667804
-0.23618090452261245          0.6041552838415293
-0.12060301507537828          0.5944057060749585
-0.005025125628140596         0.5767977742861811
0.11055276381909708           0.5459458238795311
0.22613065326633117           0.49365193900585846
0.34170854271356893           0.40803186634509375
0.457286432160803             0.27258843020361473
0.5728643216080407            0.06519193987533166
0.6884422110552748            -0.24315810631949078
0.8040201005025125            -0.6899705229768429
0.9195979899497502            -1.3234900113715653
1.0351758793969843            -2.205710111281311
1.150753768844222             -3.416428197825994
1.266331658291456             -5.058784776041753
1.3819095477386938            -7.26684516628846
1.4974874371859315            -10.215517489488155
1.6130653266331656            -14.133029691520372
1.7286432160804033            -19.316897075592504
1.8442211055276374            -26.154895088910084
1.959798994974875             -35.152625973415034
2.075376884422109             -46.96954142536289
2.190954773869347             -62.46593122498263
2.3065326633165846            -82.76421743481897
2.4221105527638187            -109.32892185221289
2.5376884422110564            -144.07100459067365
2.6532663316582905            -189.48400729678613
2.768844221105528             -250.57077852041863
