-20.0                         0.323753635994524
-19.884422110552762           0.32375411555828315
-19.768844221105528           0.32375358495677636
-19.65326633165829            0.3237529695877708
-19.537688442211056           0.3237535556360865
-19.42211055276382            0.32375362479150194
-19.306532663316585           0.32375362392298856
-19.190954773869347           0.3237534187776881
-19.07537688442211            0.32375355015503204
-18.959798994974875           0.32375346958709866
-18.844221105527637           0.32375386078797547
-18.728643216080403           0.32375347923639325
-18.613065326633166           0.323753351653143
-18.49748743718593            0.32375340404308395
-18.381909547738694           0.3237541307367945
-18.266331658291456           0.3237532987812048
-18.150753768844222           0.32375336695638884
-18.035175879396984           0.32375294028236573
-17.91959798994975            0.3237532877661138
-17.804020100502512           0.3237533468835764
-17.688442211055275           0.3237534162641959
-17.57286432160804            0.32375327761008826
-17.457286432160803           0.32375309036535443
-17.34170854271357            0.32375325384857323
-17.22613065326633            0.3237533775090996
-17.110552763819094           0.323753064446835
-16.99497487437186            0.32375315822391254
-16.87939698492462            0.3237532722869233
-16.763819095477388           0.32375320560167303
-16.64824120603015            0.3237531838927137
-16.532663316582916           0.3237530325943018
-16.417085427135678           0.3237531062143007
-16.301507537688444           0.3237530512370766
-16.185929648241206           0.3237530384977474
-16.07035175879397            0.32375308543793757
-15.954773869346734           0.3237526684147863
-15.839195979899497           0.3237529614650878
-15.72361809045226            0.32375296191864567
-15.608040201005025           0.3237528653853432
-15.492462311557789           0.3237528853982901
-15.376884422110553           0.3237527162826219
-15.261306532663315           0.32375293933807364
-15.145728643216081           0.32375285500413653
-15.030150753768844           0.3237531094296403
-14.914572864321608           0.3237527344207064
-14.798994974874372           0.3237525196303632
-14.683417085427136           0.3237528135276349
-14.5678391959799             0.323752827729956
-14.452261306532662           0.3237527969726783
-14.336683417085428           0.32375273280329814
-14.22110552763819            0.3237526428685457
-14.105527638190955           0.32375273505423907
-13.989949748743719           0.3237522507844996
-13.874371859296481           0.32375262690642814
-13.758793969849247           0.32375319039883427
-13.64321608040201            0.32375268501302445
-13.527638190954773           0.32375258124183115
-13.412060301507537           0.32375265934981134
-13.296482412060302           0.32375283956184026
-13.180904522613066           0.32375263056847237
-13.065326633165828           0.3237523060571305
-12.949748743718594           0.3237526608353698
-12.834170854271356           0.3237523163960221
-12.71859296482412            0.3237527095546473
-12.603015075376884           0.32375225915477857
-12.487437185929648           0.3237525815760588
-12.371859296482413           0.3237525662209683
-12.256281407035175           0.32375258350641073
-12.14070351758794            0.32375248367324533
-12.025125628140703           0.32375264873479725
-11.909547738693467           0.32375239304806214
-11.793969849246231           0.3237523522761197
-11.678391959798995           0.3237524451485672
-11.56281407035176            0.3237524255039925
-11.447236180904522           0.32375252661953796
-11.331658291457286           0.3237524482648134
-11.21608040201005            0.32375240770807445
-11.100502512562814           0.32375271896027313
-10.984924623115578           0.3237524196256995
-10.869346733668342           0.32375233825253885
-10.753768844221106           0.3237520536380463
-10.638190954773869           0.32375235662758395
-10.522613065326633           0.3237523217318512
-10.407035175879397           0.3237523326328058
-10.291457286432161           0.3237524545748169
-10.175879396984925           0.3237523003905005
-10.06030150753769            0.32375222546531407
-9.944723618090451            0.3237522690067135
-9.829145728643216            0.32375230276850425
-9.71356783919598             0.3237523091620436
-9.597989949748744            0.32375223033199446
-9.482412060301508            0.3237522361024884
-9.366834170854272            0.32375222204980303
-9.251256281407034            0.32375221151952716
-9.135678391959798            0.323752208755521
-9.020100502512562            0.3237522278416084
-8.904522613065327            0.3237521395616599
-8.78894472361809             0.32375200965064577
-8.673366834170855            0.323752647645192
-8.557788944723619            0.3237521293752822
-8.442211055276381            0.3237526079523242
-8.326633165829145            0.32375200751106065
-8.21105527638191             0.32375217007209023
-8.095477386934673            0.3237520850380658
-7.9798994974874375           0.3237520964858553
-7.864321608040202            0.3237520798819176
-7.748743718592964            0.32375206140125035
-7.633165829145728            0.3237520725648506
-7.517587939698492            0.32375201991520997
-7.402010050251256            0.32375208639141906
-7.28643216080402             0.3237520649690343
-7.170854271356784            0.32375203660064095
-7.055276381909547            0.3237519006420637
-6.939698492462311            0.3237520061570753
-6.824120603015075            0.3237520143465092
-6.708542713567839            0.32375202129978253
-6.592964824120603            0.32375196867364575
-6.477386934673367            0.3237518942348642
-6.361809045226131            0.3237519598177357
-6.246231155778894            0.32375190093276757
-6.130653266331658            0.32375196162201475
-6.015075376884422            0.32375195852347133
-5.899497487437186            0.32375197064622896
-5.78391959798995             0.32375193913338884
-5.668341708542714            0.32375193597674473
-5.5527638190954764           0.3237518917327342
-5.4371859296482405           0.32375180709477047
-5.321608040201005            0.3237518978504344
-5.206030150753769            0.3237518819606206
-5.090452261306533            0.3237518742159447
-4.974874371859297            0.3237519372266245
-4.859296482412061            0.3237519961442609
-4.743718592964823            0.32375187339559625
-4.628140703517587            0.32375190870280146
-4.5125628140703515           0.3237518386529267
-4.396984924623116            0.3237518373847058
-4.28140703517588             0.32375183753946074
-4.165829145728644            0.32375181953133725
-4.050251256281406            0.3237518205356496
-3.934673366834172            0.32375179304105073
-3.8190954773869343           0.3237517706581554
-3.7035175879396967           0.32375171669646086
-3.5879396984924625           0.3237516605864776
-3.472361809045225            0.3237515697533017
-3.3567839195979907           0.32375144643488646
-3.241206030150753            0.32375122654379984
-3.125628140703519            0.32375089582526045
-3.0100502512562812           0.3237503871913866
-2.8944723618090435           0.323749552257341
-2.7788944723618094           0.3237482384446746
-2.6633165829145717           0.32374624225108684
-2.5477386934673376           0.3237430794468612
-2.4321608040201              0.3237380421189021
-2.316582914572866            0.3237300903081837
-2.201005025125628            0.32371754221927934
-2.0854271356783904           0.32369773791970974
-1.9698492462311563           0.3236664930594663
-1.8542713567839186           0.32361726146109093
-1.7386934673366845           0.32353979350105233
-1.6231155778894468           0.323417893067629
-1.5075376884422127           0.3232264813730643
-1.391959798994975            0.3229262022501797
-1.2763819095477373           0.3224560579938247
-1.1608040201005032           0.32172161544631656
-1.0452261306532655           0.3205772932140129
-0.9296482412060314           0.3188000390021862
-0.8140703517587937           0.3160501933961091
-0.698492462311556            0.3118144543267595
-0.5829145728643219           0.3053246261841321
-0.46733668341708423          0.29544221107962637
-0.3517587939698501           0.2805004052150231
-0.23618090452261245          0.2580908605792509
-0.12060301507537828          0.22478339218948393
-0.005025125628140596         0.17576544419758797
0.11055276381909708           0.10438726925729741
0.22613065326633117           0.0015945256689563017
0.34170854271356893           -0.1447765172290875
0.457286432160803             -0.3508803259643194
0.5728643216080407            -0.6379765958858836
0.6884422110552748            -1.0338580515769094
0.8040201005025125            -1.5746968713838745
0.9195979899497502            -2.3074418586513743
1.0351758793969843            -3.2929427509484057
1.150753768844222             -4.610071508920326
1.266331658291456             -6.361283681048103
1.3819095477386938            -8.680144108385786
1.4974874371859315            -11.741142151799867
1.6130653266331656            -15.772128591426691
1.7286432160804033            -21.07030920077868
1.8442211055276374            -28.02323120800149
1.959798994974875             -37.136334796978446
2.075376884422109             -49.068955811505695
2.190954773869347             -64.68129998465989
2.3065326633165846            -85.09572764556434
2.4221105527638187            -111.77671480708464
2.5376884422110564            -146.6351873700096
2.6532663316582905            -192.16466126380237
2.768844221105528             -253.3673111837352
