-20.0                         0.5630763247759852
-19.884422110552762           0.5630770284043249
-19.768844221105528           0.5630762488143265
-19.65326633165829            0.5630754047377646
-19.537688442211056           0.5630762070397347
-19.42211055276382            0.5630762150773713
-19.306532663316585           0.5630763828744688
-19.190954773869347           0.5630756020707787
-19.07537688442211            0.563076302498597
-18.959798994974875           0.5630761066358041
-18.844221105527637           0.5630770027434725
-18.728643216080403           0.56307614222674
-18.613065326633166           0.5630760725750692
-18.49748743718593            0.5630760682726537
-18.381909547738694           0.5630774967006171
-18.266331658291456           0.5630759213354575
-18.150753768844222           0.5630760027953126
-18.035175879396984           0.5630756833509858
-17.91959798994975            0.5630759520189398
-17.804020100502512           0.5630761561661013
-17.688442211055275           0.5630762014802747
-17.57286432160804            0.5630758157591171
-17.457286432160803           0.5630756999471236
-17.34170854271357            0.5630759431154878
-17.22613065326633            0.563076104080824
-17.110552763819094           0.5630756530116523
-16.99497487437186            0.5630758955466225
-16.87939698492462            0.5630758834016653
-16.763819095477388           0.5630760214235204
-16.64824120603015            0.5630758274034183
-16.532663316582916           0.5630756156010006
-16.417085427135678           0.563075721495545
-16.301507537688444           0.5630754754307428
-16.185929648241206           0.563075702102121
-16.07035175879397            0.5630758141748505
-15.954773869346734           0.5630750142914636
-15.839195979899497           0.5630755976312043
-15.72361809045226            0.5630756230947962
-15.608040201005025           0.5630757534692472
-15.492462311557789           0.5630755422257948
-15.376884422110553           0.5630752987742067
-15.261306532663315           0.5630756341780913
-15.145728643216081           0.5630755194160088
-15.030150753768844           0.5630761041712352
-14.914572864321608           0.5630753454202638
-14.798994974874372           0.5630748812836623
-14.683417085427136           0.5630755005080877
-14.5678391959799             0.5630754676110883
-14.452261306532662           0.5630754316582409
-14.336683417085428           0.5630753769497384
-14.22110552763819            0.5630754254827393
-14.105527638190955           0.563075352098044
-13.989949748743719           0.5630746873336429
-13.874371859296481           0.5630752300729496
-13.758793969849247           0.5630759294202622
-13.64321608040201            0.5630753102532569
-13.527638190954773           0.5630749684370884
-13.412060301507537           0.5630753040328615
-13.296482412060302           0.563075427456322
-13.180904522613066           0.5630753280237987
-13.065326633165828           0.5630748699021056
-12.949748743718594           0.563075328822937
-12.834170854271356           0.5630748899062495
-12.71859296482412            0.5630754328496534
-12.603015075376884           0.5630747775992476
-12.487437185929648           0.5630752803647558
-12.371859296482413           0.5630752020664549
-12.256281407035175           0.5630753002836633
-12.14070351758794            0.5630751421439986
-12.025125628140703           0.5630752341451849
-11.909547738693467           0.5630750136137527
-11.793969849246231           0.5630748966821152
-11.678391959798995           0.5630751037720008
-11.56281407035176            0.5630750738507466
-11.447236180904522           0.5630752837676699
-11.331658291457286           0.5630751265746196
-11.21608040201005            0.5630750629805372
-11.100502512562814           0.5630754225816237
-10.984924623115578           0.5630751064636328
-10.869346733668342           0.5630749885920863
-10.753768844221106           0.5630745438744931
-10.638190954773869           0.5630750477039647
-10.522613065326633           0.5630749451158652
-10.407035175879397           0.5630750440054135
-10.291457286432161           0.5630753785601368
-10.175879396984925           0.5630749641490442
-10.06030150753769            0.5630748560673365
-9.944723618090451            0.563074933964115
-9.829145728643216            0.5630748454772688
-9.71356783919598             0.5630751536755474
-9.597989949748744            0.5630748995371302
-9.482412060301508            0.5630748943033985
-9.366834170854272            0.5630749256898543
-9.251256281407034            0.5630748854071743
-9.135678391959798            0.5630748680655676
-9.020100502512562            0.5630749708410352
-8.904522613065327            0.5630746678456555
-8.78894472361809             0.5630745513263503
-8.673366834170855            0.5630755703935477
-8.557788944723619            0.563074818491487
-8.442211055276381            0.5630755208621255
-8.326633165829145            0.5630745634525999
-8.21105527638191             0.5630747610762497
-8.095477386934673            0.5630747842101264
-7.9798994974874375           0.5630747761196253
-7.864321608040202            0.5630747456852588
-7.748743718592964            0.5630747090394419
-7.633165829145728            0.563074760720141
-7.517587939698492            0.5630746115613838
-7.402010050251256            0.5630748742310752
-7.28643216080402             0.5630747484468166
-7.170854271356784            0.5630747002405629
-7.055276381909547            0.563074488832656
-6.939698492462311            0.5630746724438883
-6.824120603015075            0.5630746929738406
-6.708542713567839            0.5630746362503107
-6.592964824120603            0.5630746449485815
-6.477386934673367            0.5630745732472937
-6.361809045226131            0.5630746318013407
-6.246231155778894            0.5630745577837396
-6.130653266331658            0.5630746393542758
-6.015075376884422            0.563074642896496
-5.899497487437186            0.563074683347838
-5.78391959798995             0.5630746047801267
-5.668341708542714            0.5630746071919565
-5.5527638190954764           0.5630745100415493
-5.4371859296482405           0.5630744103464634
-5.321608040201005            0.5630745217605556
-5.206030150753769            0.5630745327782244
-5.090452261306533            0.5630745601203455
-4.974874371859297            0.5630746066831834
-4.859296482412061            0.5630747207711065
-4.743718592964823            0.5630745518836473
-4.628140703517587            0.5630746095708931
-4.5125628140703515           0.563074495991826
-4.396984924623116            0.5630745123038063
-4.28140703517588             0.5630745245208645
-4.165829145728644            0.5630745044485835
-4.050251256281406            0.5630744801141353
-3.934673366834172            0.5630745106320035
-3.8190954773869343           0.5630745155772107
-3.7035175879396967           0.5630744771047989
-3.5879396984924625           0.5630744771766115
-3.472361809045225            0.5630744664192995
-3.3567839195979907           0.5630744802464286
-3.241206030150753            0.5630744428009278
-3.125628140703519            0.563074440670848
-3.0100502512562812           0.5630744442306628
-2.8944723618090435           0.5630744295888257
-2.7788944723618094           0.5630743476699538
-2.6633165829145717           0.5630743902099266
-2.5477386934673376           0.5630744018089522
-2.4321608040201              0.5630743778998072
-2.316582914572866            0.5630743380553509
-2.201005025125628            0.5630742682494027
-2.0854271356783904           0.5630741089034045
-1.9698492462311563           0.5630737746132856
-1.8542713567839186           0.5630731264754945
-1.7386934673366845           0.5630719372351729
-1.6231155778894468           0.5630695007283469
-1.5075376884422127           0.5630647936025338
-1.391959798994975            0.5630553762986176
-1.2763819095477373           0.5630367859051263
-1.1608040201005032           0.5630001935606259
-1.0452261306532655           0.5629283620292389
-0.9296482412060314           0.5627880294397812
-0.8140703517587937           0.5625153301147005
-0.698492462311556            0.5619887922471769
-0.5829145728643219           0.5609815983141153
-0.46733668341708423          0.5590759919318081
-0.3517587939698501           0.5555207067108886
-0.23618090452261245          0.5490013130100386
-0.12060301507537828          0.5372938068523081
-0.005025125628140596         0.5167789347087762
0.11055276381909708           0.4818155447739834
0.22613065326633117           0.4239963909916545
0.34170854271356893           0.33132088393258324
0.457286432160803             0.1872929537090024
0.5728643216080407            -0.03010693379519024
0.6884422110552748            -0.3496944531099968
0.8040201005025125            -0.8087616327921119
0.9195979899497502            -1.4553399411583146
1.0351758793969843            -2.351235584159556
1.150753768844222             -3.576096075109787
1.266331658291456             -5.232952566228878
1.3819095477386938            -7.455792444802688
1.4974874371859315            -10.41946082512907
1.6130653266331656            -14.352130313288333
1.7286432160804033            -19.5512715393992
1.8442211055276374            -26.404627488888814
1.959798994974875             -35.41777765798424
2.075376884422109             -47.250157660335276
2.190954773869347             -62.76204570889546
2.3065326633165846            -83.07585542657316
2.4221105527638187            -109.65610238380113
2.5376884422110564            -144.41374205958525
2.6532663316582905            -189.8423126275815
2.768844221105528             -250.9445724902679
