-20.0                         0.29493062811547865
-19.884422110552762           0.2949309583634284
-19.768844221105528           0.2949305846751097
-19.65326633165829            0.29493013093508885
-19.537688442211056           0.2949305587774848
-19.42211055276382            0.2949306180553781
-19.306532663316585           0.2949305689296873
-19.190954773869347           0.2949305730646227
-19.07537688442211            0.29493050767246026
-18.959798994974875           0.29493047365699626
-18.844221105527637           0.2949306052628198
-18.728643216080403           0.2949304498977526
-18.613065326633166           0.29493034681934044
-18.49748743718593            0.2949303972058179
-18.381909547738694           0.2949307477793177
-18.266331658291456           0.29493031735518144
-18.150753768844222           0.29493036247775645
-18.035175879396984           0.29493000478063786
-17.91959798994975            0.29493028506832203
-17.804020100502512           0.2949302909156095
-17.688442211055275           0.29493032067030395
-17.57286432160804            0.294930284580228
-17.457286432160803           0.2949301237664803
-17.34170854271357            0.2949302208658858
-17.22613065326633            0.2949302827437652
-17.110552763819094           0.29493011054069207
-16.99497487437186            0.29493014417416485
-16.87939698492462            0.2949302184620529
-16.763819095477388           0.2949301405843036
-16.64824120603015            0.29493014698114794
-16.532663316582916           0.2949300727069743
-16.417085427135678           0.29493011362561994
-16.301507537688444           0.29493009584257446
-16.185929648241206           0.2949300276611759
-16.07035175879397            0.29493005480027257
-15.954773869346734           0.2949298321265996
-15.839195979899497           0.2949299704942829
-15.72361809045226            0.29492996091551676
-15.608040201005025           0.2949298488018036
-15.492462311557789           0.2949298896961974
-15.376884422110553           0.29492980865059326
-15.261306532663315           0.29492991544916625
-15.145728643216081           0.2949298593163235
-15.030150753768844           0.29492994577892445
-14.914572864321608           0.29492976498337004
-14.798994974874372           0.2949296881036469
-14.683417085427136           0.294929804895342
-14.5678391959799             0.29492982381048516
-14.452261306532662           0.29492979775206424
-14.336683417085428           0.29492974055894755
-14.22110552763819            0.29492966077470756
-14.105527638190955           0.2949297462272566
-13.989949748743719           0.294929393766968
-13.874371859296481           0.29492965719635333
-13.758793969849247           0.2949300585109474
-13.64321608040201            0.29492968876483283
-13.527638190954773           0.2949296807805706
-13.412060301507537           0.2949296592786732
-13.296482412060302           0.2949297900630108
-13.180904522613066           0.29492962196899525
-13.065326633165828           0.2949294065360706
-12.949748743718594           0.29492963539414807
-12.834170854271356           0.2949293801393545
-12.71859296482412            0.29492965564132967
-12.603015075376884           0.2949293722014511
-12.487437185929648           0.29492955689172384
-12.371859296482413           0.2949295490925083
-12.256281407035175           0.29492955434442486
-12.14070351758794            0.29492948289448
-12.025125628140703           0.29492961291736586
-11.909547738693467           0.29492941542989726
-11.793969849246231           0.2949294170541371
-11.678391959798995           0.2949294444560693
-11.56281407035176            0.2949294294045797
-11.447236180904522           0.2949294748138327
-11.331658291457286           0.29492942871002664
-11.21608040201005            0.2949294027454972
-11.100502512562814           0.29492963248275283
-10.984924623115578           0.29492939551065345
-10.869346733668342           0.29492934146398125
-10.753768844221106           0.29492915370673817
-10.638190954773869           0.2949293421407203
-10.522613065326633           0.2949293306579552
-10.407035175879397           0.2949293144719928
-10.291457286432161           0.2949293421327962
-10.175879396984925           0.2949292917258753
-10.06030150753769            0.2949292402622226
-9.944723618090451            0.2949292636166759
-9.829145728643216            0.2949293160275959
-9.71356783919598             0.294929243492212
-9.597989949748744            0.2949292260427607
-9.482412060301508            0.29492923011903505
-9.366834170854272            0.2949292059831598
-9.251256281407034            0.2949292009713431
-9.135678391959798            0.29492919722853944
-9.020100502512562            0.2949291886237418
-8.904522613065327            0.29492918091127407
-8.78894472361809             0.29492907181595207
-8.673366834170855            0.2949294843934307
-8.557788944723619            0.2949291162551901
-8.442211055276381            0.2949294507140855
-8.326633165829145            0.2949290591950556
-8.21105527638191             0.29492916483442594
-8.095477386934673            0.2949290816919467
-7.9798994974874375           0.2949290860280394
-7.864321608040202            0.29492907444632965
-7.748743718592964            0.2949290634919693
-7.633165829145728            0.2949290579775246
-7.517587939698492            0.29492904230618894
-7.402010050251256            0.29492903868748277
-7.28643216080402             0.2949290458988016
-7.170854271356784            0.29492902724712045
-7.055276381909547            0.29492894575326567
-6.939698492462311            0.2949289988703558
-6.824120603015075            0.29492899760040747
-6.708542713567839            0.29492902544797417
-6.592964824120603            0.2949289578823569
-6.477386934673367            0.2949288967109977
-6.361809045226131            0.2949289465831662
-6.246231155778894            0.2949288928444098
-6.130653266331658            0.2949289308995535
-6.015075376884422            0.2949289196173139
-5.899497487437186            0.29492890906256075
-5.78391959798995             0.2949288839656579
-5.668341708542714            0.29492886406893914
-5.5527638190954764           0.2949288197263584
-5.4371859296482405           0.29492872381232543
-5.321608040201005            0.2949287438013935
-5.206030150753769            0.29492866693195086
-5.090452261306533            0.29492857470077993
-4.974874371859297            0.2949285062751751
-4.859296482412061            0.29492838961749646
-4.743718592964823            0.29492810112616585
-4.628140703517587            0.2949278419812975
-4.5125628140703515           0.2949274080979472
-4.396984924623116            0.29492686903415954
-4.28140703517588             0.29492613640268955
-4.165829145728644            0.2949251223580047
-4.050251256281406            0.2949237572868761
-3.934673366834172            0.29492184248826936
-3.8190954773869343           0.2949192415021967
-3.7035175879396967           0.29491566592151036
-3.5879396984924625           0.2949107719984693
-3.472361809045225            0.2949040558251643
-3.3567839195979907           0.2948948537126143
-3.241206030150753            0.29488221864975894
-3.125628140703519            0.2948648862691592
-3.0100502512562812           0.2948411253593191
-2.8944723618090435           0.29480851117523327
-2.7788944723618094           0.29476379998929314
-2.6633165829145717           0.29470253683996006
-2.5477386934673376           0.2946185581562638
-2.4321608040201              0.2945034348119909
-2.316582914572866            0.2943456975169006
-2.201005025125628            0.2941296370291676
-2.0854271356783904           0.29383378566942964
-1.9698492462311563           0.29342882972974776
-1.8542713567839186           0.29287479903354025
-1.7386934673366845           0.2921172164979755
-1.6231155778894468           0.2910818197313445
-1.5075376884422127           0.28966772206880376
-1.391959798994975            0.2877376400333481
-1.2763819095477373           0.2851052801862636
-1.1608040201005032           0.2815179688944045
-1.0452261306532655           0.27663327903677737
-0.9296482412060314           0.26998764350719306
-0.8140703517587937           0.26095388861773455
-0.698492462311556            0.24868397236297785
-0.5829145728643219           0.2320322274438372
-0.46733668341708423          0.20945129909923152
-0.3517587939698501           0.17885323241160042
-0.23618090452261245          0.13742361493566027
-0.12060301507537828          0.08137515832514215
-0.005025125628140596         0.005623482741505382
0.11055276381909708           -0.09663514159077019
0.22613065326633117           -0.23446946777280203
0.34170854271356893           -0.4199128902946514
0.457286432160803             -0.6688582725510677
0.5728643216080407            -1.0022017983026197
0.6884422110552748            -1.4473093234566605
0.8040201005025125            -2.039902409488457
0.9195979899497502            -2.826490420859908
1.0351758793969843            -3.8675239897823994
1.150753768844222             -5.241541507899297
1.266331658291456             -7.050743028381738
1.3819095477386938            -9.428495959898035
1.4974874371859315            -12.549112100705292
1.6130653266331656            -16.64027408211888
1.7286432160804033            -21.99904518510109
1.8442211055276374            -29.01286463944768
1.959798994974875             -38.187094021202284
2.075376884422109             -50.18101183644475
2.190954773869347             -65.85478156570113
2.3065326633165846            -86.33073212630764
2.4221105527638187            -113.07331601689445
2.5376884422110564            -147.99344144075835
2.6532663316582905            -193.5846109509043
2.768844221105528             -254.8486428420267
