-20.0                         0.3012369108299934
-19.884422110552762           0.30123734141368735
-19.768844221105528           0.30123686280182077
-19.65326633165829            0.3012363001527902
-19.537688442211056           0.30123683566935816
-19.42211055276382            0.30123690534137954
-19.306532663316585           0.3012368817949431
-19.190954773869347           0.3012367640178662
-19.07537688442211            0.3012368128119104
-18.959798994974875           0.30123675069909983
-18.844221105527637           0.3012370444153276
-18.728643216080403           0.30123674809602713
-18.613065326633166           0.30123662582659844
-18.49748743718593            0.30123668018631006
-18.381909547738694           0.3012372723227925
-18.266331658291456           0.301236583958392
-18.150753768844222           0.30123664572123077
-18.035175879396984           0.3012362311741821
-17.91959798994975            0.30123656501072177
-17.804020100502512           0.30123660290860976
-17.688442211055275           0.30123666052530507
-17.57286432160804            0.30123656388798337
-17.457286432160803           0.3012363798863543
-17.34170854271357            0.3012365206614524
-17.22613065326633            0.30123662485053526
-17.110552763819094           0.3012363589346627
-16.99497487437186            0.30123642991107286
-16.87939698492462            0.30123653677772383
-16.763819095477388           0.3012364592776933
-16.64824120603015            0.30123645188375764
-16.532663316582916           0.3012363275153159
-16.417085427135678           0.30123638938083397
-16.301507537688444           0.3012363537053083
-16.185929648241206           0.3012363133825765
-16.07035175879397            0.30123635283828265
-15.954773869346734           0.30123600536626527
-15.839195979899497           0.30123624358017753
-15.72361809045226            0.3012362404398164
-15.608040201005025           0.3012361291456106
-15.492462311557789           0.30123616512546364
-15.376884422110553           0.3012360254504653
-15.261306532663315           0.3012362094692597
-15.145728643216081           0.30123613460671017
-15.030150753768844           0.30123632595348476
-14.914572864321608           0.30123602318339193
-14.798994974874372           0.30123585850703977
-14.683417085427136           0.3012360884393629
-14.5678391959799             0.30123610672792456
-14.452261306532662           0.30123607738085034
-14.336683417085428           0.30123601407742684
-14.22110552763819            0.3012359212836701
-14.105527638190955           0.3012360191111065
-13.989949748743719           0.30123557691798253
-13.874371859296481           0.30123591611715106
-13.758793969849247           0.30123643150397245
-13.64321608040201            0.30123596641683276
-13.527638190954773           0.3012359010406357
-13.412060301507537           0.30123593890999417
-13.296482412060302           0.3012361083596816
-13.180904522613066           0.30123590547954576
-13.065326633165828           0.30123561582065594
-12.949748743718594           0.30123593212559735
-12.834170854271356           0.30123561532923654
-12.71859296482412            0.3012359708688345
-12.603015075376884           0.30123557470747464
-12.487437185929648           0.3012358514350907
-12.371859296482413           0.301235840611944
-12.256281407035175           0.3012358518299594
-12.14070351758794            0.3012357620729993
-12.025125628140703           0.30123592145548433
-11.909547738693467           0.3012356792906289
-11.793969849246231           0.3012356552153831
-11.678391959798995           0.30123572381877933
-11.56281407035176            0.3012357058011731
-11.447236180904522           0.30123578694214237
-11.331658291457286           0.3012357206670164
-11.21608040201005            0.3012356852834646
-11.100502512562814           0.30123597351957293
-10.984924623115578           0.30123569035791214
-10.869346733668342           0.3012356181286266
-10.753768844221106           0.30123536633991527
-10.638190954773869           0.3012356301432388
-10.522613065326633           0.301235604781756
-10.407035175879397           0.3012356039628839
-10.291457286432161           0.301235690206682
-10.175879396984925           0.3012355764024476
-10.06030150753769            0.3012355093016117
-9.944723618090451            0.3012355460050535
-9.829145728643216            0.30123559119563925
-9.71356783919598             0.3012355606824982
-9.597989949748744            0.301235507498534
-9.482412060301508            0.30123551343260857
-9.366834170854272            0.3012354942200146
-9.251256281407034            0.3012354866557546
-9.135678391959798            0.3012354841259093
-9.020100502512562            0.301235491303594
-8.904522613065327            0.3012354363048879
-8.78894472361809             0.30123531026741485
-8.673366834170855            0.30123587146658365
-8.557788944723619            0.30123540301337437
-8.442211055276381            0.3012358338010887
-8.326633165829145            0.30123530479715044
-8.21105527638191             0.30123545096499155
-8.095477386934673            0.3012353614393282
-7.9798994974874375           0.3012353714585468
-7.864321608040202            0.301235356903351
-7.748743718592964            0.3012353412509955
-7.633165829145728            0.3012353460504796
-7.517587939698492            0.30123530850044045
-7.402010050251256            0.3012353458054592
-7.28643216080402             0.3012353375861279
-7.170854271356784            0.3012353128908268
-7.055276381909547            0.3012351952487611
-6.939698492462311            0.30123528310441544
-6.824120603015075            0.3012352882211116
-6.708542713567839            0.30123530453885156
-6.592964824120603            0.30123524485781705
-6.477386934673367            0.30123517415328405
-6.361809045226131            0.30123523687301496
-6.246231155778894            0.30123518060395216
-6.130653266331658            0.30123523551782355
-6.015075376884422            0.30123523152850723
-5.899497487437186            0.3012352382057321
-5.78391959798995             0.3012352141604133
-5.668341708542714            0.30123521064149755
-5.5527638190954764           0.3012351749717426
-5.4371859296482405           0.30123509538238835
-5.321608040201005            0.30123517749463286
-5.206030150753769            0.3012351588668792
-5.090452261306533            0.3012351472189647
-4.974874371859297            0.3012352030906809
-4.859296482412061            0.3012352504554136
-4.743718592964823            0.30123513692389015
-4.628140703517587            0.3012351629445767
-4.5125628140703515           0.3012350934583718
-4.396984924623116            0.30123507768477625
-4.28140703517588             0.30123505875611156
-4.165829145728644            0.30123501577038486
-4.050251256281406            0.3012349804859525
-3.934673366834172            0.3012348898722828
-3.8190954773869343           0.3012347790466058
-3.7035175879396967           0.30123459802467417
-3.5879396984924625           0.3012343476797004
-3.472361809045225            0.3012339685598977
-3.3567839195979907           0.30123341459482317
-3.241206030150753            0.3012325603551793
-3.125628140703519            0.3012312822908785
-3.0100502512562812           0.3012293703761543
-2.8944723618090435           0.3012264588120775
-2.7788944723618094           0.3012220815239922
-2.6633165829145717           0.3012155504539759
-2.5477386934673376           0.3012057094877963
-2.4321608040201              0.30119085221600367
-2.316582914572866            0.301168487563673
-2.201005025125628            0.3011348349517121
-2.0854271356783904           0.30108421137230457
-1.9698492462311563           0.30100809347179275
-1.8542713567839186           0.3008937427604744
-1.7386934673366845           0.3007221242234335
-1.6231155778894468           0.3004646994581876
-1.5075376884422127           0.3000791502268438
-1.391959798994975            0.2995023405320174
-1.2763819095477373           0.29864081741575715
-1.1608040201005032           0.2973565061012456
-1.0452261306532655           0.2954461285832852
-0.9296482412060314           0.2926118750785622
-0.8140703517587937           0.2884195539797822
-0.698492462311556            0.2822397711956735
-0.5829145728643219           0.27316666626958325
-0.46733668341708423          0.25990543904312363
-0.3517587939698501           0.2406210219456523
-0.23618090452261245          0.2127358421334047
-0.12060301507537828          0.17266431509666302
-0.005025125628140596         0.11546906417089418
0.11055276381909708           0.034421758259801434
0.22613065326633117           -0.07955336715396137
0.34170854271356893           -0.23858106355485081
0.457286432160803             -0.4587219062383974
0.5728643216080407            -0.7610995561278542
0.6884422110552748            -1.1733452678123242
0.8040201005025125            -1.7314610830232278
0.9195979899497502            -2.4822311674556006
1.0351758793969843            -3.4863571579095387
1.150753768844222             -4.8225882987984345
1.266331658291456             -6.593286925858579
1.3819095477386938            -8.9319468042188
1.4974874371859315            -12.012994437980465
1.6130653266331656            -16.06422176454478
1.7286432160804033            -21.382785058368775
1.8442211055276374            -28.356194265934086
1.959798994974875             -37.489862586753624
2.075376884422109             -49.44310627150549
2.190954773869347             -65.07611666629583
2.3065326633165846            -85.51124343397666
2.4221105527638187            -112.21295461982233
2.5376884422110564            -147.09217013781065
2.6532663316582905            -192.6424013980525
2.768844221105528             -253.8657031435342
