-20.0                         1.382002423885176
-19.884422110552762           1.382003658305313
-19.768844221105528           1.3820022692291185
-19.65326633165829            1.3820012508552035
-19.537688442211056           1.3820024837631402
-19.42211055276382            1.3820020974169596
-19.306532663316585           1.3820023440772327
-19.190954773869347           1.382000686664752
-19.07537688442211            1.3820026192445605
-18.959798994974875           1.38200224148578
-18.844221105527637           1.3820034612299754
-18.728643216080403           1.3820019070255594
-18.613065326633166           1.382002515054766
-18.49748743718593            1.3820020785725153
-18.381909547738694           1.3820047082910665
-18.266331658291456           1.3820019993645645
-18.150753768844222           1.382002065033189
-18.035175879396984           1.3820026045849176
-17.91959798994975            1.3820019854261107
-17.804020100502512           1.38200259382825
-17.688442211055275           1.3820020013821472
-17.57286432160804            1.3820017260459136
-17.457286432160803           1.3820017842450236
-17.34170854271357            1.3820018084562526
-17.22613065326633            1.3820017375672924
-17.110552763819094           1.3820017578757857
-16.99497487437186            1.382002256535241
-16.87939698492462            1.3820013878808983
-16.763819095477388           1.382002556216075
-16.64824120603015            1.3820016112130649
-16.532663316582916           1.382002052687378
-16.417085427135678           1.382001749667236
-16.301507537688444           1.3820010732396741
-16.185929648241206           1.3820017704318397
-16.07035175879397            1.3820020930947277
-15.954773869346734           1.3820005285126635
-15.839195979899497           1.382001695914596
-15.72361809045226            1.3820018989822118
-15.608040201005025           1.3820028394195145
-15.492462311557789           1.3820017123268789
-15.376884422110553           1.382001898423731
-15.261306532663315           1.3820017751180613
-15.145728643216081           1.382001739360625
-15.030150753768844           1.382002561574316
-14.914572864321608           1.3820014249432582
-14.798994974874372           1.3820006618951794
-14.683417085427136           1.382001740521169
-14.5678391959799             1.3820016931712904
-14.452261306532662           1.3820016550484258
-14.336683417085428           1.3820015076819945
-14.22110552763819            1.3820022968197425
-14.105527638190955           1.3820014646060814
-13.989949748743719           1.38200047132115
-13.874371859296481           1.3820012787655882
-13.758793969849247           1.3820019048428314
-13.64321608040201            1.3820013937708293
-13.527638190954773           1.382000571531406
-13.412060301507537           1.3820014629883322
-13.296482412060302           1.3820010510051708
-13.180904522613066           1.3820016556607893
-13.065326633165828           1.3820011429324606
-12.949748743718594           1.3820013958338075
-12.834170854271356           1.3820009395153103
-12.71859296482412            1.382001623027218
-12.603015075376884           1.3820009160512547
-12.487437185929648           1.3820014445566282
-12.371859296482413           1.3820011470507674
-12.256281407035175           1.3820015320747256
-12.14070351758794            1.3820013101796311
-12.025125628140703           1.3820009276928757
-11.909547738693467           1.3820011022894765
-11.793969849246231           1.3820011264951335
-11.678391959798995           1.3820013053838722
-11.56281407035176            1.3820012166126647
-11.447236180904522           1.3820016605144576
-11.331658291457286           1.3820012733103588
-11.21608040201005            1.3820011992962418
-11.100502512562814           1.3820014390260933
-10.984924623115578           1.3820012639708745
-10.869346733668342           1.3820011377923356
-10.753768844221106           1.3820003910827863
-10.638190954773869           1.3820013268902327
-10.522613065326633           1.3820010267505132
-10.407035175879397           1.382001267424501
-10.291457286432161           1.3820021360817634
-10.175879396984925           1.3820010956549245
-10.06030150753769            1.3820009581568602
-9.944723618090451            1.3820011432427108
-9.829145728643216            1.3820006393309094
-9.71356783919598             1.382001662865947
-9.597989949748744            1.3820011203173463
-9.482412060301508            1.3820010699361378
-9.366834170854272            1.3820011889368982
-9.251256281407034            1.3820010762251749
-9.135678391959798            1.3820009888923823
-9.020100502512562            1.3820011505132912
-8.904522613065327            1.382000537614333
-8.78894472361809             1.3820004719527579
-8.673366834170855            1.3820022178692066
-8.557788944723619            1.3820010572754677
-8.442211055276381            1.3820021499760757
-8.326633165829145            1.3820005052100455
-8.21105527638191             1.3820006485047267
-8.095477386934673            1.3820011450216152
-7.9798994974874375           1.3820009661588581
-7.864321608040202            1.3820009284680808
-7.748743718592964            1.3820008360274358
-7.633165829145728            1.382000993892584
-7.517587939698492            1.3820007113506683
-7.402010050251256            1.3820012755062476
-7.28643216080402             1.3820009306722918
-7.170854271356784            1.382000859750237
-7.055276381909547            1.382000594242649
-6.939698492462311            1.3820008644467339
-6.824120603015075            1.3820008730681994
-6.708542713567839            1.3820006642758544
-6.592964824120603            1.382000864658578
-6.477386934673367            1.3820008876421002
-6.361809045226131            1.3820008606146028
-6.246231155778894            1.3820007275450639
-6.130653266331658            1.3820008006261126
-6.015075376884422            1.382000788478967
-5.899497487437186            1.3820008454700317
-5.78391959798995             1.3820007469884728
-5.668341708542714            1.3820007819490625
-5.5527638190954764           1.3820006249916104
-5.4371859296482405           1.3820004589319812
-5.321608040201005            1.3820005978724206
-5.206030150753769            1.3820007216957007
-5.090452261306533            1.382000841495847
-4.974874371859297            1.3820006685030537
-4.859296482412061            1.3820009121600254
-4.743718592964823            1.3820007116478588
-4.628140703517587            1.3820008388522507
-4.5125628140703515           1.3820006810721381
-4.396984924623116            1.3820006732800207
-4.28140703517588             1.3820006981059612
-4.165829145728644            1.3820006831492604
-4.050251256281406            1.382000543710613
-3.934673366834172            1.382000705634546
-3.8190954773869343           1.3820007293209853
-3.7035175879396967           1.3820006582863982
-3.5879396984924625           1.3820006834640788
-3.472361809045225            1.3820006679951111
-3.3567839195979907           1.3820006804061167
-3.241206030150753            1.3820006463063672
-3.125628140703519            1.3820006150305424
-3.0100502512562812           1.3820006157338431
-2.8944723618090435           1.382000688344364
-2.7788944723618094           1.3820004877188734
-2.6633165829145717           1.3820006249483097
-2.5477386934673376           1.3820006057229475
-2.4321608040201              1.3820005971501959
-2.316582914572866            1.3820006052431821
-2.201005025125628            1.3820006163457712
-2.0854271356783904           1.3820006026220484
-1.9698492462311563           1.3820005627808147
-1.8542713567839186           1.382000499062768
-1.7386934673366845           1.3820005276748921
-1.6231155778894468           1.382000474719307
-1.5075376884422127           1.382000559450593
-1.391959798994975            1.3820005146645593
-1.2763819095477373           1.3820005205911705
-1.1608040201005032           1.382000477351902
-1.0452261306532655           1.3820002921533585
-0.9296482412060314           1.3819997404873718
-0.8140703517587937           1.3819982720477046
-0.698492462311556            1.381993367804329
-0.5829145728643219           1.3819792992241875
-0.46733668341708423          1.3819383055322232
-0.3517587939698501           1.3818209359421298
-0.23618090452261245          1.3814923700803454
-0.12060301507537828          1.3805993480953138
-0.005025125628140596         1.3782645320489035
0.11055276381909708           1.3724539157048887
0.22613065326633117           1.3588433362382395
0.34170854271356893           1.3291358679480774
0.457286432160803             1.2690963461666005
0.5728643216080407            1.1568270015975601
0.6884422110552748            0.9616029602857034
0.8040201005025125            0.6429720162651302
0.9195979899497502            0.1494140354261684
1.0351758793969843            -0.5840404819828514
1.150753768844222             -1.6395599056011365
1.266331658291456             -3.1219799864432756
1.3819095477386938            -5.166522773611438
1.4974874371859315            -7.948973595155278
1.6130653266331656            -11.698294760740742
1.7286432160804033            -16.712576161483643
1.8442211055276374            -23.37999929437352
1.959798994974875             -32.20644368184702
2.075376884422109             -43.85155296648092
2.190954773869347             -59.17575273027435
2.3065326633165846            -79.3015628687142
2.4221105527638187            -105.69357665901823
2.5376884422110564            -140.2628070153526
2.6532663316582905            -185.50283492203482
2.768844221105528             -246.41751218876036
