-20.0                         0.44972064762187836
-19.884422110552762           0.4497212670267195
-19.768844221105528           0.44972058353402444
-19.65326633165829            0.44971982052648096
-19.537688442211056           0.44972054450957877
-19.42211055276382            0.4497205873699383
-19.306532663316585           0.44972068472257065
-19.190954773869347           0.4497201424342134
-19.07537688442211            0.44972059993431773
-18.959798994974875           0.4497204513852352
-18.844221105527637           0.4497211598819639
-18.728643216080403           0.44972048891605143
-18.613065326633166           0.4497203764006319
-18.49748743718593            0.44972040438991406
-18.381909547738694           0.4497215602760591
-18.266331658291456           0.4497202714973813
-18.150753768844222           0.4497203509385941
-18.035175879396984           0.4497199582992041
-17.91959798994975            0.44972028693119753
-17.804020100502512           0.4497204279498086
-17.688442211055275           0.44972050379810397
-17.57286432160804            0.44972021219200864
-17.457286432160803           0.4497200535254157
-17.34170854271357            0.44972027627877204
-17.22613065326633            0.44972043673245776
-17.110552763819094           0.4497200130841096
-16.99497487437186            0.4497201917906198
-16.87939698492462            0.44972026396699655
-16.763819095477388           0.44972029057998125
-16.64824120603015            0.4497201851008254
-16.532663316582916           0.44971997387582496
-16.417085427135678           0.4497200770537188
-16.301507537688444           0.4497199207118234
-16.185929648241206           0.44972003978899333
-16.07035175879397            0.4497201200217691
-15.954773869346734           0.44971947403640233
-15.839195979899497           0.44971994276638233
-15.72361809045226            0.44971995640225554
-15.608040201005025           0.4497199702395488
-15.492462311557789           0.44971987780931894
-15.376884422110553           0.4497196438025029
-15.261306532663315           0.4497199581078115
-15.145728643216081           0.44971985034400097
-15.030150753768844           0.4497203113519248
-14.914572864321608           0.44971969885562935
-14.798994974874372           0.4497193276170322
-14.683417085427136           0.44971982335416816
-14.5678391959799             0.44971981196609284
-14.452261306532662           0.44971977779878336
-14.336683417085428           0.44971971838209057
-14.22110552763819            0.4497196879518158
-14.105527638190955           0.44971970530961114
-13.989949748743719           0.4497191061328477
-13.874371859296481           0.44971958745936175
-13.758793969849247           0.4497202533308881
-13.64321608040201            0.44971966183551415
-13.527638190954773           0.4497194177906087
-13.412060301507537           0.4497196459912749
-13.296482412060302           0.449719813414906
-13.180904522613066           0.44971964392353037
-13.065326633165828           0.44971922958288635
-12.949748743718594           0.4497196663183357
-12.834170854271356           0.4497192555517101
-12.71859296482412            0.4497197478200816
-12.603015075376884           0.44971915758521847
-12.487437185929648           0.4497196019562119
-12.371859296482413           0.4497195562618982
-12.256281407035175           0.4497196121672325
-12.14070351758794            0.4497194779400483
-12.025125628140703           0.4497196174296045
-11.909547738693467           0.4497193638597524
-11.793969849246231           0.4497192710347145
-11.678391959798995           0.44971943869989855
-11.56281407035176            0.4497194134896516
-11.447236180904522           0.44971957989083217
-11.331658291457286           0.449719456944645
-11.21608040201005            0.4497194012862196
-11.100502512562814           0.4497197541972699
-10.984924623115578           0.44971943362927824
-10.869346733668342           0.4497193276114215
-10.753768844221106           0.4497189441615401
-10.638190954773869           0.4497193687453
-10.522613065326633           0.44971929609418326
-10.407035175879397           0.44971935648620937
-10.291457286432161           0.44971960325208227
-10.175879396984925           0.44971929943962446
-10.06030150753769            0.44971920276256827
-9.944723618090451            0.44971926708462534
-9.829145728643216            0.44971923710497674
-9.71356783919598             0.4497194099925747
-9.597989949748744            0.4497192299025819
-9.482412060301508            0.449719230722458
-9.366834170854272            0.4497192416508426
-9.251256281407034            0.4497192154165518
-9.135678391959798            0.44971920661894105
-9.020100502512562            0.44971927427257485
-8.904522613065327            0.4497190595255728
-8.78894472361809             0.4497189331856598
-8.673366834170855            0.4497198052246612
-8.557788944723619            0.4497191412417312
-8.442211055276381            0.4497197594568898
-8.326633165829145            0.44971894017146413
-8.21105527638191             0.44971913269336433
-8.095477386934673            0.44971909744739985
-7.9798994974874375           0.4497191029557038
-7.864321608040202            0.44971907834356784
-7.748743718592964            0.4497190496080802
-7.633165829145728            0.4497190840042697
-7.517587939698492            0.44971897449857823
-7.402010050251256            0.4497191549816485
-7.28643216080402             0.4497190754105256
-7.170854271356784            0.4497190348838196
-7.055276381909547            0.4497188489986481
-6.939698492462311            0.44971900486229494
-6.824120603015075            0.4497190215869146
-6.708542713567839            0.4497189919148043
-6.592964824120603            0.44971897255464505
-6.477386934673367            0.4497188956612332
-6.361809045226131            0.449718960685226
-6.246231155778894            0.4497188933600224
-6.130653266331658            0.449718968602838
-6.015075376884422            0.449718969420329
-5.899497487437186            0.44971899938893883
-5.78391959798995             0.44971893949818087
-5.668341708542714            0.44971893869851426
-5.5527638190954764           0.44971886279635787
-5.4371859296482405           0.44971876773745956
-5.321608040201005            0.44971887442747344
-5.206030150753769            0.449718871855968
-5.090452261306533            0.44971888184606623
-4.974874371859297            0.4497189443556135
-4.859296482412061            0.4497190354981372
-4.743718592964823            0.44971888140352384
-4.628140703517587            0.44971893013737607
-4.5125628140703515           0.44971883389444295
-4.396984924623116            0.4497188446602799
-4.28140703517588             0.4497188532931235
-4.165829145728644            0.4497188359429126
-4.050251256281406            0.4497188278050948
-3.934673366834172            0.4497188370950265
-3.8190954773869343           0.44971883911152427
-3.7035175879396967           0.4497188071932312
-3.5879396984924625           0.4497188043684834
-3.472361809045225            0.4497187934728079
-3.3567839195979907           0.4497188026956802
-3.241206030150753            0.4497187715208618
-3.125628140703519            0.4497187630781009
-3.0100502512562812           0.44971875801462363
-2.8944723618090435           0.4497187207343405
-2.7788944723618094           0.4497186308685678
-2.6633165829145717           0.4497186144069103
-2.5477386934673376           0.4497185440831322
-2.4321608040201              0.4497183683100799
-2.316582914572866            0.4497180538422395
-2.201005025125628            0.44971748887651863
-2.0854271356783904           0.449716447093436
-1.9698492462311563           0.44971453359006197
-1.8542713567839186           0.4497110636469227
-1.7386934673366845           0.4497048347143325
-1.6231155778894468           0.44969345744690636
-1.5075376884422127           0.4496729364688412
-1.391959798994975            0.4496357157498126
-1.2763819095477373           0.4495684810960862
-1.1608040201005032           0.44944737837952864
-1.0452261306532655           0.4492299104938087
-0.9296482412060314           0.4488410463159241
-0.8140703517587937           0.44814921464731045
-0.698492462311556            0.44692599939979316
-0.5829145728643219           0.4447808130509124
-0.46733668341708423          0.44105528228670426
-0.3517587939698501           0.4346623731408721
-0.23618090452261245          0.42384913938693825
-0.12060301507537828          0.4058654998936268
-0.005025125628140596         0.37652713580235
0.11055276381909708           0.3296709340699229
0.22613065326633117           0.25650789940382096
0.34170854271356893           0.14487414245173888
0.457286432160803             -0.021643958065590795
0.5728643216080407            -0.26477071145835623
0.6884422110552748            -0.6128884293740903
0.8040201005025125            -1.102801673185902
0.9195979899497502            -1.7820682912219856
1.0351758793969843            -2.712078111184007
1.150753768844222             -3.9721436993486154
1.266331658291456             -5.665049923170884
1.3819095477386938            -7.924606239396345
1.4974874371859315            -10.925511171753815
1.6130653266331656            -14.895806785260005
1.7286432160804033            -20.1328573773854
1.8442211055276374            -27.024328050046176
1.959798994974875             -36.07574332850838
2.075376884422109             -47.94649972520767
2.190954773869347             -63.49684719809226
2.3065326633165846            -83.84917868010518
2.4221105527638187            -110.46799443351007
2.5376884422110564            -145.26423851926842
2.6532663316582905            -190.7314405405092
2.768844221105528             -251.87213530433823
