-20.0                         0.8280120654391452
-19.884422110552762           0.8280129351245978
-19.768844221105528           0.8280119602004146
-19.65326633165829            0.8280109998098983
-19.537688442211056           0.8280119453006308
-19.42211055276382            0.8280118506387387
-19.306532663316585           0.8280121222719881
-19.190954773869347           0.8280109182581532
-19.07537688442211            0.8280121007560919
-18.959798994974875           0.8280118202726326
-18.844221105527637           0.8280129783965194
-18.728643216080403           0.8280117861435592
-18.613065326633166           0.8280118840056606
-18.49748743718593            0.8280117737126632
-18.381909547738694           0.8280136940258758
-18.266331658291456           0.8280116198995127
-18.150753768844222           0.8280116988455576
-18.035175879396984           0.828011612897851
-17.91959798994975            0.8280116639418702
-17.804020100502512           0.8280120064050962
-17.688442211055275           0.8280119030893334
-17.57286432160804            0.8280114124263496
-17.457286432160803           0.8280113971316962
-17.34170854271357            0.8280116221246281
-17.22613065326633            0.828011735826398
-17.110552763819094           0.8280113468391141
-16.99497487437186            0.8280117155451755
-16.87939698492462            0.828011434951771
-16.763819095477388           0.8280118866055542
-16.64824120603015            0.8280114540274722
-16.532663316582916           0.8280113591568614
-16.417085427135678           0.8280114050685005
-16.301507537688444           0.8280109703760261
-16.185929648241206           0.8280114072604721
-16.07035175879397            0.8280115999955808
-15.954773869346734           0.828010503401681
-15.839195979899497           0.8280113050114509
-15.72361809045226            0.8280113680558647
-15.608040201005025           0.8280117860513766
-15.492462311557789           0.8280112723433761
-15.376884422110553           0.8280110964968752
-15.261306532663315           0.8280113697935655
-15.145728643216081           0.8280112647978262
-15.030150753768844           0.8280120269648922
-14.914572864321608           0.8280110417736354
-14.798994974874372           0.8280104295314827
-14.683417085427136           0.8280112564370016
-14.5678391959799             0.828011190584266
-14.452261306532662           0.8280111516761803
-14.336683417085428           0.8280110933414473
-14.22110552763819            0.8280113673778617
-14.105527638190955           0.8280110504797525
-13.989949748743719           0.8280102672174057
-13.874371859296481           0.8280109167082395
-13.758793969849247           0.8280116271761101
-13.64321608040201            0.8280110046109861
-13.527638190954773           0.8280104763695463
-13.412060301507537           0.8280110229069955
-13.296482412060302           0.8280109971690324
-13.180904522613066           0.828011109125044
-13.065326633165828           0.8280105959642161
-12.949748743718594           0.828011035961176
-12.834170854271356           0.8280105696239304
-12.71859296482412            0.8280111852475243
-12.603015075376884           0.8280104586980089
-12.487437185929648           0.8280110241533308
-12.371859296482413           0.8280108635900667
-12.256281407035175           0.8280110710443073
-12.14070351758794            0.8280108703953872
-12.025125628140703           0.8280108206799364
-11.909547738693467           0.828010714579692
-11.793969849246231           0.8280105922392295
-11.678391959798995           0.8280108391300237
-11.56281407035176            0.8280107948309101
-11.447236180904522           0.8280110897677035
-11.331658291457286           0.8280108564604824
-11.21608040201005            0.828010782693081
-11.100502512562814           0.8280111227847404
-10.984924623115578           0.8280108414802559
-10.869346733668342           0.8280107106811948
-10.753768844221106           0.8280101524991472
-10.638190954773869           0.8280108126845753
-10.522613065326633           0.828010642551827
-10.407035175879397           0.8280108148489355
-10.291457286432161           0.8280113301442651
-10.175879396984925           0.8280106864581633
-10.06030150753769            0.828010562813647
-9.944723618090451            0.8280106703465214
-9.829145728643216            0.8280104451326142
-9.71356783919598             0.82801103441042
-9.597989949748744            0.8280106437609235
-9.482412060301508            0.8280106228792374
-9.366834170854272            0.8280106942737064
-9.251256281407034            0.8280106236217276
-9.135678391959798            0.8280105817114601
-9.020100502512562            0.8280107412322129
-8.904522613065327            0.8280102838696569
-8.78894472361809             0.8280101906821278
-8.673366834170855            0.8280114840566841
-8.557788944723619            0.8280105736151574
-8.442211055276381            0.8280114275649922
-8.326633165829145            0.8280102115055251
-8.21105527638191             0.8280103985760334
-8.095477386934673            0.8280105760347803
-7.9798994974874375           0.8280105209200104
-7.864321608040202            0.8280104809238494
-7.748743718592964            0.8280104261003157
-7.633165829145728            0.8280105148886177
-7.517587939698492            0.8280102962524419
-7.402010050251256            0.8280107076070616
-7.28643216080402             0.8280104891012806
-7.170854271356784            0.8280104284971395
-7.055276381909547            0.8280101826695577
-6.939698492462311            0.8280104090332322
-6.824120603015075            0.8280104314198585
-6.708542713567839            0.8280103196876287
-6.592964824120603            0.8280103917945926
-6.477386934673367            0.8280103429222125
-6.361809045226131            0.8280103789575465
-6.246231155778894            0.8280102878801171
-6.130653266331658            0.8280103741764219
-6.015075376884422            0.8280103796947103
-5.899497487437186            0.8280104343493851
-5.78391959798995             0.8280103293273714
-5.668341708542714            0.8280103415334666
-5.5527638190954764           0.828010209155048
-5.4371859296482405           0.8280100969549625
-5.321608040201005            0.8280102133239698
-5.206030150753769            0.8280102594278397
-5.090452261306533            0.8280103263310219
-4.974874371859297            0.828010312280844
-4.859296482412061            0.8280104736833328
-4.743718592964823            0.8280102860293398
-4.628140703517587            0.8280103646804088
-4.5125628140703515           0.8280102235692106
-4.396984924623116            0.8280102429401326
-4.28140703517588             0.8280102617150705
-4.165829145728644            0.8280102388901678
-4.050251256281406            0.8280101764768046
-3.934673366834172            0.8280102543197926
-3.8190954773869343           0.8280102652820934
-3.7035175879396967           0.8280102141758103
-3.5879396984924625           0.8280102215262936
-3.472361809045225            0.8280102091937719
-3.3567839195979907           0.8280102277843306
-3.241206030150753            0.8280101788719003
-3.125628140703519            0.8280101751693726
-3.0100502512562812           0.8280101794410379
-2.8944723618090435           0.8280101903399714
-2.7788944723618094           0.8280100712160539
-2.6633165829145717           0.8280101470858566
-2.5477386934673376           0.8280101586114605
-2.4321608040201              0.8280101533050197
-2.316582914572866            0.8280101537187012
-2.201005025125628            0.8280101639318419
-2.0854271356783904           0.828010150696741
-1.9698492462311563           0.8280101062960039
-1.8542713567839186           0.8280100339116595
-1.7386934673366845           0.8280100052952034
-1.6231155778894468           0.8280098469022166
-1.5075376884422127           0.8280096315963013
-1.391959798994975            0.8280089648878486
-1.2763819095477373           0.8280074515327405
-1.1608040201005032           0.8280039331573629
-1.0452261306532655           0.8279957598221037
-0.9296482412060314           0.8279769587114193
-0.8140703517587937           0.8279339577244639
-0.698492462311556            0.8278358624961252
-0.5829145728643219           0.8276151053182962
-0.46733668341708423          0.8271238307957304
-0.3517587939698501           0.8260479468027482
-0.23618090452261245          0.8237398080501445
-0.12060301507537828          0.8189154659311313
-0.005025125628140596         0.8091513320870284
0.11055276381909708           0.7901328467099923
0.22613065326633117           0.754670353057927
0.34170854271356893           0.6915844634102901
0.457286432160803             0.5845985143389674
0.5728643216080407            0.41129049001002244
0.6884422110552748            0.14198098517345378
0.8040201005025125            -0.2617058399033069
0.9195979899497502            -0.8488919188025794
1.0351758793969843            -1.682345092522768
1.150753768844222             -2.842479131950259
1.266331658291456             -4.432880291390464
1.3819095477386938            -6.58792617608944
1.4974874371859315            -9.482771310759984
1.6130653266331656            -13.345856193550858
1.7286432160804033            -18.474865700918233
1.8442211055276374            -25.25769721746922
1.959798994974875             -34.20003760625335
2.075376884422109             -45.96139792304056
2.190954773869347             -61.402110378572694
2.3065326633165846            -81.64462784553633
2.4221105527638187            -108.15349476970462
2.5376884422110564            -142.83968807316646
2.6532663316582905            -188.19676197059977
2.768844221105528             -249.22788907318247
