-20.0                         0.6662098052105319
-19.884422110552762           0.6662105756881969
-19.768844221105528           0.6662097179650575
-19.65326633165829            0.6662088189060361
-19.537688442211056           0.66620968056248
-19.42211055276382            0.6662096517650313
-19.306532663316585           0.6662098701050277
-19.190954773869347           0.6662089045589211
-19.07537688442211            0.6662098047941198
-18.959798994974875           0.666209572191492
-18.844221105527637           0.6662105949973136
-18.728643216080403           0.6662095900528653
-18.613065326633166           0.6662095760087157
-18.49748743718593            0.6662095352745572
-18.381909547738694           0.6662111731545205
-18.266331658291456           0.6662093816182092
-18.150753768844222           0.6662094627871716
-18.035175879396984           0.6662092262948033
-17.91959798994975            0.6662094210941519
-17.804020100502512           0.6662096800604117
-17.688442211055275           0.6662096782606923
-17.57286432160804            0.6662092334546803
-17.457286432160803           0.6662091588884306
-17.34170854271357            0.6662094042904146
-17.22613065326633            0.6662095527710142
-17.110552763819094           0.666209109037254
-16.99497487437186            0.6662094045871267
-16.87939698492462            0.6662092958571595
-16.763819095477388           0.666209549369509
-16.64824120603015            0.6662092664049067
-16.532663316582916           0.6662090832518814
-16.417085427135678           0.666209176127222
-16.301507537688444           0.6662088522158282
-16.185929648241206           0.6662091678488081
-16.07035175879397            0.6662093108525561
-15.954773869346734           0.6662083875584973
-15.839195979899497           0.6662090616966986
-15.72361809045226            0.66620909981929
-15.608040201005025           0.6662093416716675
-15.492462311557789           0.6662090150379543
-15.376884422110553           0.6662087856731755
-15.261306532663315           0.6662091120936743
-15.145728643216081           0.6662089976093868
-15.030150753768844           0.6662096671171969
-14.914572864321608           0.6662088041758241
-14.798994974874372           0.6662082735180246
-14.683417085427136           0.6662089839095906
-14.5678391959799             0.6662089348963285
-14.452261306532662           0.6662088976277492
-14.336683417085428           0.6662088444205008
-14.22110552763819            0.6662089758790639
-14.105527638190955           0.6662088109568491
-13.989949748743719           0.6662080965513661
-13.874371859296481           0.6662086850995168
-13.758793969849247           0.6662093964300712
-13.64321608040201            0.6662087685872253
-13.527638190954773           0.6662083487457385
-13.412060301507537           0.6662087716694568
-13.296482412060302           0.6662088425943492
-13.180904522613066           0.6662088200341085
-13.065326633165828           0.6662083345441311
-12.949748743718594           0.6662087949229736
-12.834170854271356           0.6662083407990662
-12.71859296482412            0.6662089174509628
-12.603015075376884           0.6662082244493379
-12.487437185929648           0.6662087611113978
-12.371859296482413           0.6662086510355559
-12.256281407035175           0.6662087911912348
-12.14070351758794            0.6662086142987066
-12.025125628140703           0.6662086545438723
-11.909547738693467           0.6662084744947331
-11.793969849246231           0.6662083479608951
-11.678391959798995           0.6662085779195522
-11.56281407035176            0.6662085430588413
-11.447236180904522           0.6662087879810494
-11.331658291457286           0.6662086007957291
-11.21608040201005            0.6662085321721781
-11.100502512562814           0.6662088881817311
-10.984924623115578           0.6662085829843072
-10.869346733668342           0.6662084582029544
-10.753768844221106           0.6662079659575842
-10.638190954773869           0.6662085337718172
-10.522613065326633           0.6662084046703649
-10.407035175879397           0.6662085350039417
-10.291457286432161           0.6662089424257294
-10.175879396984925           0.6662084350020181
-10.06030150753769            0.6662083194892363
-9.944723618090451            0.6662084088377972
-9.829145728643216            0.6662082669607505
-9.71356783919598             0.6662086903384138
-9.597989949748744            0.6662083774286307
-9.482412060301508            0.6662083662228846
-9.366834170854272            0.6662084145436742
-9.251256281407034            0.6662083618866099
-9.135678391959798            0.666208335423217
-9.020100502512562            0.6662084645539783
-8.904522613065327            0.6662080937891487
-8.78894472361809             0.66620798679179
-8.673366834170855            0.6662091206081779
-8.557788944723619            0.6662083016073419
-8.442211055276381            0.6662090681574682
-8.326633165829145            0.6662080026836426
-8.21105527638191             0.6662081985072345
-8.095477386934673            0.666208279942123
-7.9798994974874375           0.6662082555148486
-7.864321608040202            0.6662082206426211
-7.748743718592964            0.6662081769362748
-7.633165829145728            0.6662082434274107
-7.517587939698492            0.6662080637551896
-7.402010050251256            0.6662083909360603
-7.28643216080402             0.6662082265501913
-7.170854271356784            0.6662081727378706
-7.055276381909547            0.6662079448318805
-6.939698492462311            0.6662081477611107
-6.824120603015075            0.6662081699895864
-6.708542713567839            0.6662080908162559
-6.592964824120603            0.666208124460809
-6.477386934673367            0.6662080602795385
-6.361809045226131            0.6662081109677601
-6.246231155778894            0.6662080305955771
-6.130653266331658            0.6662081153192725
-6.015075376884422            0.6662081204351553
-5.899497487437186            0.6662081678443322
-5.78391959798995             0.666208076289914
-5.668341708542714            0.6662080822271239
-5.5527638190954764           0.6662079692213693
-5.4371859296482405           0.6662078653651743
-5.321608040201005            0.6662079789958563
-5.206030150753769            0.6662080032471142
-5.090452261306533            0.6662080465014992
-4.974874371859297            0.6662080722870128
-4.859296482412061            0.6662082055879095
-4.743718592964823            0.6662080276037835
-4.628140703517587            0.6662080932826825
-4.5125628140703515           0.6662079671091702
-4.396984924623116            0.6662079861749207
-4.28140703517588             0.6662080012134189
-4.165829145728644            0.6662079794795702
-4.050251256281406            0.6662079402762844
-3.934673366834172            0.6662079896623745
-3.8190954773869343           0.66620799699138
-3.7035175879396967           0.6662079532134676
-3.5879396984924625           0.6662079559300469
-3.472361809045225            0.6662079446212823
-3.3567839195979907           0.6662079608585508
-3.241206030150753            0.6662079175679728
-3.125628140703519            0.666207916028706
-3.0100502512562812           0.6662079203958743
-2.8944723618090435           0.666207915649342
-2.7788944723618094           0.6662078202241359
-2.6633165829145717           0.666207877974693
-2.5477386934673376           0.66620789448174
-2.4321608040201              0.6662078863969766
-2.316582914572866            0.6662078786977847
-2.201005025125628            0.6662078723634249
-2.0854271356783904           0.6662078315480797
-1.9698492462311563           0.6662077282456684
-1.8542713567839186           0.6662075304351137
-1.7386934673366845           0.6662072249261742
-1.6231155778894468           0.6662064930699971
-1.5075376884422127           0.6662050734585154
-1.391959798994975            0.6662019364913682
-1.2763819095477373           0.6661953148470457
-1.1608040201005032           0.6661813509229766
-1.0452261306532655           0.6661519621685364
-0.9296482412060314           0.6660904622708314
-0.8140703517587937           0.6659624607071222
-0.698492462311556            0.6656976044576371
-0.5829145728643219           0.6651552686765826
-0.46733668341708423          0.6640573480808096
-0.3517587939698501           0.661867927584102
-0.23618090452261245          0.6575839248063475
-0.12060301507537828          0.6493955036687218
-0.005025125628140596         0.6341779649607934
0.11055276381909708           0.6068018947116333
0.22613065326633117           0.5592919882916906
0.34170854271356893           0.4799013151345305
0.457286432160803             0.35215306135157887
0.5728643216080407            0.15382399296975893
0.6884422110552748            -0.14426073343246598
0.8040201005025125            -0.5798206645144838
0.9195979899497502            -1.2013097922563476
1.0351758793969843            -2.0709057105565694
1.150753768844222             -3.26855267365614
1.266331658291456             -4.897497943980293
1.3819095477386938            -7.091882375902866
1.4974874371859315            -10.026674537191184
1.6130653266331656            -13.930155066422813
1.7286432160804033            -19.099881593777567
1.8442211055276374            -25.923660189155964
1.959798994974875             -34.90711446544971
2.075376884422109             -46.70971117950582
2.190954773869347             -62.19175091577624
2.3065326633165846            -82.47566360394866
2.4221105527638187            -109.02597683690642
2.5376884422110564            -143.75365503646273
2.6532663316582905            -189.15224307471814
2.768844221105528             -250.22467299278046
