-20.0                         0.44670977495015174
-19.884422110552762           0.4467103918351416
-19.768844221105528           0.4467097111693847
-19.65326633165829            0.4467089507270657
-19.537688442211056           0.44670967230864206
-19.42211055276382            0.4467097159919365
-19.306532663316585           0.44670981126215065
-19.190954773869347           0.44670927591660065
-19.07537688442211            0.4467097265331932
-18.959798994974875           0.44670957936381656
-18.844221105527637           0.44671028199326257
-18.728643216080403           0.44670961665449666
-18.613065326633166           0.44670950331032105
-18.49748743718593            0.44670953203890557
-18.381909547738694           0.44671067979880863
-18.266331658291456           0.44670939962687556
-18.150753768844222           0.4467094789569842
-18.035175879396984           0.4467090847340531
-17.91959798994975            0.4467094145688357
-17.804020100502512           0.4467095538403016
-17.688442211055275           0.44670963012744935
-17.57286432160804            0.44670934147783664
-17.457286432160803           0.4467091817862349
-17.34170854271357            0.44670940368086903
-17.22613065326633            0.44670956383469906
-17.110552763819094           0.44670914157860075
-16.99497487437186            0.44670931849443635
-16.87939698492462            0.4467093924703392
-16.763819095477388           0.4467094164130181
-16.64824120603015            0.44670931312399614
-16.532663316582916           0.44670910246322754
-16.417085427135678           0.4467092053036048
-16.301507537688444           0.446709051376772
-16.185929648241206           0.4467091674654655
-16.07035175879397            0.44670924689056907
-15.954773869346734           0.44670860538146395
-15.839195979899497           0.4467090707429657
-15.72361809045226            0.4467090840826585
-15.608040201005025           0.4467090949759105
-15.492462311557789           0.4467090055309824
-15.376884422110553           0.44670877223384403
-15.261306532663315           0.4467090854093498
-15.145728643216081           0.44670897796424486
-15.030150753768844           0.4467094351261827
-14.914572864321608           0.4467088271050898
-14.798994974874372           0.44670845873057924
-14.683417085427136           0.4467089507155942
-14.5678391959799             0.44670893993673727
-14.452261306532662           0.446708905825008
-14.336683417085428           0.44670884625965446
-14.22110552763819            0.4467088139728248
-14.105527638190955           0.44670883353057506
-13.989949748743719           0.44670823636052437
-13.874371859296481           0.44670871581041616
-13.758793969849247           0.4467093803453534
-13.64321608040201            0.4467087899723695
-13.527638190954773           0.44670854876195937
-13.412060301507537           0.4467087738830731
-13.296482412060302           0.4467089421952778
-13.180904522613066           0.44670877114364155
-13.065326633165828           0.44670835825339883
-12.949748743718594           0.4467087939776091
-12.834170854271356           0.4467083842040342
-12.71859296482412            0.446708874831995
-12.603015075376884           0.44670828681166674
-12.487437185929648           0.44670872920790305
-12.371859296482413           0.4467086843258617
-12.256281407035175           0.4467087391895905
-12.14070351758794            0.4467086056538821
-12.025125628140703           0.44670874620196993
-11.909547738693467           0.44670849200562485
-11.793969849246231           0.446708400050835
-11.678391959798995           0.4467085664104448
-11.56281407035176            0.44670854132016496
-11.447236180904522           0.4467087064531863
-11.331658291457286           0.44670858445140293
-11.21608040201005            0.4467085290518382
-11.100502512562814           0.4467088815501755
-10.984924623115578           0.44670856103752116
-10.869346733668342           0.44670845542020393
-10.753768844221106           0.44670807380048594
-10.638190954773869           0.44670849606895896
-10.522613065326633           0.4467084242363681
-10.407035175879397           0.4467084835479483
-10.291457286432161           0.446708727803045
-10.175879396984925           0.4467084271052493
-10.06030150753769            0.446708330797288
-9.944723618090451            0.44670839472661766
-9.829145728643216            0.44670836629170063
-9.71356783919598             0.4467085354494553
-9.597989949748744            0.4467083574845324
-9.482412060301508            0.44670835845288653
-9.366834170854272            0.44670836881348397
-9.251256281407034            0.44670834295487405
-9.135678391959798            0.4467083343537226
-9.020100502512562            0.4467084009840097
-8.904522613065327            0.44670818881898566
-8.78894472361809             0.44670806225230236
-8.673366834170855            0.44670892991983674
-8.557788944723619            0.4467082685886241
-8.442211055276381            0.44670888426446487
-8.326633165829145            0.4467080690791568
-8.21105527638191             0.44670826130163016
-8.095477386934673            0.4467082246275232
-7.9798994974874375           0.44670823041590085
-7.864321608040202            0.4467082059719991
-7.748743718592964            0.44670817745308106
-7.633165829145728            0.4467082113659256
-7.517587939698492            0.44670810301932945
-7.402010050251256            0.4467082811291796
-7.28643216080402             0.4467082028442476
-7.170854271356784            0.44670816254965484
-7.055276381909547            0.44670797749692426
-6.939698492462311            0.4467081324855072
-6.824120603015075            0.4467081490735997
-6.708542713567839            0.4467081201682746
-6.592964824120603            0.44670810004909506
-6.477386934673367            0.4467080230795455
-6.361809045226131            0.4467080882290021
-6.246231155778894            0.4467080210814218
-6.130653266331658            0.44670809609972606
-6.015075376884422            0.44670809683316176
-5.899497487437186            0.44670812647174707
-5.78391959798995             0.4467080671472336
-5.668341708542714            0.4467080662743394
-5.5527638190954764           0.4467079910030955
-5.4371859296482405           0.4467078960885736
-5.321608040201005            0.4467080025887439
-5.206030150753769            0.4467079996739546
-5.090452261306533            0.4467080092151462
-4.974874371859297            0.4467080720107736
-4.859296482412061            0.44670816250372997
-4.743718592964823            0.4467080089080062
-4.628140703517587            0.4467080573926106
-4.5125628140703515           0.44670796167351523
-4.396984924623116            0.4467079722531613
-4.28140703517588             0.44670798078099344
-4.165829145728644            0.4467079635153079
-4.050251256281406            0.44670795580004974
-3.934673366834172            0.446707964517225
-3.8190954773869343           0.4467079664414335
-3.7035175879396967           0.4467079347001459
-3.5879396984924625           0.44670793177583223
-3.472361809045225            0.44670792082532623
-3.3567839195979907           0.4467079298256986
-3.241206030150753            0.4467078986916123
-3.125628140703519            0.44670788978550824
-3.0100502512562812           0.4467078840109386
-2.8944723618090435           0.44670784533102365
-2.7788944723618094           0.4467077538464919
-2.6633165829145717           0.44670773334396635
-2.5477386934673376           0.44670765656536005
-2.4321608040201              0.4467074694416189
-2.316582914572866            0.4467071351368379
-2.201005025125628            0.4467065355866193
-2.0854271356783904           0.44670543390571044
-1.9698492462311563           0.4467034167145248
-1.8542713567839186           0.44669976775512316
-1.7386934673366845           0.4466932304728272
-1.6231155778894468           0.4466813251554644
-1.5075376884422127           0.4466599036601168
-1.391959798994975            0.4466211566308518
-1.2763819095477373           0.446551350600382
-1.1608040201005032           0.4464259488493754
-1.0452261306532655           0.4462013570534357
-0.9296482412060314           0.4458008115573162
-0.8140703517587937           0.44509006454875133
-0.698492462311556            0.44383667729236453
-0.5829145728643219           0.44164421486804883
-0.46733668341708423          0.43784616471987997
-0.3517587939698501           0.43134475499434405
-0.23618090452261245          0.42037380676926495
-0.12060301507537828          0.4021682902165027
-0.005025125628140596         0.3725288163834882
0.11055276381909708           0.325279320888291
0.22613065326633117           0.25162228749471566
0.34170854271356893           0.13939132812638086
0.457286432160803             -0.027823384806741302
0.5728643216080407            -0.27173716964927
0.6884422110552748            -0.6207200960409889
0.8040201005025125            -1.1115632989568833
0.9195979899497502            -1.791811666206512
1.0351758793969843            -2.7228436083128664
1.150753768844222             -3.9839624612561613
1.266331658291456             -5.677946262932447
1.3819095477386938            -7.93859948240595
1.4974874371859315            -10.940616473712788
1.6130653266331656            -14.912035549436373
1.7286432160804033            -20.150217929579455
1.8442211055276374            -27.04282644846839
1.959798994974875             -36.09538402217614
2.075376884422109             -47.967286013409996
2.190954773869347             -63.51878154642903
2.3065326633165846            -83.87226294206499
2.4221105527638187            -110.49223000875433
2.5376884422110564            -145.28962646841893
2.6532663316582905            -190.75798166938822
2.768844221105528             -251.8998237465493
