-20.0                         0.44223662177341
-19.884422110552762           0.4422372348758497
-19.768844221105528           0.4422365584482268
-19.65326633165829            0.4422358018676733
-19.537688442211056           0.4422365198382369
-19.42211055276382            0.44223656473236095
-19.306532663316585           0.442236656888381
-19.190954773869347           0.44223613192530026
-19.07537688442211            0.44223657226459706
-18.959798994974875           0.4422364271591169
-18.844221105527637           0.4422371209696946
-18.728643216080403           0.4422364640621226
-18.613065326633166           0.4422363495200187
-18.49748743718593            0.4422363793349699
-18.381909547738694           0.4422375149106998
-18.266331658291456           0.4422362476483513
-18.150753768844222           0.4422363268056657
-18.035175879396984           0.44223593027385216
-17.91959798994975            0.44223626185043846
-17.804020100502512           0.4422363985166247
-17.688442211055275           0.44223647541488037
-17.57286432160804            0.44223619120535224
-17.457286432160803           0.44223603000789113
-17.34170854271357            0.44223625059135263
-17.22613065326633            0.4422364102653704
-17.110552763819094           0.44223599015447673
-16.99497487437186            0.44223616439850416
-16.87939698492462            0.442236240996245
-16.763819095477388           0.4422362610039369
-16.64824120603015            0.4422361609517976
-16.532663316582916           0.44223595118894343
-16.417085427135678           0.44223605350063744
-16.301507537688444           0.4422359031631458
-16.185929648241206           0.44223601479985397
-16.07035175879397            0.4422360930285903
-15.954773869346734           0.4422354582193523
-15.839195979899497           0.44223591853472993
-15.72361809045226            0.4422359314351514
-15.608040201005025           0.4422359379737454
-15.492462311557789           0.44223585294369905
-15.376884422110553           0.4422356207534835
-15.261306532663315           0.44223593218521695
-15.145728643216081           0.4422358252286825
-15.030150753768844           0.44223627661217957
-14.914572864321608           0.4422356753089016
-14.798994974874372           0.44223531123778426
-14.683417085427136           0.44223579759037457
-14.5678391959799             0.4422357877189941
-14.452261306532662           0.44223575369098006
-14.336683417085428           0.4422356939041625
-14.22110552763819            0.4422356588872764
-14.105527638190955           0.44223568168792093
-13.989949748743719           0.4422350875346234
-13.874371859296481           0.44223556416472487
-13.758793969849247           0.4422362266566526
-13.64321608040201            0.44223563800009874
-13.527638190954773           0.44223540102951536
-13.412060301507537           0.44223562154781887
-13.296482412060302           0.4422357911461819
-13.180904522613066           0.4422356178130388
-13.065326633165828           0.4422352071138116
-12.949748743718594           0.4422356412837154
-12.834170854271356           0.44223523301648276
-12.71859296482412            0.4422357211698827
-12.603015075376884           0.4422351365001645
-12.487437185929648           0.4422355759108962
-12.371859296482413           0.4422355322292199
-12.256281407035175           0.44223558555492193
-12.14070351758794            0.4422354530531457
-12.025125628140703           0.4422355951485995
-11.909547738693467           0.4422353400531009
-11.793969849246231           0.44223524941628517
-11.678391959798995           0.44223541380673065
-11.56281407035176            0.44223538889464764
-11.447236180904522           0.4422355521290576
-11.331658291457286           0.4422354315353732
-11.21608040201005            0.4422353765261945
-11.100502512562814           0.44223572838126085
-10.984924623115578           0.4422354079735159
-10.869346733668342           0.4422353029617072
-10.753768844221106           0.44223492408737247
-10.638190954773869           0.44223534288797717
-10.522613065326633           0.4422352722749141
-10.407035175879397           0.4422353299752504
-10.291457286432161           0.44223557047670226
-10.175879396984925           0.44223527442891214
-10.06030150753769            0.442235178677448
-9.944723618090451            0.4422352420186278
-9.829145728643216            0.4422352158772627
-9.71356783919598             0.4422353794791399
-9.597989949748744            0.4422352046889278
-9.482412060301508            0.44223520587626264
-9.366834170854272            0.4422352153910713
-9.251256281407034            0.4422351900906202
-9.135678391959798            0.4422351817777904
-9.020100502512562            0.4422352468785257
-8.904522613065327            0.4422350385761494
-8.78894472361809             0.4422349116781939
-8.673366834170855            0.44223577279067483
-8.557788944723619            0.4422351154401341
-8.442211055276381            0.4422357273039089
-8.326633165829145            0.4422349182659862
-8.21105527638191             0.4422351100222525
-8.095477386934673            0.44223507124126205
-7.9798994974874375           0.4422350774365291
-7.864321608040202            0.4422350532439741
-7.748743718592964            0.44223502504787476
-7.633165829145728            0.44223505823932885
-7.517587939698492            0.4422349516266903
-7.402010050251256            0.44223512618958366
-7.28643216080402             0.44223504982175554
-7.170854271356784            0.4422350098753096
-7.055276381909547            0.4422348260785835
-6.939698492462311            0.442234979749769
-6.824120603015075            0.4422349961309495
-6.708542713567839            0.4422349683707291
-6.592964824120603            0.4422349471221376
-6.477386934673367            0.442234870046996
-6.361809045226131            0.44223493537698544
-6.246231155778894            0.44223486849374166
-6.130653266331658            0.44223494317167406
-6.015075376884422            0.4422349437792761
-5.899497487437186            0.44223497292165687
-5.78391959798995             0.4422349144458257
-5.668341708542714            0.4422349134654615
-5.5527638190954764           0.4422348391390604
-5.4371859296482405           0.4422347444429637
-5.321608040201005            0.44223485065207674
-5.206030150753769            0.4422348472292532
-5.090452261306533            0.44223485610530316
-4.974874371859297            0.4422349193096039
-4.859296482412061            0.4422350088322428
-4.743718592964823            0.44223485599125895
-4.628140703517587            0.44223490410356003
-4.5125628140703515           0.4422348091700624
-4.396984924623116            0.44223481946903936
-4.28140703517588             0.44223482783950024
-4.165829145728644            0.4422348107003289
-4.050251256281406            0.4422348036112988
-3.934673366834172            0.44223481147584054
-3.8190954773869343           0.44223481325965397
-3.7035175879396967           0.44223478177931097
-3.5879396984924625           0.4422347787000558
-3.472361809045225            0.4422347676549443
-3.3567839195979907           0.44223477630089586
-3.241206030150753            0.4422347451915197
-3.125628140703519            0.4422347355284163
-3.0100502512562812           0.44223472858330876
-2.8944723618090435           0.44223468763438417
-2.7788944723618094           0.44223459342101307
-2.6633165829145717           0.4422345663613284
-2.5477386934673376           0.442234479057532
-2.4321608040201              0.44223427350209443
-2.316582914572866            0.44223390709773835
-2.201005025125628            0.4422332517776498
-2.0854271356783904           0.4422320538136179
-1.9698492462311563           0.44222987051062246
-1.8542713567839186           0.44222593573720426
-1.7386934673366845           0.4422189078630665
-1.6231155778894468           0.44220616526070583
-1.5075376884422127           0.4421833207912851
-1.391959798994975            0.4421421701487667
-1.2763819095477373           0.4420683286748006
-1.1608040201005032           0.4419362033524696
-1.0452261306532655           0.4417005083647835
-0.9296482412060314           0.4412818194077356
-0.8140703517587937           0.44054179431333784
-0.698492462311556            0.43924186553508676
-0.5829145728643219           0.4369767255781593
-0.46733668341708423          0.43306756297867405
-0.3517587939698501           0.42640044850862663
-0.23618090452261245          0.4151893765489775
-0.12060301507537828          0.39664701598383445
-0.005025125628140596         0.36655159637341006
0.11055276381909708           0.31870791788434266
0.22613065326633117           0.24430597695015535
0.34170854271356893           0.13117586294462003
0.457286432160803             -0.03708644884379761
0.5728643216080407            -0.28218279290674336
0.6884422110552748            -0.6324649607189362
0.8040201005025125            -1.1247040704329299
0.9195979899497502            -1.8064256935840535
1.0351758793969843            -2.7389912208359934
1.150753768844222             -4.0016902229488
1.266331658291456             -5.69729054810024
1.3819095477386938            -7.959589217826793
1.4974874371859315            -10.963274353422326
1.6130653266331656            -14.936378654161787
1.7286432160804033            -20.17625873415406
1.8442211055276374            -27.070574032471185
1.959798994974875             -36.12484505480331
2.075376884422109             -47.99846544114644
2.190954773869347             -63.551683066277505
2.3065326633165846            -83.90688933345581
2.4221105527638187            -110.5285833707161
2.5376884422110564            -145.32770839161572
2.6532663316582905            -190.79779336239704
2.768844221105528             -251.94135640986588
