-20.0                         0.4305644808893696
-19.884422110552762           0.430565083886748
-19.768844221105528           0.43056441874968765
-19.65326633165829            0.4305636725471114
-19.537688442211056           0.4305643808353426
-19.42211055276382            0.43056442881992557
-19.306532663316585           0.4305645127341817
-19.190954773869347           0.43056401525809185
-19.07537688442211            0.4305644284813471
-18.959798994974875           0.43056428884415066
-18.844221105527637           0.43056495904482045
-18.728643216080403           0.43056432455783455
-18.613065326633166           0.43056420708205534
-18.49748743718593            0.4305642396633244
-18.381909547738694           0.43056534278325465
-18.266331658291456           0.43056410993644334
-18.150753768844222           0.43056418859633544
-18.035175879396984           0.43056378629821773
-17.91959798994975            0.4305641221551527
-17.804020100502512           0.4305642519650882
-17.688442211055275           0.4305643302213008
-17.57286432160804            0.43056405787239194
-17.457286432160803           0.43056389284853736
-17.34170854271357            0.43056410980457105
-17.22613065326633            0.4305642680244441
-17.110552763819094           0.43056385396073144
-16.99497487437186            0.43056402116465825
-16.87939698492462            0.43056410430160474
-16.763819095477388           0.43056411422771323
-16.64824120603015            0.43056402252542153
-16.532663316582916           0.430563815450448
-16.417085427135678           0.43056391622666595
-16.301507537688444           0.43056377526126205
-16.185929648241206           0.43056387521286543
-16.07035175879397            0.43056395033931094
-15.954773869346734           0.4305633333094481
-15.839195979899497           0.43056378020818414
-15.72361809045226            0.43056379196540895
-15.608040201005025           0.43056378725455047
-15.492462311557789           0.4305637136259825
-15.376884422110553           0.4305634846314166
-15.261306532663315           0.43056379113149623
-15.145728643216081           0.430563685537832
-15.030150753768844           0.4305641214644686
-14.914572864321608           0.4305635380971943
-14.798994974874372           0.4305631855412549
-14.683417085427136           0.4305636568525889
-14.5678391959799             0.4305636493611411
-14.452261306532662           0.4305636155585184
-14.336683417085428           0.430563555192457
-14.22110552763819            0.4305635132165585
-14.105527638190955           0.43056354432903826
-13.989949748743719           0.4305629582610777
-13.874371859296481           0.4305634273430956
-13.758793969849247           0.4305640841619423
-13.64321608040201            0.4305635002758115
-13.527638190954773           0.4305632745382777
-13.412060301507537           0.43056348288254104
-13.296482412060302           0.4305636556365251
-13.180904522613066           0.43056347656545974
-13.065326633165828           0.43056307179918424
-12.949748743718594           0.43056350160535917
-12.834170854271356           0.43056309745346494
-12.71859296482412            0.4305635789262307
-12.603015075376884           0.4305630033592052
-12.487437185929648           0.43056343467363856
-12.371859296482413           0.43056339408688016
-12.256281407035175           0.4305634434539362
-12.14070351758794            0.4305633136893796
-12.025125628140703           0.4305634596727483
-11.909547738693467           0.4305632024188555
-11.793969849246231           0.43056311536634034
-11.678391959798995           0.43056327444591724
-11.56281407035176            0.4305632499992208
-11.447236180904522           0.43056340819229044
-11.331658291457286           0.4305632913036444
-11.21608040201005            0.43056323734740837
-11.100502512562814           0.43056358734407035
-10.984924623115578           0.4305632673461252
-10.869346733668342           0.4305631639761062
-10.753768844221106           0.43056279242356676
-10.638190954773869           0.4305632020057724
-10.522613065326633           0.43056313459621637
-10.407035175879397           0.4305631880570698
-10.291457286432161           0.430563418623112
-10.175879396984925           0.43056313484458614
-10.06030150753769            0.4305630405935486
-9.944723618090451            0.4305631023714828
-9.829145728643216            0.43056308220639666
-9.71356783919598             0.4305632312261761
-9.597989949748744            0.4305630648224634
-9.482412060301508            0.43056306657159343
-9.366834170854272            0.43056307386678544
-9.251256281407034            0.43056305002271783
-9.135678391959798            0.43056304244152394
-9.020100502512562            0.4305631034982675
-8.904522613065327            0.4305629054307636
-8.78894472361809             0.4305627777033525
-8.673366834170855            0.43056362134859333
-8.557788944723619            0.4305629746314857
-8.442211055276381            0.43056357631148107
-8.326633165829145            0.43056278364986117
-8.21105527638191             0.430562974061786
-8.095477386934673            0.43056292987055667
-7.9798994974874375           0.4305629370739658
-7.864321608040202            0.4305629135454073
-7.748743718592964            0.43056288619832334
-7.633165829145728            0.4305629174874346
-7.517587939698492            0.4305628154690547
-7.402010050251256            0.4305629806532936
-7.28643216080402             0.43056290932417296
-7.170854271356784            0.43056287030562784
-7.055276381909547            0.43056268990087987
-6.939698492462311            0.4305628400312353
-6.824120603015075            0.4305628558486241
-6.708542713567839            0.43056283111148497
-6.592964824120603            0.4305628069052918
-6.477386934673367            0.43056272959913755
-6.361809045226131            0.43056279536524605
-6.246231155778894            0.430562729174963
-6.130653266331658            0.430562802924393
-6.015075376884422            0.4305628031984212
-5.899497487437186            0.4305628310115307
-5.78391959798995             0.4305627747931286
-5.668341708542714            0.43056277353995
-5.5527638190954764           0.43056270172295025
-5.4371859296482405           0.4305626076214983
-5.321608040201005            0.43056271301658633
-5.206030150753769            0.4305627082795192
-5.090452261306533            0.43056271543064367
-4.974874371859297            0.43056277960525474
-4.859296482412061            0.4305628665641742
-4.743718592964823            0.43056271577348876
-4.628140703517587            0.4305627629017102
-4.5125628140703515           0.430562670061256
-4.396984924623116            0.43056267960442857
-4.28140703517588             0.43056268755576016
-4.165829145728644            0.43056267075130555
-4.050251256281406            0.43056266528585013
-3.934673366834172            0.430562670913589
-3.8190954773869343           0.4305626723082059
-3.7035175879396967           0.4305626414913027
-3.5879396984924625           0.4305626379568214
-3.472361809045225            0.4305626265718568
-3.3567839195979907           0.43056263412659146
-3.241206030150753            0.4305626028275417
-3.125628140703519            0.43056259071520525
-3.0100502512562812           0.4305625799286227
-2.8944723618090435           0.43056253175408327
-2.7788944723618094           0.43056242820743273
-2.6633165829145717           0.4305623802811501
-2.5477386934673376           0.4305622592067901
-2.4321608040201              0.4305619950422369
-2.316582914572866            0.43056152736233566
-2.201005025125628            0.43056069744664466
-2.0854271356783904           0.4305592002107825
-1.9698492462311563           0.4305565044821591
-1.8542713567839186           0.4305516947263687
-1.7386934673366845           0.4305431766067319
-1.6231155778894468           0.4305279099007793
-1.5075376884422127           0.43050080847650923
-1.391959798994975            0.43045252178465704
-1.2763819095477373           0.43036679113469034
-1.1608040201005032           0.4302150082507257
-1.0452261306532655           0.4299470993850233
-0.9296482412060314           0.4294761730449581
-0.8140703517587937           0.4286524957632802
-0.698492462311556            0.4272205986287517
-0.5829145728643219           0.4247509265866394
-0.46733668341708423          0.42053136354041
-0.3517587939698501           0.41340463126178106
-0.23618090452261245          0.4015320261082832
-0.12060301507537828          0.3820675006297122
-0.005025125628140596         0.35073093601496624
0.11055276381909708           0.3012778136755923
0.22613065326633117           0.2248665312831468
0.34170854271356893           0.10931907197517983
0.457286432160803             -0.06175248844844588
0.5728643216080407            -0.31001406378744495
0.6884422110552748            -0.6637692098002697
0.8040201005025125            -1.1597363864762265
0.9195979899497502            -1.845390381816996
1.0351758793969843            -2.7820478172150795
1.150753768844222             -4.048962023441029
1.266331658291456             -5.7488739943180045
1.3819095477386938            -8.015561089515204
1.4974874371859315            -11.023694936922839
1.6130653266331656            -15.001293356637902
1.7286432160804033            -20.2457007406525
1.8442211055276374            -27.14456750989107
1.959798994974875             -36.20340776229852
2.075376884422109             -48.081610554992395
2.190954773869347             -63.639420436958034
2.3065326633165846            -83.99922636807933
2.4221105527638187            -110.6255256639745
2.5376884422110564            -145.42926018370395
2.6532663316582905            -190.90395787527078
2.768844221105528             -252.0521101787101
