-20.0                         0.30690514494449184
-19.884422110552762           0.306905590635428
-19.768844221105528           0.30690509605349936
-19.65326633165829            0.30690451712422834
-19.537688442211056           0.30690506835589837
-19.42211055276382            0.30690513830203486
-19.306532663316585           0.30690512101659845
-19.190954773869347           0.3069049782222325
-19.07537688442211            0.30690505060757617
-18.959798994974875           0.30690498313329023
-18.844221105527637           0.3069053057769323
-18.728643216080403           0.30690498425121027
-18.613065326633166           0.30690485996180694
-18.49748743718593            0.3069049140142226
-18.381909547738694           0.30690554657835484
-18.266331658291456           0.3069048150697853
-18.150753768844222           0.30690487894060503
-18.035175879396984           0.3069044594553608
-17.91959798994975            0.3069047984692785
-17.804020100502512           0.3069048425061093
-17.688442211055275           0.30690490401414294
-17.57286432160804            0.30690479526024966
-17.457286432160803           0.30690460960540106
-17.34170854271357            0.3069047573415277
-17.22613065326633            0.3069048677273298
-17.110552763819094           0.3069045871741497
-16.99497487437186            0.30690466483101914
-16.87939698492462            0.30690477476363853
-16.763819095477388           0.30690469967030387
-16.64824120603015            0.3069046885055034
-16.532663316582916           0.30690455585266635
-16.417085427135678           0.3069046212754736
-16.301507537688444           0.3069045804849791
-16.185929648241206           0.3069045476251848
-16.07035175879397            0.30690458923849817
-15.954773869346734           0.30690422092381214
-15.839195979899497           0.3069044756409227
-15.72361809045226            0.3069044735724813
-15.608040201005025           0.3069043656729709
-15.492462311557789           0.3069043978381319
-15.376884422110553           0.3069042489874572
-15.261306532663315           0.3069044451183418
-15.145728643216081           0.30690436732986903
-15.030150753768844           0.3069045773848828
-14.914572864321608           0.3069042531537713
-14.798994974874372           0.3069040734385645
-14.683417085427136           0.30690432257032774
-14.5678391959799             0.3069043398812585
-14.452261306532662           0.30690431008518265
-14.336683417085428           0.3069042463571853
-14.22110552763819            0.30690415365017176
-14.105527638190955           0.3069042507018341
-13.989949748743719           0.3069037954178726
-13.874371859296481           0.30690414600261756
-13.758793969849247           0.30690467682182354
-13.64321608040201            0.306904198817687
-13.527638190954773           0.3069041222900079
-13.412060301507537           0.30690417180668705
-13.296482412060302           0.30690434526338917
-13.180904522613066           0.30690413958575996
-13.065326633165828           0.3069038390429616
-12.949748743718594           0.30690416760869477
-12.834170854271356           0.3069038420912254
-12.71859296482412            0.30690420935351326
-12.603015075376884           0.306903796316474
-12.487437185929648           0.3069040871632796
-12.371859296482413           0.3069040752080986
-12.256281407035175           0.3069040879997129
-12.14070351758794            0.306903995231117
-12.025125628140703           0.3069041570665271
-11.909547738693467           0.30690391005425116
-11.793969849246231           0.3069038810584181
-11.678391959798995           0.3069039569104758
-11.56281407035176            0.30690393840293745
-11.447236180904522           0.30690402553171203
-11.331658291457286           0.3069039557048048
-11.21608040201005            0.30690391875439876
-11.100502512562814           0.3069042145128009
-10.984924623115578           0.30690392589476806
-10.869346733668342           0.30690385084753924
-10.753768844221106           0.3069035890443617
-10.638190954773869           0.30690386475573744
-10.522613065326633           0.30690383665185905
-10.407035175879397           0.30690383913555147
-10.291457286432161           0.3069039359091965
-10.175879396984925           0.30690381032340325
-10.06030150753769            0.30690374081492766
-9.944723618090451            0.3069037796047641
-9.829145728643216            0.306903821857583
-9.71356783919598             0.30690380152796504
-9.597989949748744            0.3069037410195293
-9.482412060301508            0.3069037469849025
-9.366834170854272            0.3069037291599706
-9.251256281407034            0.3069037208134742
-9.135678391959798            0.3069037182871551
-9.020100502512562            0.30690372883169575
-8.904522613065327            0.30690366426993937
-8.78894472361809             0.3069035367294756
-8.673366834170855            0.30690412130966627
-8.557788944723619            0.30690363756317257
-8.442211055276381            0.30690408302459093
-8.326633165829145            0.30690353229485706
-8.21105527638191             0.3069036838008149
-8.095477386934673            0.306903595044101
-7.9798994974874375           0.30690360563560837
-7.864321608040202            0.3069035904913455
-7.748743718592964            0.30690357400398
-7.633165829145728            0.3069035806695516
-7.517587939698492            0.30690353876565757
-7.402010050251256            0.3069035844132383
-7.28643216080402             0.3069035725284941
-7.170854271356784            0.30690354674057624
-7.055276381909547            0.30690342345201455
-6.939698492462311            0.30690351671520133
-6.824120603015075            0.3069035227680531
-6.708542713567839            0.30690353641478596
-6.592964824120603            0.30690347864683737
-6.477386934673367            0.30690340665381033
-6.361809045226131            0.3069034704229305
-6.246231155778894            0.3069034133496957
-6.130653266331658            0.30690347007414875
-6.015075376884422            0.30690346634097865
-5.899497487437186            0.30690347464077544
-5.78391959798995             0.3069034484765287
-5.668341708542714            0.3069034450860813
-5.5527638190954764           0.30690340697457036
-5.4371859296482405           0.30690332579613855
-5.321608040201005            0.30690341082557737
-5.206030150753769            0.30690339308487813
-5.090452261306533            0.30690338273212575
-4.974874371859297            0.3069034414047354
-4.859296482412061            0.3069034927696306
-4.743718592964823            0.3069033771158293
-4.628140703517587            0.3069034071329499
-4.5125628140703515           0.30690333921982044
-4.396984924623116            0.3069033302941954
-4.28140703517588             0.3069033207802049
-4.165829145728644            0.30690329067910865
-4.050251256281406            0.3069032742524601
-3.934673366834172            0.3069032137792068
-3.8190954773869343           0.30690314596803225
-3.7035175879396967           0.3069030269428581
-3.5879396984924625           0.3069028693613509
-3.472361809045225            0.30690262650755284
-3.3567839195979907           0.30690227342322335
-3.241206030150753            0.3069017125427672
-3.125628140703519            0.30690086632082286
-3.0100502512562812           0.3068995865553282
-2.8944723618090435           0.3068975990267245
-2.7788944723618094           0.30689456904952783
-2.6633165829145717           0.30689000537965677
-2.5477386934673376           0.306883025300445
-2.4321608040201              0.30687232043178714
-2.316582914572866            0.30685597006199744
-2.201005025125628            0.3068310064158018
-2.0854271356783904           0.3067928997966914
-1.9698492462311563           0.3067347564010512
-1.8542713567839186           0.3066461265652114
-1.7386934673366845           0.30651116968474196
-1.6231155778894468           0.3063057618019832
-1.5075376884422127           0.30599364519233835
-1.391959798994975            0.305519899104991
-1.2763819095477373           0.3048020823955463
-1.1608040201005032           0.30371665777321327
-1.0452261306532655           0.30207920812501277
-0.9296482412060314           0.2996158975018113
-0.8140703517587937           0.2959222655628874
-0.698492462311556            0.29040472149490065
-0.5829145728643219           0.28219903565692817
-0.46733668341708423          0.2700567608877905
-0.3517587939698501           0.25219177274484184
-0.23618090452261245          0.22607477323857222
-0.12060301507537828          0.188163607844309
-0.005025125628140596         0.13355491562907398
0.11055276381909708           0.05554082150909143
0.22613065326633117           -0.05495033350290016
0.34170854271356893           -0.21005624777917503
0.457286432160803             -0.42586586345583
0.5728643216080407            -0.7235430515888914
0.6884422110552748            -1.1307664749480164
0.8040201005025125            -1.6835880941297334
0.9195979899497502            -2.4288404858421084
1.0351758793969843            -3.4272689763046036
1.150753768844222             -4.757659122416593
1.266331658291456             -6.5224009256233595
1.3819095477386938            -8.855009348446991
1.4974874371859315            -11.929929755359064
1.6130653266331656            -15.974971813121362
1.7286432160804033            -21.287306749708026
1.8442211055276374            -28.254455799657066
1.959798994974875             -37.38184034913793
2.075376884422109             -49.32878260278352
2.190954773869347             -64.95547828415336
2.3065326633165846            -85.38428030464779
2.4221105527638187            -112.07965913800106
2.5376884422110564            -146.95253652398333
2.6532663316582905            -192.49642525158367
2.768844221105528             -253.7134167113734
