-20.0                         0.7046895593607659
-19.884422110552762           0.7046903537284472
-19.768844221105528           0.7046894678361927
-19.65326633165829            0.7046885517043826
-19.537688442211056           0.7046894339812413
-19.42211055276382            0.7046893903774352
-19.306532663316585           0.7046896242478354
-19.190954773869347           0.7046885966039728
-19.07537688442211            0.7046895671791732
-18.959798994974875           0.704689322172105
-18.844221105527637           0.70469038359682
-18.728643216080403           0.7046893301067062
-18.613065326633166           0.7046893401985939
-18.49748743718593            0.7046892842501442
-18.381909547738694           0.704690993722559
-18.266331658291456           0.7046891294452091
-18.150753768844222           0.7046892102268753
-18.035175879396984           0.7046890075685676
-17.91959798994975            0.7046891710144128
-17.804020100502512           0.7046894500652437
-17.688442211055275           0.7046894268631237
-17.57286432160804            0.7046889660919936
-17.457286432160803           0.7046889065132043
-17.34170854271357            0.7046891494714065
-17.22613065326633            0.7046892910883682
-17.110552763819094           0.7046888561446378
-16.99497487437186            0.7046891702578975
-16.87939698492462            0.70468902232971
-16.763819095477388           0.7046893214324104
-16.64824120603015            0.7046890037663356
-16.532663316582916           0.7046888372415329
-16.417085427135678           0.7046889217672371
-16.301507537688444           0.7046885701260361
-16.185929648241206           0.7046889166411866
-16.07035175879397            0.7046890714556264
-15.954773869346734           0.7046881049621501
-15.839195979899497           0.7046888108072226
-15.72361809045226            0.7046888542561008
-15.608040201005025           0.7046891381556148
-15.492462311557789           0.7046887674439997
-15.376884422110553           0.7046885476842147
-15.261306532663315           0.7046888653439015
-15.145728643216081           0.7046887522355929
-15.030150753768844           0.7046894478768105
-14.914572864321608           0.7046885516801368
-14.798994974874372           0.7046879994045868
-14.683417085427136           0.7046887400775596
-14.5678391959799             0.7046886860828424
-14.452261306532662           0.7046886483765393
-14.336683417085428           0.704688594828466
-14.22110552763819            0.7046887590878504
-14.105527638190955           0.7046885586797643
-13.989949748743719           0.7046878271448084
-13.874371859296481           0.7046884311920348
-13.758793969849247           0.7046891440967479
-13.64321608040201            0.7046885157379476
-13.527638190954773           0.7046880687525353
-13.412060301507537           0.7046885223868782
-13.296482412060302           0.704688571636195
-13.180904522613066           0.7046885798544995
-13.065326633165828           0.7046880862969037
-12.949748743718594           0.7046885439923172
-12.834170854271356           0.7046880858877766
-12.71859296482412            0.7046886731010161
-12.603015075376884           0.7046879696719964
-12.487437185929648           0.704688515554531
-12.371859296482413           0.7046883934205073
-12.256281407035175           0.7046885496032534
-12.14070351758794            0.7046883664164878
-12.025125628140703           0.7046883860285689
-11.909547738693467           0.7046882226687432
-11.793969849246231           0.7046880951348572
-11.678391959798995           0.7046883310497343
-11.56281407035176            0.7046882941379267
-11.447236180904522           0.7046885514024105
-11.331658291457286           0.7046883531703102
-11.21608040201005            0.7046882830572607
-11.100502512562814           0.7046886362135154
-10.984924623115578           0.704688336107046
-10.869346733668342           0.7046882094300821
-10.753768844221106           0.7046877007227235
-10.638190954773869           0.7046882912221462
-10.522613065326633           0.7046881523086872
-10.407035175879397           0.7046882934639898
-10.291457286432161           0.7046887270754425
-10.175879396984925           0.7046881862808542
-10.06030150753769            0.704688068502361
-9.944723618090451            0.7046881620990593
-9.829145728643216            0.7046880003391499
-9.71356783919598             0.7046884648094789
-9.597989949748744            0.7046881318610428
-9.482412060301508            0.704688118370827
-9.366834170854272            0.7046881725720144
-9.251256281407034            0.7046881154566061
-9.135678391959798            0.704688085394733
-9.020100502512562            0.7046882229788357
-8.904522613065327            0.7046878295561531
-8.78894472361809             0.7046877260174895
-8.673366834170855            0.7046888996578656
-8.557788944723619            0.7046880576437763
-8.442211055276381            0.7046888461968481
-8.326633165829145            0.7046877431715929
-8.21105527638191             0.7046879374059544
-8.095477386934673            0.7046880413397558
-7.9798994974874375           0.7046880100922692
-7.864321608040202            0.7046879737885032
-7.748743718592964            0.7046879274465045
-7.633165829145728            0.7046879993286125
-7.517587939698492            0.7046878094485517
-7.402010050251256            0.7046881584667939
-7.28643216080402             0.7046879804966574
-7.170854271356784            0.7046879248644631
-7.055276381909547            0.7046876919400825
-6.939698492462311            0.7046879010908155
-6.824120603015075            0.7046879236087703
-6.708542713567839            0.7046878364365489
-6.592964824120603            0.7046878792920332
-6.477386934673367            0.7046878184112052
-6.361809045226131            0.7046878658347014
-6.246231155778894            0.704687782999177
-6.130653266331658            0.7046878684270479
-6.015075376884422            0.7046878738757987
-5.899497487437186            0.7046879233770972
-5.78391959798995             0.7046878278797035
-5.668341708542714            0.7046878352409313
-5.5527638190954764           0.7046877170492449
-5.4371859296482405           0.7046876114538819
-5.321608040201005            0.7046877257349181
-5.206030150753769            0.704687755081646
-5.090452261306533            0.7046878041578127
-4.974874371859297            0.7046878211275117
-4.859296482412061            0.70468796131389
-4.743718592964823            0.7046877806147971
-4.628140703517587            0.7046878493175569
-4.5125628140703515           0.7046877190898075
-4.396984924623116            0.7046877386570715
-4.28140703517588             0.7046877546590615
-4.165829145728644            0.7046877325008145
-4.050251256281406            0.7046876877573819
-3.934673366834172            0.7046877440499135
-3.8190954773869343           0.7046877522481879
-3.7035175879396967           0.7046877066318761
-3.5879396984924625           0.7046877104010937
-3.472361809045225            0.704687698860135
-3.3567839195979907           0.7046877158119792
-3.241206030150753            0.7046876707702268
-3.125628140703519            0.7046876690183607
-3.0100502512562812           0.704687673443974
-2.8944723618090435           0.704687672303434
-2.7788944723618094           0.7046875713044263
-2.6633165829145717           0.704687633549048
-2.5477386934673376           0.7046876494118935
-2.4321608040201              0.7046876428255054
-2.316582914572866            0.7046876387009205
-2.201005025125628            0.7046876397774329
-2.0854271356783904           0.7046876123264602
-1.9698492462311563           0.7046875366572829
-1.8542713567839186           0.7046873960329204
-1.7386934673366845           0.7046872111749428
-1.6231155778894468           0.7046867242489283
-1.5075376884422127           0.7046858044944297
-1.391959798994975            0.704683671352407
-1.2763819095477373           0.704679069403016
-1.1608040201005032           0.7046691292570647
-1.0452261306532655           0.7046476941135141
-0.9296482412060314           0.7046017604330791
-0.8140703517587937           0.7045038628772093
-0.698492462311556            0.7042963457682371
-0.5829145728643219           0.7038612621504816
-0.46733668341708423          0.7029594511266019
-0.3517587939698501           0.7011187333082264
-0.23618090452261245          0.6974339312031597
-0.12060301507537828          0.6902337253241208
-0.005025125628140596         0.6765695326897215
0.11055276381909708           0.651506482061585
0.22613065326633117           0.6072462681764393
0.34170854271356893           0.5321594377987767
0.457286432160803             0.40979827863777146
0.5728643216080407            0.2178787694422737
0.6884422110552748            -0.07290050726203369
0.8040201005025125            -0.5004165481764926
0.9195979899497502            -1.113281200266106
1.0351758793969843            -1.9738110900275836
1.150753768844222             -3.1620612369725394
1.266331658291456             -4.781359166735781
1.3819095477386938            -6.965902193758795
1.4974874371859315            -9.890703696041312
1.6130653266331656            -13.784083134228947
1.7286432160804033            -18.94362919786562
1.8442211055276374            -25.757170347043694
1.959798994974875             -34.73034576859544
2.075376884422109             -46.522633164715764
2.190954773869347             -61.99434095512622
2.3065326633165846            -82.26790476538132
2.4221105527638187            -108.80785637902189
2.5376884422110564            -143.52516333005104
2.6532663316582905            -188.91337281881368
2.768844221105528             -249.97547701288096
