-20.0                         1.4993268205230026
-19.884422110552762           1.4993281407950279
-19.768844221105528           1.499326660139159
-19.65326633165829            1.4993256494720777
-19.537688442211056           1.4993269492540469
-19.42211055276382            1.4993264896696556
-19.306532663316585           1.499326700179673
-19.190954773869347           1.4993250001510883
-19.07537688442211            1.499327057933226
-18.959798994974875           1.4993266684857876
-18.844221105527637           1.499327845244789
-18.728643216080403           1.4993262631616129
-18.613065326633166           1.499326988269698
-18.49748743718593            1.4993264717040098
-18.381909547738694           1.4993292134809892
-18.266331658291456           1.4993264180718682
-18.150753768844222           1.4993264799974788
-18.035175879396984           1.499327166212679
-17.91959798994975            1.4993263810256596
-17.804020100502512           1.499327039500524
-17.688442211055275           1.499326331344883
-17.57286432160804            1.4993261622350322
-17.457286432160803           1.4993262045646973
-17.34170854271357            1.4993261745795845
-17.22613065326633            1.4993260578481893
-17.110552763819094           1.49932618704609
-16.99497487437186            1.4993266858007774
-16.87939698492462            1.4993257143326022
-16.763819095477388           1.4993270271232182
-16.64824120603015            1.4993259870924691
-16.532663316582916           1.4993265626401728
-16.417085427135678           1.4993261598519987
-16.301507537688444           1.499325461209565
-16.185929648241206           1.4993261891172178
-16.07035175879397            1.4993265232843485
-15.954773869346734           1.4993248790485545
-15.839195979899497           1.4993261159857973
-15.72361809045226            1.4993263587948347
-15.608040201005025           1.4993273843108854
-15.492462311557789           1.4993261424108337
-15.376884422110553           1.4993264268965232
-15.261306532663315           1.4993261959150326
-15.145728643216081           1.499326174877516
-15.030150753768844           1.4993269737583699
-14.914572864321608           1.4993258442181627
-14.798994974874372           1.4993250669737865
-14.683417085427136           1.4993261794915125
-14.5678391959799             1.4993261469512305
-14.452261306532662           1.499326110848342
-14.336683417085428           1.4993259335751656
-14.22110552763819            1.4993268264850053
-14.105527638190955           1.499325895230025
-13.989949748743719           1.499324858558424
-13.874371859296481           1.4993256935039478
-13.758793969849247           1.4993262938556255
-13.64321608040201            1.499325817981846
-13.527638190954773           1.4993249435078173
-13.412060301507537           1.499325896718172
-13.296482412060302           1.499325399676416
-13.180904522613066           1.4993261050298112
-13.065326633165828           1.4993256082993365
-12.949748743718594           1.4993258069240183
-12.834170854271356           1.4993253579764574
-12.71859296482412            1.4993260483290947
-12.603015075376884           1.4993253628454748
-12.487437185929648           1.4993258657732333
-12.371859296482413           1.4993255513284647
-12.256281407035175           1.4993259556649803
-12.14070351758794            1.4993257413536973
-12.025125628140703           1.499325288620375
-11.909547738693467           1.4993255220581991
-11.793969849246231           1.499325597179259
-11.678391959798995           1.499325741935532
-11.56281407035176            1.4993256431480113
-11.447236180904522           1.4993261158592823
-11.331658291457286           1.4993256966451922
-11.21608040201005            1.499325625989359
-11.100502512562814           1.4993258386279273
-10.984924623115578           1.4993256879945962
-10.869346733668342           1.499325565759851
-10.753768844221106           1.4993247833123236
-10.638190954773869           1.4993257702813578
-10.522613065326633           1.499325446815291
-10.407035175879397           1.4993256872206593
-10.291457286432161           1.499326630296081
-10.175879396984925           1.4993255192667239
-10.06030150753769            1.4993253791394665
-9.944723618090451            1.4993255844049005
-9.829145728643216            1.499325022930793
-9.71356783919598             1.4993261135821092
-9.597989949748744            1.4993255577211477
-9.482412060301508            1.4993255029428776
-9.366834170854272            1.4993256265864456
-9.251256281407034            1.4993255092932058
-9.135678391959798            1.4993254160934537
-9.020100502512562            1.4993255593109838
-8.904522613065327            1.4993249352119566
-8.78894472361809             1.499324871292059
-8.673366834170855            1.4993267022096486
-8.557788944723619            1.4993254958539561
-8.442211055276381            1.4993266321787946
-8.326633165829145            1.4993249066701206
-8.21105527638191             1.4993250411548749
-8.095477386934673            1.4993255976249527
-7.9798994974874375           1.4993253926440782
-7.864321608040202            1.4993253593805065
-7.748743718592964            1.4993252594748985
-7.633165829145728            1.499325430106263
-7.517587939698492            1.4993251462844703
-7.402010050251256            1.4993257194348326
-7.28643216080402             1.4993253590572946
-7.170854271356784            1.4993252876835772
-7.055276381909547            1.4993250235390376
-6.939698492462311            1.4993252976571358
-6.824120603015075            1.499325301863961
-6.708542713567839            1.4993250745103317
-6.592964824120603            1.4993253016398855
-6.477386934673367            1.4993253424322703
-6.361809045226131            1.4993253000689872
-6.246231155778894            1.4993251575241033
-6.130653266331658            1.4993252255313148
-6.015075376884422            1.499325206612544
-5.899497487437186            1.4993252609149403
-5.78391959798995             1.49932517201247
-5.668341708542714            1.4993252112373494
-5.5527638190954764           1.4993250562345868
-5.4371859296482405           1.4993248736650635
-5.321608040201005            1.499325021353734
-5.206030150753769            1.499325161059854
-5.090452261306533            1.4993252850542125
-4.974874371859297            1.4993250789413186
-4.859296482412061            1.499325337580042
-4.743718592964823            1.4993251369588922
-4.628140703517587            1.499325274526944
-4.5125628140703515           1.499325118547175
-4.396984924623116            1.4993251013974631
-4.28140703517588             1.499325126016148
-4.165829145728644            1.499325114313158
-4.050251256281406            1.4993249591317268
-3.934673366834172            1.4993251362115045
-3.8190954773869343           1.4993251626237938
-3.7035175879396967           1.4993250880196047
-3.5879396984924625           1.4993251169083799
-3.472361809045225            1.4993251011365736
-3.3567839195979907           1.4993251093492546
-3.241206030150753            1.499325084407839
-3.125628140703519            1.499325044454209
-3.0100502512562812           1.4993250441926862
-2.8944723618090435           1.499325130722503
-2.7788944723618094           1.4993249128215642
-2.6633165829145717           1.4993250633970057
-2.5477386934673376           1.4993250362553876
-2.4321608040201              1.4993250264085873
-2.316582914572866            1.4993250364174218
-2.201005025125628            1.4993250455821252
-2.0854271356783904           1.4993250317527982
-1.9698492462311563           1.4993249924332501
-1.8542713567839186           1.4993249270977882
-1.7386934673366845           1.4993249578950019
-1.6231155778894468           1.4993249009745335
-1.5075376884422127           1.4993249912213902
-1.391959798994975            1.4993249454373305
-1.2763819095477373           1.4993249656048095
-1.1608040201005032           1.499324955399699
-1.0452261306532655           1.4993248645359858
-0.9296482412060314           1.4993245757378424
-0.8140703517587937           1.499323880575563
-0.698492462311556            1.4993211145709058
-0.5829145728643219           1.499312966106603
-0.46733668341708423          1.4992879865038538
-0.3517587939698501           1.4992127730979674
-0.23618090452261245          1.498991370263063
-0.12060301507537828          1.4983587244903727
-0.005025125628140596         1.4966209356493982
0.11055276381909708           1.492082734868185
0.22613065326633117           1.4809531446355324
0.34170854271356893           1.4556121139216829
0.457286432160803             1.4024606392099277
0.5728643216080407            1.2999557367213304
0.6884422110552748            1.117321918669902
0.8040201005025125            0.8137270374001361
0.9195979899497502            0.3371270300538978
1.0351758793969843            -0.37795556020566035
1.150753768844222             -1.414098696827221
1.266331658291456             -2.876428035312717
1.3819095477386938            -4.900357164226055
1.4974874371859315            -7.661809150541897
1.6130653266331656            -11.389856811629873
1.7286432160804033            -16.38267408731811
1.8442211055276374            -23.028500340548835
1.959798994974875             -31.83325363901901
2.075376884422109             -43.456603758919115
2.190954773869347             -58.75899447206822
2.3065326633165846            -78.86295861265565
2.4221105527638187            -105.23309881857949
2.5376884422110564            -139.7804348659169
2.6532663316582905            -184.99855282114527
2.768844221105528             -245.8914317867503
