-20.0                         0.617082425554222
-19.884422110552762           0.6170831648556233
-19.768844221105528           0.6170823437276214
-19.65326633165829            0.6170814690563508
-19.537688442211056           0.6170823033421114
-19.42211055276382            0.617082292628183
-19.306532663316585           0.6170824885129296
-19.190954773869347           0.6170816075161472
-19.07537688442211            0.6170824147335287
-18.959798994974875           0.6170821989699377
-18.844221105527637           0.6170831658915112
-18.728643216080403           0.6170822269770674
-18.613065326633166           0.6170821846982204
-18.49748743718593            0.6170821621226299
-18.381909547738694           0.6170837037463038
-18.266331658291456           0.6170820109910043
-18.150753768844222           0.6170820924610472
-18.035175879396984           0.6170818149182632
-17.91959798994975            0.6170820468619196
-17.804020100502512           0.6170822799224512
-17.688442211055275           0.6170823025522133
-17.57286432160804            0.6170818828821891
-17.457286432160803           0.6170817887392435
-17.34170854271357            0.6170820347676891
-17.22613065326633            0.6170821903898341
-17.110552763819094           0.6170817399792882
-16.99497487437186            0.6170820108547791
-16.87939698492462            0.617081949906684
-16.763819095477388           0.6170821470512214
-16.64824120603015            0.6170819072792368
-16.532663316582916           0.6170817074207363
-16.417085427135678           0.6170818082403928
-16.301507537688444           0.6170815208253129
-16.185929648241206           0.6170817951913954
-16.07035175879397            0.6170819232903352
-15.954773869346734           0.6170810572672298
-15.839195979899497           0.6170816893366778
-15.72361809045226            0.6170817211534968
-15.608040201005025           0.6170819095610923
-15.492462311557789           0.6170816384975177
-15.376884422110553           0.6170814001533473
-15.261306532663315           0.6170817336754886
-15.145728643216081           0.6170816183916502
-15.030150753768844           0.6170822503588105
-14.914572864321608           0.6170814341429454
-14.798994974874372           0.617080933473244
-14.683417085427136           0.6170816024226599
-14.5678391959799             0.6170815606065246
-14.452261306532662           0.6170815239376441
-14.336683417085428           0.6170814704279336
-14.22110552763819            0.6170815613652141
-14.105527638190955           0.6170814408093738
-13.989949748743719           0.6170807492547223
-13.874371859296481           0.6170813168542768
-13.758793969849247           0.6170820240730093
-13.64321608040201            0.6170813988880816
-13.527638190954773           0.6170810151718336
-13.412060301507537           0.6170813974861606
-13.296482412060302           0.6170814945543475
-13.180904522613066           0.6170814342132325
-13.065326633165828           0.6170809606172291
-12.949748743718594           0.6170814220313563
-12.834170854271356           0.6170809742284455
-12.71859296482412            0.617081535920389
-12.603015075376884           0.6170808589383411
-12.487437185929648           0.6170813812712013
-12.371859296482413           0.6170812864779488
-12.256281407035175           0.6170814063999303
-12.14070351758794            0.6170812381012449
-12.025125628140703           0.6170813037380299
-11.909547738693467           0.6170811035168792
-11.793969849246231           0.6170809802438336
-11.678391959798995           0.6170812006369851
-11.56281407035176            0.6170811682257062
-11.447236180904522           0.6170813968682066
-11.331658291457286           0.6170812238860991
-11.21608040201005            0.6170811574522349
-11.100502512562814           0.6170815160068303
-10.984924623115578           0.6170812050376926
-10.869346733668342           0.6170810831841302
-10.753768844221106           0.6170806128769714
-10.638190954773869           0.6170811508758614
-10.522613065326633           0.6170810343570017
-10.407035175879397           0.6170811501463063
-10.291457286432161           0.6170815234266257
-10.175879396984925           0.617081059606139
-10.06030150753769            0.6170809473607108
-9.944723618090451            0.6170810312897954
-9.829145728643216            0.6170809148355917
-9.71356783919598             0.6170812842653295
-9.597989949748744            0.6170809984086993
-9.482412060301508            0.6170809900823452
-9.366834170854272            0.6170810305461553
-9.251256281407034            0.6170809837151329
-9.135678391959798            0.6170809617115659
-9.020100502512562            0.6170810789550869
-8.904522613065327            0.617080739141302
-8.78894472361809             0.617080627628649
-8.673366834170855            0.6170817084251256
-8.557788944723619            0.6170809202763983
-8.442211055276381            0.6170816573216407
-8.326633165829145            0.6170806418051523
-8.21105527638191             0.617080839009375
-8.095477386934673            0.6170808922394102
-7.9798994974874375           0.6170808759803579
-7.864321608040202            0.6170808431161594
-7.748743718592964            0.6170808027708208
-7.633165829145728            0.6170808622815149
-7.517587939698492            0.6170806965508014
-7.402010050251256            0.6170809941188891
-7.28643216080402             0.6170808477218626
-7.170854271356784            0.6170807964400394
-7.055276381909547            0.6170805757808877
-6.939698492462311            0.6170807700411817
-6.824120603015075            0.6170807916390072
-6.708542713567839            0.6170807229580956
-6.592964824120603            0.6170807447717319
-6.477386934673367            0.6170806767453202
-6.361809045226131            0.6170807313582924
-6.246231155778894            0.6170806540563243
-6.130653266331658            0.6170807375274012
-6.015075376884422            0.6170807420131994
-5.899497487437186            0.617080786369317
-5.78391959798995             0.6170807005522245
-5.668341708542714            0.6170807047514744
-5.5527638190954764           0.6170805989293708
-5.4371859296482405           0.6170804971241115
-5.321608040201005            0.6170806098236497
-5.206030150753769            0.6170806276865585
-5.090452261306533            0.6170806633961737
-4.974874371859297            0.6170806996576073
-4.859296482412061            0.6170808239565426
-4.743718592964823            0.6170806499305215
-4.628140703517587            0.6170807117898905
-4.5125628140703515           0.6170805912871196
-4.396984924623116            0.6170806093022576
-4.28140703517588             0.6170806230414724
-4.165829145728644            0.6170806020030728
-4.050251256281406            0.617080569882713
-3.934673366834172            0.6170806103408322
-3.8190954773869343           0.6170806165475368
-3.7035175879396967           0.6170805752219953
-3.5879396984924625           0.6170805766464208
-3.472361809045225            0.6170805656175401
-3.3567839195979907           0.6170805808027318
-3.241206030150753            0.6170805401040168
-3.125628140703519            0.6170805385243604
-3.0100502512562812           0.6170805426809963
-2.8944723618090435           0.6170805333546157
-2.7788944723618094           0.6170804448034881
-2.6633165829145717           0.6170804962408709
-2.5477386934673376           0.617080512283933
-2.4321608040201              0.6170805000340791
-2.316582914572866            0.617080483398719
-2.201005025125628            0.6170804589466853
-2.0854271356783904           0.6170803843926841
-1.9698492462311563           0.617080213587941
-1.8542713567839186           0.6170798806057383
-1.7386934673366845           0.6170793015508448
-1.6231155778894468           0.6170780293518554
-1.5075376884422127           0.6170755409616177
-1.391959798994975            0.6170703147352706
-1.2763819095477373           0.6170596138959553
-1.1608040201005032           0.617037754903849
-1.0452261306532655           0.6169932090862336
-0.9296482412060314           0.6169029002560332
-0.8140703517587937           0.6167207984017781
-0.698492462311556            0.6163558768854105
-0.5829145728643219           0.6156317921087197
-0.46733668341708423          0.6142111352727135
-0.3517587939698501           0.6114642552827511
-0.23618090452261245          0.6062491404193974
-0.12060301507537828          0.5965664800863545
-0.005025125628140596         0.5790595829516144
0.11055276381909708           0.548352690235209
0.22613065326633117           0.49625626217829116
0.34170854271356893           0.4108909782572988
0.457286432160803             0.27576006101106787
0.5728643216080407            0.06872990347259603
0.6884422110552748            -0.23920692059783993
0.8040201005025125            -0.6855674729231767
0.9195979899497502            -1.3186046061130767
1.0351758793969843            -2.2003190239294304
1.150753768844222             -3.410513824584788
1.266331658291456             -5.052333680309764
1.3819095477386938            -7.25984686972144
1.4974874371859315            -10.20796389229582
1.6130653266331656            -14.12491477458129
1.7286432160804033            -19.308216494955413
1.8442211055276374            -26.145645715028046
1.959798994974875             -35.142805525826674
2.075376884422109             -46.95914822289365
2.190954773869347             -62.45496401689068
2.3065326633165846            -82.75267528407383
2.4221105527638187            -109.31680405305309
2.5376884422110564            -144.0583106093539
2.6532663316582905            -189.47073672839988
2.768844221105528             -250.5569342993131
