-20.0                         0.3302414301770453
-19.884422110552762           0.330241920445547
-19.768844221105528           0.3302413783931872
-19.65326633165829            0.3302407515286161
-19.537688442211056           0.3302413484634277
-19.42211055276382            0.3302414169467457
-19.306532663316585           0.33024142194309897
-19.190954773869347           0.3302411953326748
-19.07537688442211            0.3302413470886588
-18.959798994974875           0.33024126207937854
-18.844221105527637           0.3302416759131694
-18.728643216080403           0.3302412744274528
-18.613065326633166           0.3302411462170851
-18.49748743718593            0.330241197784573
-18.381909547738694           0.3302419551771637
-18.266331658291456           0.33024109046684513
-18.150753768844222           0.3302411598774492
-18.035175879396984           0.3302407320964599
-17.91959798994975            0.33024108130612073
-17.804020100502512           0.3302411455736613
-17.688442211055275           0.33024121711969967
-17.57286432160804            0.3302410682689128
-17.457286432160803           0.3302408811674182
-17.34170854271357            0.33024104962909073
-17.22613065326633            0.3302411772507089
-17.110552763819094           0.3302408541127509
-16.99497487437186            0.3302409533278801
-16.87939698492462            0.330241067785618
-16.763819095477388           0.33024100471838125
-16.64824120603015            0.3302409790152216
-16.532663316582916           0.3302408218995952
-16.417085427135678           0.3302408981402312
-16.301507537688444           0.33024083786254915
-16.185929648241206           0.33024083247134317
-16.07035175879397            0.3302408812616324
-15.954773869346734           0.33024044827573745
-15.839195979899497           0.33024075381473794
-15.72361809045226            0.33024075510389916
-15.608040201005025           0.3302406633092822
-15.492462311557789           0.3302406783749068
-15.376884422110553           0.33024050302674895
-15.261306532663315           0.33024073443068225
-15.145728643216081           0.33024064804995784
-15.030150753768844           0.330240917137286
-14.914572864321608           0.3302405253668505
-14.798994974874372           0.33024029914831765
-14.683417085427136           0.33024060764284674
-14.5678391959799             0.33024062059599407
-14.452261306532662           0.3302405895476942
-14.336683417085428           0.3302405253857179
-14.22110552763819            0.33024043713961915
-14.105527638190955           0.3302405268222579
-13.989949748743719           0.33024003349302594
-13.874371859296481           0.330240417689052
-13.758793969849247           0.3302409909235766
-13.64321608040201            0.33024047736283274
-13.527638190954773           0.3302403643613436
-13.412060301507537           0.3302404521989529
-13.296482412060302           0.3302406338492642
-13.180904522613066           0.3302404247282173
-13.065326633165828           0.33024009278384825
-12.949748743718594           0.3302404554307816
-12.834170854271356           0.3302401052081497
-12.71859296482412            0.33024050642838204
-12.603015075376884           0.33024004440221666
-12.487437185929648           0.33024037673703777
-12.371859296482413           0.33024036003404494
-12.256281407035175           0.33024037905677345
-12.14070351758794            0.33024027689442154
-12.025125628140703           0.3302404422797178
-11.909547738693467           0.3302401845253303
-11.793969849246231           0.3302401398566863
-11.678391959798995           0.3302402382943382
-11.56281407035176            0.3302402182785458
-11.447236180904522           0.3302403239732129
-11.331658291457286           0.3302402427526722
-11.21608040201005            0.33024020103593316
-11.100502512562814           0.33024051677421123
-10.984924623115578           0.33024021449716806
-10.869346733668342           0.33024013113159495
-10.753768844221106           0.330239839206294
-10.638190954773869           0.3302401509881899
-10.522613065326633           0.33024011375850953
-10.407035175879397           0.3302401276156197
-10.291457286432161           0.33024025795093676
-10.175879396984925           0.3302400940971335
-10.06030150753769            0.3302400174593475
-9.944723618090451            0.3302400625238719
-9.829145728643216            0.3302400930432713
-9.71356783919598             0.33024010901294526
-9.597989949748744            0.33024002384956624
-9.482412060301508            0.3302400294797011
-9.366834170854272            0.3302400168113322
-9.251256281407034            0.330240005462785
-9.135678391959798            0.33024000254364433
-9.020100502512562            0.33024002461436097
-8.904522613065327            0.3302399282010777
-8.78894472361809             0.33023979782411006
-8.673366834170855            0.3302404529846732
-8.557788944723619            0.33023992373414995
-8.442211055276381            0.3302404128414277
-8.326633165829145            0.3302397964026656
-8.21105527638191             0.330239962176674
-8.095477386934673            0.3302398789318756
-7.9798994974874375           0.33023989050737346
-7.864321608040202            0.33023987340157285
-7.748743718592964            0.33023985425471025
-7.633165829145728            0.33023986693100166
-7.517587939698492            0.3302398106087068
-7.402010050251256            0.3302398842710217
-7.28643216080402             0.33023985945220286
-7.170854271356784            0.330239830232371
-7.055276381909547            0.3302396902824125
-6.939698492462311            0.33023979969357276
-6.824120603015075            0.3302398085648689
-6.708542713567839            0.3302398132076364
-6.592964824120603            0.3302397624506245
-6.477386934673367            0.33023968737479725
-6.361809045226131            0.33023975337538075
-6.246231155778894            0.33023969391176183
-6.130653266331658            0.3302397558277576
-6.015075376884422            0.33023975295496116
-5.899497487437186            0.330239766342335
-5.78391959798995             0.3302397329860761
-5.668341708542714            0.3302397299129724
-5.5527638190954764           0.33023968357548367
-5.4371859296482405           0.3302395979151532
-5.321608040201005            0.33023969030472944
-5.206030150753769            0.33023967505889523
-5.090452261306533            0.3302396681977827
-4.974874371859297            0.3302397321847284
-4.859296482412061            0.3302397933660542
-4.743718592964823            0.3302396681135993
-4.628140703517587            0.33023970461788743
-4.5125628140703515           0.3302396330946709
-4.396984924623116            0.33023963321846195
-4.28140703517588             0.3302396348402054
-4.165829145728644            0.3302396182524905
-4.050251256281406            0.3302396210742514
-3.934673366834172            0.33023959897100597
-3.8190954773869343           0.33023958323997465
-3.7035175879396967           0.33023953842560694
-3.5879396984924625           0.3302394976361599
-3.472361809045225            0.33023943020913354
-3.3567839195979907           0.3302393433791281
-3.241206030150753            0.3302391782942807
-3.125628140703519            0.3302389333092234
-3.0100502512562812           0.33023855594314583
-2.8944723618090435           0.33023792209843217
-2.7788944723618094           0.3302369142000736
-2.6633165829145717           0.3302353884664499
-2.5477386934673376           0.33023294174578355
-2.4321608040201              0.3302289936100993
-2.316582914572866            0.3302226954415069
-2.201005025125628            0.3302126518101572
-2.0854271356783904           0.33019662946042727
-1.9698492462311563           0.3301710782762343
-1.8542713567839186           0.33013038917146864
-1.7386934673366845           0.3300656895801316
-1.6231155778894468           0.3299627856902993
-1.5075376884422127           0.32979949663879926
-1.391959798994975            0.3295406065341256
-1.2763819095477373           0.32913097400667013
-1.1608040201005032           0.32848432687304985
-1.0452261306532655           0.3274662673530901
-0.9296482412060314           0.32586876375593504
-0.8140703517587937           0.3233718432334747
-0.698492462311556            0.31948725401415917
-0.5829145728643219           0.3134775646315171
-0.46733668341708423          0.30424042502721066
-0.3517587939698501           0.290149271540755
-0.23618090452261245          0.26883758584604917
-0.12060301507537828          0.23691492447226384
-0.005025125628140596         0.1896019523601643
0.11055276381909708           0.12027126407804149
0.22613065326633117           0.0198767604535736
0.34170854271356893           -0.12375232230519612
0.457286432160803             -0.32679153119935767
0.5728643216080407            -0.6105324390778838
0.6884422110552748            -1.0028061148275442
0.8040201005025125            -1.5398252248531064
0.9195979899497502            -2.2685776296332856
1.0351758793969843            -3.249948019920638
1.150753768844222             -4.562837172192332
1.266331658291456             -6.309722412477247
1.3819095477386938            -8.624185053076577
1.4974874371859315            -11.680728871372242
1.6130653266331656            -15.70721804741234
1.7286432160804033            -21.000869575529034
1.8442211055276374            -27.949239102192593
1.959798994974875             -37.057772883201366
2.075376884422109             -48.98581115858284
2.190954773869347             -64.59356288236012
2.3065326633165846            -85.00339076752844
2.4221105527638187            -111.679772605329
2.5376884422110564            -146.53363563145376
2.6532663316582905            -192.0584967822742
2.768844221105528             -253.256557414891
