-20.0                         0.29069940733625665
-19.884422110552762           0.29069976916608975
-19.768844221105528           0.2906993626363713
-19.65326633165829            0.2906988744037553
-19.537688442211056           0.2906993368055353
-19.42211055276382            0.29069940082109025
-19.306532663316585           0.29069935687901455
-19.190954773869347           0.29069933086946587
-19.07537688442211            0.29069929353550883
-18.959798994974875           0.29069925206959757
-18.844221105527637           0.2906994287482843
-18.728643216080403           0.2906992341315762
-18.613065326633166           0.29069912417692156
-18.49748743718593            0.2906991768761942
-18.381909547738694           0.2906995981792522
-18.266331658291456           0.2906990921748408
-18.150753768844222           0.29069914299030597
-18.035175879396984           0.2906987632233985
-17.91959798994975            0.29069906367817194
-17.804020100502512           0.2906990780355361
-17.688442211055275           0.2906991165843961
-17.57286432160804            0.2906990651615647
-17.457286432160803           0.29069889504546015
-17.34170854271357            0.2906990052984061
-17.22613065326633            0.29069908039993014
-17.110552763819094           0.2906988798799116
-16.99497487437186            0.29069892404304554
-16.87939698492462            0.2906990101921528
-16.763819095477388           0.2906989300416542
-16.64824120603015            0.29069893389242546
-16.532663316582916           0.2906988451395589
-16.417085427135678           0.2906988920927907
-16.301507537688444           0.2906988713410522
-16.185929648241206           0.2906988081279751
-16.07035175879397            0.29069883889747616
-15.954773869346734           0.2906985794860543
-15.839195979899497           0.29069874739553525
-15.72361809045226            0.29069873972242966
-15.608040201005025           0.2906986242873937
-15.492462311557789           0.2906986669513894
-15.376884422110553           0.29069856830871976
-15.261306532663315           0.29069869836221846
-15.145728643216081           0.29069863653320166
-15.030150753768844           0.2906987521927605
-14.914572864321608           0.2906985369965824
-14.798994974874372           0.2906984350119812
-14.683417085427136           0.2906985844858986
-14.5678391959799             0.2906986042266904
-14.452261306532662           0.29069857707950114
-14.336683417085428           0.2906985173913633
-14.22110552763819            0.2906984314291219
-14.105527638190955           0.29069852359649295
-13.989949748743719           0.2906981423496155
-13.874371859296481           0.29069842968800075
-13.758793969849247           0.29069886886606844
-13.64321608040201            0.29069846748123906
-13.527638190954773           0.2906984446370595
-13.412060301507537           0.2906984384061943
-13.296482412060302           0.29069858324376546
-13.180904522613066           0.2906984016375703
-13.065326633165828           0.29069816260480763
-12.949748743718594           0.29069841980540434
-12.834170854271356           0.2906981445775619
-12.71859296482412            0.2906984456332608
-12.603015075376884           0.29069812687658253
-12.487437185929648           0.290698339975554
-12.371859296482413           0.29069833191404226
-12.256281407035175           0.29069833842399223
-12.14070351758794            0.29069826147658845
-12.025125628140703           0.290698402879212
-11.909547738693467           0.2906981893029349
-11.793969849246231           0.2906981842940276
-11.678391959798995           0.29069822323474964
-11.56281407035176            0.2906982073100195
-11.447236180904522           0.2906982631970441
-11.331658291457286           0.29069821133233564
-11.21608040201005            0.2906981826190363
-11.100502512562814           0.2906984322526703
-10.984924623115578           0.2906981789582583
-10.869346733668342           0.2906981193342644
-10.753768844221106           0.2906979118838453
-10.638190954773869           0.2906981233732085
-10.522613065326633           0.29069810831931764
-10.407035175879397           0.2906980958029742
-10.291457286432161           0.290698139728703
-10.175879396984925           0.2906980721054996
-10.06030150753769            0.2906980158069301
-9.944723618090451            0.29069804326719345
-9.829145728643216            0.29069809558255677
-9.71356783919598             0.2906980316888953
-9.597989949748744            0.2906980053416761
-9.482412060301508            0.290698010287703
-9.366834170854272            0.2906979869432738
-9.251256281407034            0.29069798158078414
-9.135678391959798            0.2906979783923294
-9.020100502512562            0.2906979735818065
-8.904522613065327            0.29069795401652465
-8.78894472361809             0.2906978383085212
-8.673366834170855            0.2906982964513286
-8.557788944723619            0.29069789692515174
-8.442211055276381            0.29069826154494455
-8.326633165829145            0.29069782800743027
-8.21105527638191             0.2906979472032383
-8.095477386934673            0.29069786016802557
-7.9798994974874375           0.29069786654687285
-7.864321608040202            0.29069785421087013
-7.748743718592964            0.2906978419544905
-7.633165829145728            0.2906978393253993
-7.517587939698492            0.29069781811001977
-7.402010050251256            0.29069782476954364
-7.28643216080402             0.2906978287906529
-7.170854271356784            0.2906978085561742
-7.055276381909547            0.2906977161604168
-6.939698492462311            0.29069778007491837
-6.824120603015075            0.29069778105072097
-6.708542713567839            0.2906978067764574
-6.592964824120603            0.29069774118745084
-6.477386934673367            0.29069767743245395
-6.361809045226131            0.290697733173639
-6.246231155778894            0.2906976801315847
-6.130653266331658            0.290697725749537
-6.015075376884422            0.29069771965841285
-5.899497487437186            0.2906977181799263
-5.78391959798995             0.2906976995442017
-5.668341708542714            0.290697692182188
-5.5527638190954764           0.2906976611883747
-5.4371859296482405           0.290697583459263
-5.321608040201005            0.2906976416611909
-5.206030150753769            0.29069760729755156
-5.090452261306533            0.290697573125033
-4.974874371859297            0.29069758897622805
-4.859296482412061            0.29069758375055826
-4.743718592964823            0.2906974310647876
-4.628140703517587            0.290697370269883
-4.5125628140703515           0.29069719713269393
-4.396984924623116            0.29069701789954866
-4.28140703517588             0.29069677149050965
-4.165829145728644            0.29069641310940586
-4.050251256281406            0.2906959346087402
-3.934673366834172            0.2906952166383634
-3.8190954773869343           0.2906942295767174
-3.7035175879396967           0.29069282641437255
-3.5879396984924625           0.29069085906527076
-3.472361809045225            0.29068807823988346
-3.3567839195979907           0.29068416380593753
-3.241206030150753            0.2906786214014686
-3.125628140703519            0.2906707953543996
-3.0100502512562812           0.2906597561671562
-2.8944723618090435           0.29064413931342475
-2.7788944723618094           0.2906221017377504
-2.6633165829145717           0.29059103727127605
-2.5477386934673376           0.2905471937312865
-2.4321608040201              0.29048529579332666
-2.316582914572866            0.290397980230719
-2.201005025125628            0.29027485200484077
-2.0854271356783904           0.2901012866528984
-1.9698492462311563           0.2898567316116366
-1.8542713567839186           0.2895123595528065
-1.7386934673366845           0.28902775913141865
-1.6231155778894468           0.2883462532992471
-1.5075376884422127           0.2873887540961328
-1.391959798994975            0.28604466253516037
-1.2763819095477373           0.2841599566977002
-1.1608040201005032           0.28152040855045823
-1.0452261306532655           0.2778286146447069
-0.9296482412060314           0.27267271645790764
-0.8140703517587937           0.2654835780165296
-0.698492462311556            0.2554765721379311
-0.5829145728643219           0.24157315462613183
-0.46733668341708423          0.22229426051758863
-0.3517587939698501           0.19561805385926667
-0.23618090452261245          0.15878999082431067
-0.12060301507537828          0.1080718893643265
-0.005025125628140596         0.03841323754015682
0.11055276381909708           -0.05697486169200712
0.22613065326633117           -0.18716777019541117
0.34170854271356893           -0.36422732998265095
0.457286432160803             -0.6040947820555572
0.5728643216080407            -0.9277306086255069
0.6884422110552748            -1.3625754589360495
0.8040201005025125            -1.9444303056992192
0.9195979899497502            -2.7198829419376134
1.0351758793969843            -3.7494562521466603
1.150753768844222             -5.1117497617194045
1.266331658291456             -6.909010892363504
1.3819095477386938            -9.274644323721358
1.4974874371859315            -12.382996124872763
1.6130653266331656            -16.46178186443728
1.7286432160804033            -21.80809299581501
1.8442211055276374            -28.809390269404204
1.959798994974875             -37.971051034072225
2.075376884422109             -49.95236536547337
2.190954773869347             -65.61350530696015
2.3065326633165846            -86.07680616306709
2.4221105527638187            -112.8067252260838
2.5376884422110564            -147.7141743143075
2.6532663316582905            -193.29265871726653
2.768844221105528             -254.54406997770508
