-20.0                         0.5374772296733875
-19.884422110552762           0.5374779156452563
-19.768844221105528           0.5374771564482417
-19.65326633165829            0.537476328455918
-19.537688442211056           0.5374771146620222
-19.42211055276382            0.537477131141893
-19.306532663316585           0.5374772843857119
-19.190954773869347           0.5374765539072186
-19.07537688442211            0.5374772018896067
-18.959798994974875           0.5374770160089163
-18.844221105527637           0.5374778747504959
-18.728643216080403           0.5374770537812428
-18.613065326633166           0.5374769726176435
-18.49748743718593            0.537476976341214
-18.381909547738694           0.5374783479166578
-18.266331658291456           0.5374768319317648
-18.150753768844222           0.537476913219879
-18.035175879396984           0.5374765752902944
-17.91959798994975            0.537476859700198
-17.804020100502512           0.537477049936711
-17.688442211055275           0.5374771043140442
-17.57286432160804            0.5374767370638995
-17.457286432160803           0.5374766110996246
-17.34170854271357            0.5374768514866086
-17.22613065326633            0.5374770138955179
-17.110552763819094           0.5374765652862085
-16.99497487437186            0.537476793945044
-16.87939698492462            0.5374768032610943
-16.763819095477388           0.5374769144744264
-16.64824120603015            0.5374767414069552
-16.532663316582916           0.5374765265070447
-16.417085427135678           0.5374766334167238
-16.301507537688444           0.5374764073286644
-16.185929648241206           0.5374766105655073
-16.07035175879397            0.5374767152141349
-15.954773869346734           0.5374759480531339
-15.839195979899497           0.5374765071915699
-15.72361809045226            0.5374765298301049
-15.608040201005025           0.537476633121041
-15.492462311557789           0.5374764496293112
-15.376884422110553           0.5374762057123567
-15.261306532663315           0.5374765395772992
-15.145728643216081           0.5374764256379126
-15.030150753768844           0.5374769856099226
-14.914572864321608           0.5374762565797884
-14.798994974874372           0.5374758112748385
-14.683417085427136           0.5374764051526073
-14.5678391959799             0.5374763768172737
-14.452261306532662           0.5374763412281318
-14.336683417085428           0.5374762856744932
-14.22110552763819            0.5374763150449984
-14.105527638190955           0.5374762632775629
-13.989949748743719           0.5374756120067945
-13.874371859296481           0.537476142141833
-13.758793969849247           0.5374768362490712
-13.64321608040201            0.5374762212961669
-13.527638190954773           0.5374759002645204
-13.412060301507537           0.5374762128395957
-13.296482412060302           0.537476347712365
-13.180904522613066           0.5374762308432465
-13.065326633165828           0.5374757810904075
-12.949748743718594           0.5374762372639801
-12.834170854271356           0.5374758034168832
-12.71859296482412            0.5374763364541284
-12.603015075376884           0.537475693287471
-12.487437185929648           0.5374761851592866
-12.371859296482413           0.5374761145090909
-12.256281407035175           0.5374762027220045
-12.14070351758794            0.5374760496611091
-12.025125628140703           0.537476153455896
-11.909547738693467           0.5374759241504078
-11.793969849246231           0.5374758113098107
-11.678391959798995           0.5374760109679072
-11.56281407035176            0.5374759821613946
-11.447236180904522           0.5374761828290806
-11.331658291457286           0.5374760332079653
-11.21608040201005            0.5374759711444849
-11.100502512562814           0.537476330451873
-10.984924623115578           0.5374760124464729
-10.869346733668342           0.5374758967882209
-10.753768844221106           0.5374754648669156
-10.638190954773869           0.5374759518531327
-10.522613065326633           0.5374758559204983
-10.407035175879397           0.5374759464746156
-10.291457286432161           0.5374762621113673
-10.175879396984925           0.5374758717503421
-10.06030150753769            0.5374757658888278
-9.944723618090451            0.5374758408644257
-9.829145728643216            0.5374757656276616
-9.71356783919598             0.5374760440906902
-9.597989949748744            0.5374758057459346
-9.482412060301508            0.5374758019413401
-9.366834170854272            0.5374758288694861
-9.251256281407034            0.5374757917321669
-9.135678391959798            0.5374757764874145
-9.020100502512562            0.537475871896743
-8.904522613065327            0.5374755874503396
-8.78894472361809             0.5374754685832326
-8.673366834170855            0.5374764568430468
-8.557788944723619            0.5374757231703831
-8.442211055276381            0.5374764080978096
-8.326633165829145            0.5374754796635984
-8.21105527638191             0.5374756769688303
-8.095477386934673            0.5374756862645929
-7.9798994974874375           0.5374756817050604
-7.864321608040202            0.5374756525006669
-7.748743718592964            0.5374756176159348
-7.633165829145728            0.5374756655128652
-7.517587939698492            0.537475524696419
-7.402010050251256            0.5374757699196953
-7.28643216080402             0.5374756542151876
-7.170854271356784            0.5374756075856073
-7.055276381909547            0.5374754011213404
-6.939698492462311            0.537475579194547
-6.824120603015075            0.5374755990659752
-6.708542713567839            0.537475548191574
-6.592964824120603            0.5374755506251667
-6.477386934673367            0.537475477417085
-6.361809045226131            0.5374755376758388
-6.246231155778894            0.5374754651861778
-6.130653266331658            0.5374755456355865
-6.015075376884422            0.537475548644989
-5.899497487437186            0.5374755870223259
-5.78391959798995             0.5374755122485914
-5.668341708542714            0.537475513865423
-5.5527638190954764           0.537475421129446
-5.4371859296482405           0.537475322416755
-5.321608040201005            0.5374754330672624
-5.206030150753769            0.5374754409152173
-5.090452261306533            0.5374754642914473
-4.974874371859297            0.5374755152085275
-4.859296482412061            0.5374756243203446
-4.743718592964823            0.5374754582244549
-4.628140703517587            0.5374755139302398
-4.5125628140703515           0.5374754039079812
-4.396984924623116            0.5374754192062668
-4.28140703517588             0.5374754306647376
-4.165829145728644            0.5374754111250293
-4.050251256281406            0.5374753904745765
-3.934673366834172            0.5374754162408689
-3.8190954773869343           0.5374754205716301
-3.7035175879396967           0.5374753835162999
-3.5879396984924625           0.5374753829674078
-3.472361809045225            0.5374753723124646
-3.3567839195979907           0.5374753853983814
-3.241206030150753            0.5374753495943311
-3.125628140703519            0.5374753469308202
-3.0100502512562812           0.5374753499128421
-2.8944723618090435           0.5374753323711117
-2.7788944723618094           0.537475252741618
-2.6633165829145717           0.537475289374501
-2.5477386934673376           0.5374752956564436
-2.4321608040201              0.537475260446693
-2.316582914572866            0.5374751989611285
-2.201005025125628            0.5374750880523038
-2.0854271356783904           0.537474852681203
-1.9698492462311563           0.5374743756531557
-1.8542713567839186           0.5374734598157562
-1.7386934673366845           0.5374717677927463
-1.6231155778894468           0.5374683969168162
-1.5075376884422127           0.5374619578250996
-1.391959798994975            0.5374493543797252
-1.2763819095477373           0.5374249295396023
-1.1608040201005032           0.5373777363068722
-1.0452261306532655           0.5372868076854858
-0.9296482412060314           0.5371124250202984
-0.8140703517587937           0.5367797627661938
-0.698492462311556            0.5361492227961943
-0.5829145728643219           0.5349649083278268
-0.46733668341708423          0.5327643062161423
-0.3517587939698501           0.5287307194687723
-0.23618090452261245          0.5214602103995227
-0.12060301507537828          0.508616326514358
-0.005025125628140596         0.48645329313083485
0.11055276381909708           0.449207161205747
0.22613065326633117           0.38837490917459505
0.34170854271356893           0.2919078599454575
0.457286432160803             0.14331874669245404
0.5728643216080407            -0.0793521224363578
0.6884422110552748            -0.4048265351272101
0.8040201005025125            -0.8702886537745118
0.9195979899497502            -1.5236645255447998
1.0351758793969843            -2.4266677553514393
1.150753768844222             -3.6588716121602056
1.266331658291456             -5.323252895265749
1.3819095477386938            -7.553760026327576
1.4974874371859315            -10.525206356938805
1.6130653266331656            -14.465736426785355
1.7286432160804033            -19.67279812008242
1.8442211055276374            -26.534117836350312
1.959798994974875             -35.55526341312528
2.075376884422109             -47.39566219903217
2.190954773869347             -62.915586450314194
2.3065326633165846            -83.23744543690869
2.4221105527638187            -109.82575151362654
2.5376884422110564            -144.59145776392458
2.6532663316582905            -190.0281005650162
2.768844221105528             -251.13839158574527
