-20.0                         0.4635507745060546
-19.884422110552762           0.4635514052344339
-19.768844221105528           0.46355070900277745
-19.65326633165829            0.4635499345458742
-19.537688442211056           0.46355066928037053
-19.42211055276382            0.46355070828207195
-19.306532663316585           0.46355081505876305
-19.190954773869347           0.46355024133446754
-19.07537688442211            0.46355073011657594
-18.959798994974875           0.4635505753241476
-18.844221105527637           0.4635513100904415
-18.728643216080403           0.46355061374756407
-18.613065326633166           0.46355050526512714
-18.49748743718593            0.46355052977619865
-18.381909547738694           0.463551722258937
-18.266331658291456           0.46355039475462717
-18.150753768844222           0.46355047465606813
-18.035175879396984           0.4635500895797873
-17.91959798994975            0.463550412385689
-17.804020100502512           0.4635505613676504
-17.688442211055275           0.4635506349238338
-17.57286432160804            0.46355033006243773
-17.457286432160803           0.4635501762127648
-17.34170854271357            0.4635504026726068
-17.22613065326633            0.46355056427580604
-17.110552763819094           0.4635501347453106
-16.99497487437186            0.46355032160176796
-16.87939698492462            0.46355038516714164
-16.763819095477388           0.46355042426339005
-16.64824120603015            0.46355030860797275
-16.532663316582916           0.4635500951950582
-16.417085427135678           0.463550199736828
-16.301507537688444           0.4635500323132098
-16.185929648241206           0.4635501650332569
-16.07035175879397            0.4635502490013345
-15.954773869346734           0.4635495827790468
-15.839195979899497           0.4635500667095058
-15.72361809045226            0.46355008171259726
-15.608040201005025           0.4635501091997725
-15.492462311557789           0.4635500029214945
-15.376884422110553           0.4635497660067862
-15.261306532663315           0.4635500850649739
-15.145728643216081           0.4635499759383335
-15.030150753768844           0.46355045418136404
-14.914572864321608           0.4635498215888216
-14.798994974874372           0.4635494375134586
-14.683417085427136           0.46354995010308986
-14.5678391959799             0.46354993593501653
-14.452261306532662           0.4635499015197233
-14.336683417085428           0.46354984277914785
-14.22110552763819            0.4635498210649416
-14.105527638190955           0.46354982814822004
-13.989949748743719           0.46354921998359855
-13.874371859296481           0.46354970972304194
-13.758793969849247           0.4635503813593242
-13.64321608040201            0.46354978502922817
-13.527638190954773           0.4635495281542843
-13.412060301507537           0.46354977031814965
-13.296482412060302           0.46354993343529605
-13.180904522613066           0.46354977135273706
-13.065326633165828           0.4635493505872356
-12.949748743718594           0.46354979162525217
-12.834170854271356           0.46354937650044137
-12.71859296482412            0.46354987605863957
-12.603015075376884           0.46354927604995094
-12.487437185929648           0.4635497291505987
-12.371859296482413           0.46354967968234223
-12.256281407035175           0.46354974043595293
-12.14070351758794            0.4635496030763744
-12.025125628140703           0.46354973753724515
-11.909547738693467           0.46354948705285537
-11.793969849246231           0.46354939039992293
-11.678391959798995           0.4635495638645902
-11.56281407035176            0.46354953810231353
-11.447236180904522           0.46354971023375247
-11.331658291457286           0.463549582981606
-11.21608040201005            0.463549526172571
-11.100502512562814           0.463549880782384
-10.984924623115578           0.46354956010806525
-10.869346733668342           0.4635494523193385
-10.753768844221106           0.4635490606346711
-10.638190954773869           0.4635494956711654
-10.522613065326633           0.46354941928228127
-10.407035175879397           0.4635494845961732
-10.291457286432161           0.4635497427422096
-10.175879396984925           0.4635494247707909
-10.06030150753769            0.463549326452016
-9.944723618090451            0.4635493925480312
-9.829145728643216            0.46354935546378534
-9.71356783919598             0.4635495453856814
-9.597989949748744            0.4635493556523594
-9.482412060301508            0.46354935577971634
-9.366834170854272            0.46354936930048635
-9.251256281407034            0.46354934134096737
-9.135678391959798            0.46354933161714684
-9.020100502512562            0.4635494039085569
-8.904522613065327            0.46354917748057356
-8.78894472361809             0.4635490522175577
-8.673366834170855            0.4635499439419787
-8.557788944723619            0.46354926804657753
-8.442211055276381            0.4635498976684499
-8.326633165829145            0.46354905991448564
-8.21105527638191             0.4635492536724319
-8.095477386934673            0.4635492250851318
-7.9798994974874375           0.46354922924509523
-7.864321608040202            0.46354920386973864
-7.748743718592964            0.46354917414612473
-7.633165829145728            0.4635492107412025
-7.517587939698492            0.4635490959912532
-7.402010050251256            0.46354928723346317
-7.28643216080402             0.4635492017966373
-7.170854271356784            0.46354916022570297
-7.055276381909547            0.46354897064351863
-6.939698492462311            0.4635491304128179
-6.824120603015075            0.4635491477373077
-6.708542713567839            0.46354911458208703
-6.592964824120603            0.4635490986969061
-6.477386934673367            0.463549022202931
-6.361809045226131            0.46354908661217353
-6.246231155778894            0.4635490184733735
-6.130653266331658            0.46354909470233935
-6.015075376884422            0.4635490958990771
-5.899497487437186            0.4635491273441449
-5.78391959798995             0.4635490649028512
-5.668341708542714            0.46354906444851435
-5.5527638190954764           0.4635489856986743
-5.4371859296482405           0.4635488900008171
-5.321608040201005            0.46354899750479567
-5.206030150753769            0.4635489965234397
-5.090452261306533            0.4635490085871023
-4.974874371859297            0.4635490696738531
-4.859296482412061            0.4635491637658669
-4.743718592964823            0.4635490074683833
-4.628140703517587            0.4635490573347464
-4.5125628140703515           0.4635489587346137
-4.396984924623116            0.4635489703281798
-4.28140703517588             0.46354897943480444
-4.165829145728644            0.4635489617034914
-4.050251256281406            0.4635489516156525
-3.934673366834172            0.46354896352684255
-3.8190954773869343           0.4635489659487855
-3.7035175879396967           0.46354893320919816
-3.5879396984924625           0.4635489308043689
-3.472361809045225            0.4635489200882467
-3.3567839195979907           0.4635489301997992
-3.241206030150753            0.46354889864262677
-3.125628140703519            0.4635488919411084
-3.0100502512562812           0.46354888950069406
-2.8944723618090435           0.46354885757854575
-2.7788944723618094           0.46354877330500055
-2.6633165829145717           0.46354877223025587
-2.5477386934673376           0.4635487261598983
-2.4321608040201              0.4635485934276139
-2.316582914572866            0.4635483547395263
-2.201005025125628            0.4635479228658372
-2.0854271356783904           0.4635471131263791
-1.9698492462311563           0.46354560419372975
-1.8542713567839186           0.4635428378228983
-1.7386934673366845           0.4635378298212662
-1.6231155778894468           0.463528558630236
-1.5075376884422127           0.46351165577175407
-1.391959798994975            0.4634806124610456
-1.2763819095477373           0.4634238620765995
-1.1608040201005032           0.4633204180387862
-1.0452261306532655           0.46313243059688614
-0.9296482412060314           0.46279226828133624
-0.8140703517587937           0.46217988959779693
-0.698492462311556            0.461084357537542
-0.5829145728643219           0.4591407202945553
-0.46733668341708423          0.4557266137618284
-0.3517587939698501           0.4498029514090427
-0.23618090452261245          0.43967643102637094
-0.12060301507537828          0.42266499523906853
-0.005025125628140596         0.394653585927014
0.11055276381909708           0.3495392945237578
0.22613065326633117           0.27857343910624444
0.34170854271356893           0.16960490635790426
0.457286432160803             0.006203785326789476
0.5728643216080407            -0.23339468354532286
0.6884422110552748            -0.5776284503494493
0.8040201005025125            -1.063363305617865
0.9195979899497502            -1.7382162463875754
1.0351758793969843            -2.663629181894924
1.150753768844222             -3.9189567483595518
1.266331658291456             -5.607014909444391
1.3819095477386938            -7.8616357923186975
1.4974874371859315            -10.85753682895787
1.6130653266331656            -14.822777072019234
1.7286432160804033            -20.054734735858663
1.8442211055276374            -26.941085167130446
1.959798994974875             -35.987360155008076
2.075376884422109             -47.85296139814425
2.190954773869347             -63.39814261303798
2.3065326633165846            -83.74529949106102
2.4221105527638187            -110.3589343389395
2.5376884422110564            -145.14999274459916
2.6532663316582905            -190.61200545850977
2.768844221105528             -251.7475373143885
