-20.0                         1.1679152715056702
-19.884422110552762           1.1679163569879432
-19.768844221105528           1.1679151322416703
-19.65326633165829            1.1679141144602259
-19.537688442211056           1.1679152316220935
-19.42211055276382            1.1679149694042197
-19.306532663316585           1.1679152584117738
-19.190954773869347           1.1679137204185093
-19.07537688442211            1.1679153971822376
-18.959798994974875           1.1679150471897541
-18.844221105527637           1.167916302077073
-18.728643216080403           1.1679148410930127
-18.613065326633166           1.167915238380277
-18.49748743718593            1.1679149406338951
-18.381909547738694           1.1679173341683333
-18.266331658291456           1.1679148215187811
-18.150753768844222           1.1679148930832124
-18.035175879396984           1.1679151758062756
-17.91959798994975            1.1679148416229785
-17.804020100502512           1.1679153518842913
-17.688442211055275           1.1679149645160987
-17.57286432160804            1.167914544884932
-17.457286432160803           1.167914602958325
-17.34170854271357            1.16791472025196
-17.22613065326633            1.1679147281810185
-17.110552763819094           1.167914563531599
-16.99497487437186            1.167915036592213
-16.87939698492462            1.1679143807385346
-16.763819095477388           1.1679152747006798
-16.64824120603015            1.167914519280333
-16.532663316582916           1.1679147262060272
-16.417085427135678           1.167914586077052
-16.301507537688444           1.1679139762865582
-16.185929648241206           1.1679145980582106
-16.07035175879397            1.1679148829139447
-15.954773869346734           1.167913479731188
-15.839195979899497           1.1679145146356313
-15.72361809045226            1.1679146536172442
-15.608040201005025           1.1679154135478143
-15.492462311557789           1.1679145121699481
-15.376884422110553           1.1679145342892294
-15.261306532663315           1.1679145917961278
-15.145728643216081           1.167914526953276
-15.030150753768844           1.1679153638611017
-14.914572864321608           1.167914245408052
-14.798994974874372           1.167913522283498
-14.683417085427136           1.1679145242158708
-14.5678391959799             1.1679144576162983
-14.452261306532662           1.1679144176636047
-14.336683417085428           1.1679143164962134
-14.22110552763819            1.1679149084991851
-14.105527638190955           1.167914268511274
-13.989949748743719           1.1679133546119078
-13.874371859296481           1.1679141074633759
-13.758793969849247           1.1679147752963692
-13.64321608040201            1.1679142087817043
-13.527638190954773           1.1679134895249468
-13.412060301507537           1.1679142591767022
-13.296482412060302           1.1679140014192404
-13.180904522613066           1.1679144164867117
-13.065326633165828           1.1679138883268747
-12.949748743718594           1.167914229225658
-12.834170854271356           1.1679137629600265
-12.71859296482412            1.167914428507954
-12.603015075376884           1.1679136956431246
-12.487437185929648           1.1679142572730778
-12.371859296482413           1.16791400280726
-12.256281407035175           1.167914334212078
-12.14070351758794            1.1679141090679783
-12.025125628140703           1.167913856209088
-11.909547738693467           1.167913921508218
-11.793969849246231           1.1679138687290116
-11.678391959798995           1.167914093538375
-11.56281407035176            1.1679140233086058
-11.447236180904522           1.1679144124995298
-11.331658291457286           1.167914084186105
-11.21608040201005            1.167914007285122
-11.100502512562814           1.1679142917346137
-10.984924623115578           1.1679140732049793
-10.869346733668342           1.1679139419339426
-10.753768844221106           1.1679132635611933
-10.638190954773869           1.1679140993376198
-10.522613065326633           1.1679138463911058
-10.407035175879397           1.167914074639023
-10.291457286432161           1.1679148074690737
-10.175879396984925           1.1679139080562768
-10.06030150753769            1.167913774864121
-9.944723618090451            1.1679139265143927
-9.829145728643216            1.1679135290309788
-9.71356783919598             1.1679144085223518
-9.597989949748744            1.1679139057966548
-9.482412060301508            1.167913865509639
-9.366834170854272            1.1679139714931766
-9.251256281407034            1.1679138710662051
-9.135678391959798            1.1679137984357704
-9.020100502512562            1.1679139774311496
-8.904522613065327            1.1679134024840143
-8.78894472361809             1.1679133300384619
-8.673366834170855            1.1679149128771686
-8.557788944723619            1.1679138410737282
-8.442211055276381            1.1679148490869247
-8.326633165829145            1.1679133590495565
-8.21105527638191             1.167913519506023
-8.095477386934673            1.1679138982933284
-7.9798994974874375           1.1679137683247627
-7.864321608040202            1.1679137259898946
-7.748743718592964            1.1679136477797334
-7.633165829145728            1.167913780469225
-7.517587939698492            1.1679135108262477
-7.402010050251256            1.167914038757748
-7.28643216080402             1.167913732131832
-7.170854271356784            1.167913663312371
-7.055276381909547            1.1679133996492512
-6.939698492462311            1.1679136581933203
-6.824120603015075            1.167913673965585
-6.708542713567839            1.167913500645106
-6.592964824120603            1.167913651908613
-6.477386934673367            1.1679136443983893
-6.361809045226131            1.1679136436763475
-6.246231155778894            1.167913527555106
-6.130653266331658            1.1679136082464083
-6.015075376884422            1.1679136060955637
-5.899497487437186            1.167913665463361
-5.78391959798995             1.1679135560569693
-5.668341708542714            1.1679135824838862
-5.5527638190954764           1.1679134280672179
-5.4371859296482405           1.1679132876561833
-5.321608040201005            1.1679134144295593
-5.206030150753769            1.1679135083611363
-5.090452261306533            1.1679136139270108
-4.974874371859297            1.1679135032064807
-4.859296482412061            1.1679137174119305
-4.743718592964823            1.167913519243811
-4.628140703517587            1.167913627276949
-4.5125628140703515           1.167913470490339
-4.396984924623116            1.1679134772658235
-4.28140703517588             1.1679135010768917
-4.165829145728644            1.1679134813175982
-4.050251256281406            1.1679133711506209
-3.934673366834172            1.167913503104371
-3.8190954773869343           1.1679135218017098
-3.7035175879396967           1.167913457777268
-3.5879396984924625           1.167913475977121
-3.472361809045225            1.1679134614810907
-3.3567839195979907           1.167913478992817
-3.241206030150753            1.1679134332284147
-3.125628140703519            1.167913415659241
-3.0100502512562812           1.1679134180638997
-2.8944723618090435           1.1679134657741952
-2.7788944723618094           1.1679132966482046
-2.6633165829145717           1.1679134098426671
-2.5477386934673376           1.1679134039017716
-2.4321608040201              1.1679133971772597
-2.316582914572866            1.1679134021557744
-2.201005025125628            1.1679134152381963
-2.0854271356783904           1.1679134024441626
-1.9698492462311563           1.1679133627890244
-1.8542713567839186           1.1679133024665838
-1.7386934673366845           1.1679133266338915
-1.6231155778894468           1.1679132765259759
-1.5075376884422127           1.1679133427462598
-1.391959798994975            1.1679132788609954
-1.2763819095477373           1.1679132015991576
-1.1608040201005032           1.1679129508311439
-1.0452261306532655           1.1679122153121355
-0.9296482412060314           1.1679102196645028
-0.8140703517587937           1.1679049227286702
-0.698492462311556            1.1678901719280341
-0.5829145728643219           1.1678510183100694
-0.46733668341708423          1.1677475011220695
-0.3517587939698501           1.167478435486005
-0.23618090452261245          1.16679436828164
-0.12060301507537828          1.1651046116424957
-0.005025125628140596         1.1610827212770263
0.11055276381909708           1.1519430940405064
0.22613065326633117           1.1322936801482932
0.34170854271356893           1.0926212938350828
0.457286432160803             1.017685557623461
0.5728643216080407            0.8851584734227699
0.6884422110552748            0.6645738034041065
0.8040201005025125            0.3162376845248347
0.9195979899497502            -0.21042423801017549
1.0351758793969843            -0.9794926577740845
1.150753768844222             -2.072424783267024
1.266331658291456             -3.593552025323628
1.3819095477386938            -5.677759819104063
1.4974874371859315            -8.500587129732688
1.6130653266331656            -12.290795774238811
1.7286432160804033            -17.346321713215975
1.8442211055276374            -24.055239540799285
1.959798994974875             -32.9233569763264
2.075376884422109             -44.610268641266586
2.190954773869347             -59.97636581173759
2.3065326633165846            -80.14414387809721
2.4221105527638187            -106.57817833117863
2.5376884422110564            -141.18946901383407
2.6532663316582905            -186.47158721046836
2.768844221105528             -247.42814032946387
