-20.0                         1.511899465546123
-19.884422110552762           1.511900795170591
-19.768844221105528           1.5118993046717921
-19.65326633165829            1.5118982950951616
-19.537688442211056           1.511899602183572
-19.42211055276382            1.51189913455919
-19.306532663316585           1.511899340751179
-19.190954773869347           1.5118976369765127
-19.07537688442211            1.5118997076072522
-18.959798994974875           1.5118993170189623
-18.844221105527637           1.5119004883107228
-18.728643216080403           1.5118989041878739
-18.613065326633166           1.511899641807325
-18.49748743718593            1.5118991165484372
-18.381909547738694           1.5119018696352313
-18.266331658291456           1.511899065763221
-18.150753768844222           1.5118991272628943
-18.035175879396984           1.5118998294094996
-17.91959798994975            1.511899026096214
-17.804020100502512           1.5118996897508263
-17.688442211055275           1.511898969144425
-17.57286432160804            1.5118988124396642
-17.457286432160803           1.5118988524078814
-17.34170854271357            1.5118988165752605
-17.22613065326633            1.5118986948305217
-17.110552763819094           1.5118988359042504
-16.99497487437186            1.5118993340839393
-16.87939698492462            1.5118983522565619
-16.763819095477388           1.5118996802111262
-16.64824120603015            1.5118986304375055
-16.532663316582916           1.511899220423455
-16.417085427135678           1.51189880659408
-16.301507537688444           1.5118981061610604
-16.185929648241206           1.5118988369744752
-16.07035175879397            1.5118991719491148
-15.954773869346734           1.511897519517576
-15.839195979899497           1.5118987638019168
-15.72361809045226            1.511899011039872
-15.608040201005025           1.5119000450682276
-15.492462311557789           1.5118987912795898
-15.376884422110553           1.5118990865929627
-15.261306532663315           1.5118988438161
-15.145728643216081           1.5118988242642022
-15.030150753768844           1.5118996200901433
-14.914572864321608           1.5118984919464031
-14.798994974874372           1.511897713472339
-14.683417085427136           1.511898829326547
-14.5678391959799             1.5118987984975527
-14.452261306532662           1.511898762656647
-14.336683417085428           1.5118985820287327
-14.22110552763819            1.5118994858301047
-14.105527638190955           1.5118985442641986
-13.989949748743719           1.5118975029404174
-13.874371859296481           1.5118983407452826
-13.758793969849247           1.5118989382469008
-13.64321608040201            1.5118984663224624
-13.527638190954773           1.5118975864058737
-13.412060301507537           1.511898546039972
-13.296482412060302           1.5118980398900603
-13.180904522613066           1.5118987558619752
-13.065326633165828           1.511898261155274
-12.949748743718594           1.5118984537429923
-12.834170854271356           1.5118980056475673
-12.71859296482412            1.511898696626664
-12.603015075376884           1.511898013717497
-12.487437185929648           1.511898513633474
-12.371859296482413           1.511898197669303
-12.256281407035175           1.5118986036326092
-12.14070351758794            1.5118983903606742
-12.025125628140703           1.5118979301517383
-11.909547738693467           1.5118981698326037
-11.793969849246231           1.5118982507374987
-11.678391959798995           1.5118983914829347
-11.56281407035176            1.511898291648626
-11.447236180904522           1.5118987674008375
-11.331658291457286           1.511898344766674
-11.21608040201005            1.5118982745518956
-11.100502512562814           1.5118984841818468
-10.984924623115578           1.5118983361819704
-10.869346733668342           1.5118982144077782
-10.753768844221106           1.511897428195609
-10.638190954773869           1.5118984204845523
-10.522613065326633           1.511898094643539
-10.407035175879397           1.51189833473835
-10.291457286432161           1.5118992857840499
-10.175879396984925           1.5118981674730212
-10.06030150753769            1.5118980270381268
-9.944723618090451            1.5118982345384404
-9.829145728643216            1.5118976669320343
-9.71356783919598             1.5118987643013513
-9.597989949748744            1.5118982073369338
-9.482412060301508            1.5118981521440864
-9.366834170854272            1.5118982761892636
-9.251256281407034            1.511898158492817
-9.135678391959798            1.511898064765247
-9.020100502512562            1.5118982056612862
-8.904522613065327            1.5118975807223594
-8.78894472361809             1.511897516909219
-8.673366834170855            1.511899356778176
-8.557788944723619            1.5118981456226592
-8.442211055276381            1.511899286522208
-8.326633165829145            1.5118975525071217
-8.21105527638191             1.5118976860807138
-8.095477386934673            1.5118982487623047
-7.9798994974874375           1.5118980410328595
-7.864321608040202            1.511898008317183
-7.748743718592964            1.511897907628726
-7.633165829145728            1.511898079580264
-7.517587939698492            1.5118977958545867
-7.402010050251256            1.5118983695407187
-7.28643216080402             1.5118980077168034
-7.170854271356784            1.5118979363180292
-7.055276381909547            1.5118976724094093
-6.939698492462311            1.5118979468450124
-6.824120603015075            1.5118979505672894
-6.708542713567839            1.5118977212589284
-6.592964824120603            1.5118979512485409
-6.477386934673367            1.5118979939898574
-6.361809045226131            1.5118979499453953
-6.246231155778894            1.511897806381424
-6.130653266331658            1.5118978738141104
-6.015075376884422            1.5118978541253707
-5.899497487437186            1.5118979080865989
-5.78391959798995             1.511897820343137
-5.668341708542714            1.5118978600029005
-5.5527638190954764           1.5118977053435312
-5.4371859296482405           1.5118975209063708
-5.321608040201005            1.5118976696209026
-5.206030150753769            1.5118978109997125
-5.090452261306533            1.511897935291457
-4.974874371859297            1.511897725692983
-4.859296482412061            1.5118979858901753
-4.743718592964823            1.5118977853062416
-4.628140703517587            1.5118979239709114
-4.5125628140703515           1.5118977682709085
-4.396984924623116            1.5118977500770239
-4.28140703517588             1.511897774640545
-4.165829145728644            1.5118977633051018
-4.050251256281406            1.5118976064505198
-3.934673366834172            1.51189778510414
-3.8190954773869343           1.51189781180656
-3.7035175879396967           1.5118977368299804
-3.5879396984924625           1.5118977661088546
-3.472361809045225            1.5118977503159514
-3.3567839195979907           1.5118977580225847
-3.241206030150753            1.5118977341679702
-3.125628140703519            1.5118976932450239
-3.0100502512562812           1.5118976928813763
-2.8944723618090435           1.5118977809091665
-2.7788944723618094           1.5118975611566554
-2.6633165829145717           1.511897713169193
-2.5477386934673376           1.5118976851538548
-2.4321608040201              1.5118976751599085
-2.316582914572866            1.511897685382306
-2.201005025125628            1.5118976943063935
-2.0854271356783904           1.5118976804842197
-1.9698492462311563           1.5118976412474496
-1.8542713567839186           1.5118975757539868
-1.7386934673366845           1.5118976067935868
-1.6231155778894468           1.5118975493975317
-1.5075376884422127           1.511897640169404
-1.391959798994975            1.5118975941247446
-1.2763819095477373           1.5118976153271917
-1.1608040201005032           1.511897607341565
-1.0452261306532655           1.5118975229915752
-0.9296482412060314           1.5118972525743928
-0.8140703517587937           1.5118966141147923
-0.698492462311556            1.511894008724209
-0.5829145728643219           1.5118863193473338
-0.46733668341708423          1.511862620676611
-0.3517587939698501           1.5117908849314914
-0.23618090452261245          1.511578598861197
-0.12060301507537828          1.510968793550352
-0.005025125628140596         1.5092849891606466
0.11055276381909708           1.5048652942604346
0.22613065326633117           1.4939733291262098
0.34170854271356893           1.4690612209469167
0.457286432160803             1.4166010016180672
0.5728643216080407            1.3150925112457486
0.6884422110552748            1.1337588988837222
0.8040201005025125            0.8317290790322008
0.9195979899497502            0.3569027410754767
1.0351758793969843            -0.35625286724223104
1.150753768844222             -1.3903604647483465
1.266331658291456             -2.850577372137396
1.3819095477386938            -4.872338024012871
1.4974874371859315            -7.631580380985586
1.6130653266331656            -11.357389146097816
1.7286432160804033            -16.347947267308083
1.8442211055276374            -22.991500289300838
1.959798994974875             -31.793970384636182
2.075376884422109             -43.41503010531295
2.190954773869347             -58.71512515124386
2.3065326633165846            -78.81678972592451
2.4221105527638187            -105.18462745667834
2.5376884422110564            -139.72965884419753
2.6532663316582905            -184.9454704912389
2.768844221105528             -245.8360549023282
