-20.0                         0.548330444195874
-19.884422110552762           0.548331137724491
-19.768844221105528           0.548330369814281
-19.65326633165829            0.5483295348679398
-19.537688442211056           0.5483303279843159
-19.42211055276382            0.548330340921842
-19.306532663316585           0.5483305004327916
-19.190954773869347           0.5483297483861408
-19.07537688442211            0.5483304187560843
-18.959798994974875           0.5483302285980337
-18.844221105527637           0.5483311034988719
-18.728643216080403           0.5483302655613727
-18.613065326633166           0.5483301891579496
-18.49748743718593            0.5483301895294773
-18.381909547738694           0.5483315854859572
-18.266331658291456           0.5483300440049084
-18.150753768844222           0.5483301253811869
-18.035175879396984           0.5483297951705725
-17.91959798994975            0.5483300730455383
-17.804020100502512           0.5483302691984444
-17.688442211055275           0.5483303198736703
-17.57286432160804            0.5483299446020533
-17.457286432160803           0.5483298229242126
-17.34170854271357            0.5483300646085782
-17.22613065326633            0.548330226499578
-17.110552763819094           0.5483297766134343
-16.99497487437186            0.5483300111905712
-16.87939698492462            0.5483300115537889
-16.763819095477388           0.5483301340294761
-16.64824120603015            0.5483299521407103
-16.532663316582916           0.5483297383425726
-16.417085427135678           0.5483298449334486
-16.301507537688444           0.5483296103497584
-16.185929648241206           0.5483298235857623
-16.07035175879397            0.5483299313668758
-15.954773869346734           0.5483291502135682
-15.839195979899497           0.5483297197095822
-15.72361809045226            0.5483297435324677
-15.608040201005025           0.5483298582649843
-15.492462311557789           0.5483296630613472
-15.376884422110553           0.5483294191775318
-15.261306532663315           0.5483297538988996
-15.145728643216081           0.5483296395625082
-15.030150753768844           0.5483302102424392
-14.914572864321608           0.5483294684036717
-14.798994974874372           0.5483290149848264
-14.683417085427136           0.5483296197615016
-14.5678391959799             0.5483295894677057
-14.452261306532662           0.548329553722216
-14.336683417085428           0.5483294985465655
-14.22110552763819            0.5483295359603341
-14.105527638190955           0.5483294750937415
-13.989949748743719           0.5483288180298561
-13.874371859296481           0.5483293535811429
-13.758793969849247           0.5483300500433596
-13.64321608040201            0.5483294331848401
-13.527638190954773           0.5483291032623061
-13.412060301507537           0.5483294256722795
-13.296482412060302           0.5483295557814349
-13.180904522613066           0.5483294462091448
-13.065326633165828           0.5483289928185975
-12.949748743718594           0.5483294502921516
-12.834170854271356           0.5483290142206007
-12.71859296482412            0.5483295515471031
-12.603015075376884           0.5483289031029261
-12.487437185929648           0.5483293997320383
-12.371859296482413           0.548329325855335
-12.256281407035175           0.548329418283634
-12.14070351758794            0.5483292630483998
-12.025125628140703           0.5483293619052338
-11.909547738693467           0.5483291362439549
-11.793969849246231           0.5483290215798932
-11.678391959798995           0.5483292244826408
-11.56281407035176            0.5483291952081819
-11.447236180904522           0.5483293998302764
-11.331658291457286           0.5483292469906482
-11.21608040201005            0.5483291842623984
-11.100502512562814           0.5483295437641612
-10.984924623115578           0.5483292265094027
-10.869346733668342           0.5483291098847973
-10.753768844221106           0.5483286724791148
-10.638190954773869           0.548329166664576
-10.522613065326633           0.5483290679051611
-10.407035175879397           0.5483291620185151
-10.291457286432161           0.5483294857265587
-10.175879396984925           0.5483290851146314
-10.06030150753769            0.5483289782905443
-9.944723618090451            0.5483290545112557
-9.829145728643216            0.5483289736581091
-9.71356783919598             0.5483292647843633
-9.597989949748744            0.5483290196820483
-9.482412060301508            0.5483290152749422
-9.366834170854272            0.5483290441052252
-9.251256281407034            0.5483290056316268
-9.135678391959798            0.5483289895078798
-9.020100502512562            0.5483290880800581
-8.904522613065327            0.5483287956794699
-8.78894472361809             0.548328677803529
-8.673366834170855            0.5483296792615482
-8.557788944723619            0.5483289377674396
-8.442211055276381            0.5483296301793606
-8.326633165829145            0.5483286893338715
-8.21105527638191             0.5483288868207397
-8.095477386934673            0.5483289019452741
-7.9798994974874375           0.5483288959176139
-7.864321608040202            0.5483288661857085
-7.748743718592964            0.5483288305533981
-7.633165829145728            0.5483288800610555
-7.517587939698492            0.5483287356678126
-7.402010050251256            0.5483289883613574
-7.28643216080402             0.5483288683588344
-7.170854271356784            0.5483288210508664
-7.055276381909547            0.5483286124421548
-6.939698492462311            0.548328792906064
-6.824120603015075            0.5483288130694198
-6.708542713567839            0.5483287596995599
-6.592964824120603            0.5483287647933631
-6.477386934673367            0.548328692203932
-6.361809045226131            0.5483287517541947
-6.246231155778894            0.5483286786187184
-6.130653266331658            0.5483287595622331
-6.015075376884422            0.5483287628039462
-5.899497487437186            0.5483288020792404
-5.78391959798995             0.5483287256682268
-5.668341708542714            0.5483287276176825
-5.5527638190954764           0.5483286329851659
-5.4371859296482405           0.5483285338554942
-5.321608040201005            0.5483286448449011
-5.206030150753769            0.5483286540303578
-5.090452261306533            0.5483286790867191
-4.974874371859297            0.5483287282033956
-4.859296482412061            0.5483288394367757
-4.743718592964823            0.548328672125843
-4.628140703517587            0.548328728672777
-4.5125628140703515           0.5483286171197432
-4.396984924623116            0.5483286328642746
-4.28140703517588             0.5483286446474488
-4.165829145728644            0.5483286248760519
-4.050251256281406            0.5483286026645755
-3.934673366834172            0.5483286304482793
-3.8190954773869343           0.5483286350412463
-3.7035175879396967           0.5483285973797959
-3.5879396984924625           0.5483285970929537
-3.472361809045225            0.5483285863977774
-3.3567839195979907           0.5483285998076614
-3.241206030150753            0.5483285633037368
-3.125628140703519            0.5483285608947448
-3.0100502512562812           0.5483285641575797
-2.8944723618090435           0.5483285478972147
-2.7788944723618094           0.5483284674042027
-2.6633165829145717           0.548328506747805
-2.5477386934673376           0.548328515667879
-2.4321608040201              0.5483284859361408
-2.316582914572866            0.5483284348754963
-2.201005025125628            0.5483283436633315
-2.0854271356783904           0.5483281446209561
-1.9698492462311563           0.5483277354686088
-1.8542713567839186           0.5483269462895844
-1.7386934673366845           0.5483254908542115
-1.6231155778894468           0.5483225574890254
-1.5075376884422127           0.5483169252334972
-1.391959798994975            0.5483057986963135
-1.2763819095477373           0.5482840644845417
-1.1608040201005032           0.5482417349523504
-1.0452261306532655           0.5481595228086059
-0.9296482412060314           0.5480006006209366
-0.8140703517587937           0.5476950216019824
-0.698492462311556            0.5471112081394929
-0.5829145728643219           0.5460060502065487
-0.46733668341708423          0.5439365892098219
-0.3517587939698501           0.5401145265412353
-0.23618090452261245          0.5331745095000169
-0.12060301507537828          0.5208282222746251
-0.005025125628140596         0.49938366095680226
0.11055276381909708           0.4631286577308785
0.22613065326633117           0.4036001751326135
0.34170854271356893           0.3087691632920536
0.457286432160803             0.16214394833136392
0.5728643216080407            -0.058260993474632344
0.6884422110552748            -0.3812075024282374
0.8040201005025125            -0.8439255851714634
0.9195979899497502            -1.4943860435435994
1.0351758793969843            -2.394341795781562
1.150753768844222             -3.623397645737112
1.266331658291456             -5.284553493992489
1.3819095477386938            -7.511774342979348
1.4974874371859315            -10.479887082005773
1.6130653266331656            -14.417048227232991
1.7286432160804033            -19.62071537649166
1.8442211055276374            -26.478622017122152
1.959798994974875             -35.49634097198889
2.075376884422109             -47.33330312570181
2.190954773869347             -62.84978328395203
2.3065326633165846            -83.1681925803063
2.4221105527638187            -109.75304474660213
2.5376884422110564            -144.51529389233178
2.6532663316582905            -189.94847716425056
2.768844221105528             -251.05532625911212
