-20.0                         1.3397661375336676
-19.884422110552762           1.3397673417376539
-19.768844221105528           1.3397659854317074
-19.65326633165829            1.3397649655231947
-19.537688442211056           1.3397661749540184
-19.42211055276382            1.3397658141217659
-19.306532663316585           1.3397660717589879
-19.190954773869347           1.3397644333533933
-19.07537688442211            1.3397663183923145
-18.959798994974875           1.3397659453769073
-18.844221105527637           1.339767176776674
-18.728643216080403           1.3397656365729325
-18.613065326633166           1.3397662025097548
-18.49748743718593            1.3397657942770482
-18.381909547738694           1.339768380718287
-18.266331658291456           1.3397657064023007
-18.150753768844222           1.3397657733225898
-18.035175879396984           1.3397662610275682
-17.91959798994975            1.3397657000970948
-17.804020100502512           1.3397662897683884
-17.688442211055275           1.339765738594713
-17.57286432160804            1.3397654294773849
-17.457286432160803           1.339765490634357
-17.34170854271357            1.339765534005595
-17.22613065326633            1.3397654791888671
-17.110552763819094           1.3397654613620578
-16.99497487437186            1.3397659575644831
-16.87939698492462            1.3397651284997303
-16.763819095477388           1.3397662436550395
-16.64824120603015            1.3397653345507965
-16.532663316582916           1.3397657283694322
-16.417085427135678           1.3397654596367836
-16.301507537688444           1.3397647936670953
-16.185929648241206           1.3397654780882284
-16.07035175879397            1.3397657949249229
-15.954773869346734           1.3397642604807176
-15.839195979899497           1.3397654023721328
-15.72361809045226            1.3397655918882303
-15.608040201005025           1.3397664992378064
-15.492462311557789           1.3397654151089333
-15.376884422110553           1.3397655671036144
-15.261306532663315           1.339765481299049
-15.145728643216081           1.339765439940922
-15.030150753768844           1.3397662680945797
-14.914572864321608           1.339765131695249
-14.798994974874372           1.3397643750199935
-14.683417085427136           1.3397654401357397
-14.5678391959799             1.3397653880820006
-14.452261306532662           1.3397653494148887
-14.336683417085428           1.3397652121063857
-14.22110552763819            1.3397659630368275
-14.105527638190955           1.339765167655207
-13.989949748743719           1.3397641899904822
-13.874371859296481           1.3397649871470034
-13.758793969849247           1.339765622052636
-13.64321608040201            1.3397650990881116
-13.527638190954773           1.33976429633298
-13.412060301507537           1.3397651647287954
-13.296482412060302           1.3397647833397395
-13.180904522613066           1.3397653511030787
-13.065326633165828           1.3397648339061607
-12.949748743718594           1.3397651053731805
-12.834170854271356           1.339764646692355
-12.71859296482412            1.3397653272651193
-12.603015075376884           1.339764613738498
-12.487437185929648           1.3397651502554617
-12.371859296482413           1.33976486003949
-12.256281407035175           1.3397652363137014
-12.14070351758794            1.3397650126637484
-12.025125628140703           1.3397646556449792
-11.909547738693467           1.3397648088335683
-11.793969849246231           1.339764816139148
-11.678391959798995           1.3397650058130508
-11.56281407035176            1.339764920714718
-11.447236180904522           1.3397653540495846
-11.331658291457286           1.339764978412722
-11.21608040201005            1.3397649035104018
-11.100502512562814           1.339765152554432
-10.984924623115578           1.3397649687908908
-10.869346733668342           1.3397648413699135
-10.753768844221106           1.3397641078056661
-10.638190954773869           1.3397650245433477
-10.522613065326633           1.3397647332794949
-10.407035175879397           1.3397649728525365
-10.291457286432161           1.339765814713042
-10.175879396984925           1.3397648008679288
-10.06030150753769            1.3397646642380399
-9.944723618090451            1.3397648423719524
-9.829145728643216            1.3397643593216717
-9.71356783919598             1.3397653566908525
-9.597989949748744            1.3397648203387793
-9.482412060301508            1.3397647717559906
-9.366834170854272            1.3397648886716529
-9.251256281407034            1.3397647779781126
-9.135678391959798            1.3397646931578147
-9.020100502512562            1.3397648599110275
-8.904522613065327            1.3397642526167948
-8.78894472361809             1.339764185991886
-8.673366834170855            1.3397659006100235
-8.557788944723619            1.339764756952639
-8.442211055276381            1.3397658335041065
-8.326633165829145            1.3397642184527654
-8.21105527638191             1.3397643650410636
-8.095477386934673            1.339764839134441
-7.9798994974874375           1.339764669838595
-7.864321608040202            1.3397646308700226
-7.748743718592964            1.3397645411813484
-7.633165829145728            1.339764694262268
-7.517587939698492            1.3397644131638033
-7.402010050251256            1.3397649722575302
-7.28643216080402             1.3397646339397595
-7.170854271356784            1.3397645632889097
-7.055276381909547            1.339764297680005
-6.939698492462311            1.3397645660519082
-6.824120603015075            1.3397645761964694
-6.708542713567839            1.3397643742323762
-6.592964824120603            1.3397645649589247
-6.477386934673367            1.3397645817092958
-6.361809045226131            1.339764560045498
-6.246231155778894            1.3397644303632523
-6.130653266331658            1.3397645051298963
-6.015075376884422            1.3397644952166106
-5.899497487437186            1.3397645529470938
-5.78391959798995             1.3397644516011562
-5.668341708542714            1.3397644849448027
-5.5527638190954764           1.339764327849574
-5.4371859296482405           1.3397641673172052
-5.321608040201005            1.3397643034723619
-5.206030150753769            1.3397644214738578
-5.090452261306533            1.3397645391354764
-4.974874371859297            1.3397643782883488
-4.859296482412061            1.3397646163546402
-4.743718592964823            1.339764416083132
-4.628140703517587            1.339764539515283
-4.5125628140703515           1.3397643814691786
-4.396984924623116            1.339764376841936
-4.28140703517588             1.339764401608147
-4.165829145728644            1.3397643855729724
-4.050251256281406            1.3397642518558115
-3.934673366834172            1.3397644081095923
-3.8190954773869343           1.339764430810164
-3.7035175879396967           1.3397643611048256
-3.5879396984924625           1.3397643849207799
-3.472361809045225            1.3397643696045232
-3.3567839195979907           1.3397643832886819
-3.241206030150753            1.3397643463498339
-3.125628140703519            1.3397643180159564
-3.0100502512562812           1.3397643190665756
-2.8944723618090435           1.3397643867025253
-2.7788944723618094           1.3397641922941739
-2.6633165829145717           1.3397643247485544
-2.5477386934673376           1.3397643082656205
-2.4321608040201              1.3397643001068378
-2.316582914572866            1.3397643075456556
-2.201005025125628            1.3397643192039514
-2.0854271356783904           1.3397643055926214
-1.9698492462311563           1.3397642656760298
-1.8542713567839186           1.3397642025993561
-1.7386934673366845           1.3397642304374129
-1.6231155778894468           1.3397641786382968
-1.5075376884422127           1.3397642609513305
-1.391959798994975            1.339764215468914
-1.2763819095477373           1.339764213149893
-1.1608040201005032           1.3397641497469317
-1.0452261306532655           1.3397639085666455
-0.9296482412060314           1.339763203896979
-0.8140703517587937           1.3397613051347779
-0.698492462311556            1.3397552434875069
-0.5829145728643219           1.3397380779055486
-0.46733668341708423          1.3396889853476073
-0.3517587939698501           1.3395510115091345
-0.23618090452261245          1.3391718445807261
-0.12060301507537828          1.3381600765291535
-0.005025125628140596         1.335562293806029
0.11055276381909708           1.3292100976650152
0.22613065326633117           1.3145774911732644
0.34170854271356893           1.2831239403996726
0.457286432160803             1.220398580508656
0.5728643216080407            1.1043962164668562
0.6884422110552748            0.9044265062365082
0.8040201005025125            0.5801807731319569
0.9195979899497502            0.08032678128974768
1.0351758793969843            -0.6599257046664535
1.150753768844222             -1.7226011100954544
1.266331658291456             -3.2124332321972013
1.3819095477386938            -5.264576443571973
1.4974874371859315            -8.054767001537611
1.6130653266331656            -11.811927581433382
1.7286432160804033            -16.83411779615041
1.8442211055276374            -23.50949821139571
1.959798994974875             -32.343934352423794
2.075376884422109             -43.997060340747325
2.190954773869347             -59.329295114488204
2.3065326633165846            -79.46315383390265
2.4221105527638187            -105.8632263452046
2.5376884422110564            -140.44052304446672
2.6532663316582905            -185.68862304931994
2.768844221105528             -246.61133128423774
