-20.0                         0.3007773014779439
-19.884422110552762           0.3007777306821234
-19.768844221105528           0.30077725352590484
-19.65326633165829            0.3007766923644171
-19.537688442211056           0.3007772264400219
-19.42211055276382            0.30077729606850984
-19.306532663316585           0.3007772719829594
-19.190954773869347           0.3007771564034757
-19.07537688442211            0.30077720312725087
-18.959798994974875           0.30077714148920287
-18.844221105527637           0.3007774326180411
-18.728643216080403           0.3007771385507707
-18.613065326633166           0.3007770164805545
-18.49748743718593            0.30077707085559885
-18.381909547738694           0.300777659350085
-18.266331658291456           0.30077697487247895
-18.150753768844222           0.30077703643720644
-18.035175879396984           0.30077662239235353
-17.91959798994975            0.3007769557149792
-17.804020100502512           0.30077699307006855
-17.688442211055275           0.30077705032266594
-17.57286432160804            0.3007769547531717
-17.457286432160803           0.30077677092992666
-17.34170854271357            0.30077691107262833
-17.22613065326633            0.3007770146895762
-17.110552763819094           0.30077675011041505
-16.99497487437186            0.30077682049180815
-16.87939698492462            0.3007769270456895
-16.763819095477388           0.3007768493634238
-16.64824120603015            0.30077684228756507
-16.532663316582916           0.3007767186711534
-16.417085427135678           0.3007767802159748
-16.301507537688444           0.3007767449719038
-16.185929648241206           0.3007767040132223
-16.07035175879397            0.30077674327760356
-15.954773869346734           0.3007763976818514
-15.839195979899497           0.3007766344073179
-15.72361809045226            0.3007766311705542
-15.608040201005025           0.300776519615005
-15.492462311557789           0.30077655589686314
-15.376884422110553           0.30077641706076724
-15.261306532663315           0.3007765999739095
-15.145728643216081           0.3007765253781109
-15.030150753768844           0.30077671505179615
-14.914572864321608           0.3007764142032319
-14.798994974874372           0.3007762508797605
-14.683417085427136           0.3007764790841081
-14.5678391959799             0.3007764974496051
-14.452261306532662           0.30077646814416176
-14.336683417085428           0.30077640488642415
-14.22110552763819            0.300776312117177
-14.105527638190955           0.3007764099753487
-13.989949748743719           0.3007759689828052
-13.874371859296481           0.30077630714233583
-13.758793969849247           0.3007768210947016
-13.64321608040201            0.3007763572077762
-13.527638190954773           0.3007762928183236
-13.412060301507537           0.3007763296586724
-13.296482412060302           0.30077649871418255
-13.180904522613066           0.30077629612715256
-13.065326633165828           0.30077600746740873
-12.949748743718594           0.30077632263714993
-12.834170854271356           0.30077600664525667
-12.71859296482412            0.30077636110947953
-12.603015075376884           0.300775966493855
-12.487437185929648           0.30077624193263414
-12.371859296482413           0.30077623120208075
-12.256281407035175           0.30077624228807204
-12.14070351758794            0.3007761528021432
-12.025125628140703           0.3007763119312344
-11.909547738693467           0.30077607023731107
-11.793969849246231           0.30077604659978757
-11.678391959798995           0.3007761145530512
-11.56281407035176            0.30077609657966786
-11.447236180904522           0.30077617718163996
-11.331658291457286           0.30077611122346115
-11.21608040201005            0.30077607598146144
-11.100502512562814           0.30077636351251236
-10.984924623115578           0.300776080869546
-10.869346733668342           0.3007760088971324
-10.753768844221106           0.3007757580179813
-10.638190954773869           0.30077602074162796
-10.522613065326633           0.300775995621858
-10.407035175879397           0.3007759945150296
-10.291457286432161           0.3007760798189971
-10.175879396984925           0.30077596706088994
-10.06030150753769            0.3007759001794881
-9.944723618090451            0.300775936693409
-9.829145728643216            0.3007759821266983
-9.71356783919598             0.3007759507362594
-9.597989949748744            0.3007758981951282
-9.482412060301508            0.300775904122826
-9.366834170854272            0.30077588479243805
-9.251256281407034            0.30077587729392136
-9.135678391959798            0.30077587476075723
-9.020100502512562            0.3007758816445059
-8.904522613065327            0.30077582748735615
-8.78894472361809             0.300775701600932
-8.673366834170855            0.3007762606785408
-8.557788944723619            0.30077579361881895
-8.442211055276381            0.30077622306937496
-8.326633165829145            0.30077569603569626
-8.21105527638191             0.30077584170433924
-8.095477386934673            0.3007757521342801
-7.9798994974874375           0.3007757620961775
-7.864321608040202            0.30077574759290293
-7.748743718592964            0.3007757320151851
-7.633165829145728            0.30077573664853474
-7.517587939698492            0.30077569948241517
-7.402010050251256            0.30077573605484
-7.28643216080402             0.30077572815232867
-7.170854271356784            0.30077570355494904
-7.055276381909547            0.30077558642772767
-6.939698492462311            0.30077567379181797
-6.824120603015075            0.30077567882367506
-6.708542713567839            0.30077569537533483
-6.592964824120603            0.30077563553127784
-6.477386934673367            0.3007755649500733
-6.361809045226131            0.3007756275665188
-6.246231155778894            0.30077557137077815
-6.130653266331658            0.3007756261177586
-6.015075376884422            0.3007756221052647
-5.899497487437186            0.3007756286362985
-5.78391959798995             0.30077560477502957
-5.668341708542714            0.30077560124182756
-5.5527638190954764           0.3007755657835912
-5.4371859296482405           0.30077548633746
-5.321608040201005            0.30077556816758133
-5.206030150753769            0.3007755494497761
-5.090452261306533            0.3007755376692378
-4.974874371859297            0.3007755932457045
-4.859296482412061            0.3007756402055275
-4.743718592964823            0.30077552680700104
-4.628140703517587            0.30077555237199155
-4.5125628140703515           0.3007754826073633
-4.396984924623116            0.3007754660222673
-4.28140703517588             0.3007754459630832
-4.165829145728644            0.3007754014100654
-4.050251256281406            0.3007753638377137
-3.934673366834172            0.300775269681352
-3.8190954773869343           0.300775153786943
-3.7035175879396967           0.30077496547469523
-3.5879396984924625           0.30077470434347847
-3.472361809045225            0.30077430949133976
-3.3567839195979907           0.30077373252228173
-3.241206030150753            0.3007728449017854
-3.125628140703519            0.30077151811387143
-3.0100502512562812           0.30076953540853946
-2.8944723618090435           0.3007665211517271
-2.7788944723618094           0.30076199522968056
-2.6633165829145717           0.3007552488607275
-2.5477386934673376           0.3007450971992748
-2.4321608040201              0.30072979244549636
-2.316582914572866            0.30070678469256046
-2.201005025125628            0.3006722102139164
-2.0854271356783904           0.3006202690018607
-1.9698492462311563           0.30054227380238024
-1.8542713567839186           0.3004252578962515
-1.7386934673366845           0.3002498705301572
-1.6231155778894468           0.299987140782903
-1.5075376884422127           0.29959416197292293
-1.391959798994975            0.299007007651039
-1.2763819095477373           0.29813117510006637
-1.1608040201005032           0.2968272165581441
-1.0452261306532655           0.2948900894387878
-0.9296482412060314           0.29201976218944053
-0.8140703517587937           0.2877793138716376
-0.698492462311556            0.28153609445637434
-0.5829145728643219           0.27238049260394365
-0.46733668341708423          0.259013569643738
-0.3517587939698501           0.23959592697005447
-0.23618090452261245          0.2115457574717154
-0.12060301507537828          0.1712737027293737
-0.005025125628140596         0.11383946463740648
0.11055276381909708           0.0325129946266113
0.22613065326633117           -0.08178175206402512
0.34170854271356893           -0.2411683157045514
0.457286432160803             -0.46170471379759864
0.5728643216080407            -0.7645110139307699
0.6884422110552748            -1.1772142451737184
0.8040201005025125            -1.7358120000265582
0.9195979899497502            -2.4870841241277573
1.0351758793969843            -3.4917283492095934
1.150753768844222             -4.8284906690974125
1.266331658291456             -6.599730939347351
1.3819095477386938            -8.938941020352328
1.4974874371859315            -12.020545716513944
1.6130653266331656            -16.072335364274124
1.7286432160804033            -21.391464886077525
1.8442211055276374            -28.36544320670195
1.959798994974875             -37.49968278395847
2.075376884422109             -49.45349932868232
2.190954773869347             -65.08708378983648
2.3065326633165846            -85.52278553541122
2.4221105527638187            -112.22507239017662
2.5376884422110564            -147.10486410228233
2.6532663316582905            -192.65567195657533
2.768844221105528             -253.87954736463973
