-20.0                         0.8137498901218226
-19.884422110552762           0.8137507511163858
-19.768844221105528           0.8137497864576949
-19.65326633165829            0.81374883043687
-19.537688442211056           0.81374976875829
-19.42211055276382            0.8137496802754807
-19.306532663316585           0.8137499484622748
-19.190954773869347           0.8137487631658982
-19.07537688442211            0.8137499221469926
-18.959798994974875           0.8137496454502516
-18.844221105527637           0.8137507943448101
-18.728643216080403           0.8137496169080514
-18.613065326633166           0.8137497038860079
-18.49748743718593            0.8137496002968049
-18.381909547738694           0.8137514975158191
-18.266331658291456           0.8137494460175011
-18.150753768844222           0.8137495252106414
-18.035175879396984           0.8137494251918594
-17.91959798994975            0.81374949009848
-17.804020100502512           0.8137498252945482
-17.688442211055275           0.8137497320491145
-17.57286432160804            0.8137492432251106
-17.457286432160803           0.8137492231767097
-17.34170854271357            0.8137494509668172
-17.22613065326633            0.8137495682881131
-17.110552763819094           0.8137491727517314
-16.99497487437186            0.8137495355492038
-16.87939698492462            0.8137492706837365
-16.763819095477388           0.8137497042935744
-16.64824120603015            0.8137492852185592
-16.532663316582916           0.8137491807606806
-16.417085427135678           0.8137492320221092
-16.301507537688444           0.8137488064480337
-16.185929648241206           0.8137492335493739
-16.07035175879397            0.8137494219336161
-15.954773869346734           0.8137483397932627
-15.839195979899497           0.8137491307214424
-15.72361809045226            0.8137491912929954
-15.608040201005025           0.8137495939138393
-15.492462311557789           0.813749096806283
-15.376884422110553           0.8137489149535853
-15.261306532663315           0.8137491945272977
-15.145728643216081           0.8137490883414185
-15.030150753768844           0.8137498440607724
-14.914572864321608           0.8137488678887609
-14.798994974874372           0.8137482619306028
-14.683417085427136           0.8137490796178819
-14.5678391959799             0.8137490148101365
-14.452261306532662           0.8137489760239216
-14.336683417085428           0.8137489185395291
-14.22110552763819            0.8137491795935881
-14.105527638190955           0.8137488763101094
-13.989949748743719           0.8137480988384733
-13.874371859296481           0.8137487433561902
-13.758793969849247           0.813749454594925
-13.64321608040201            0.8137488308549989
-13.527638190954773           0.8137483116107401
-13.412060301507537           0.813748847792652
-13.296482412060302           0.8137488310877344
-13.180904522613066           0.8137489307356466
-13.065326633165828           0.8137484193994877
-12.949748743718594           0.8137488620678971
-12.834170854271356           0.8137483963815485
-12.71859296482412            0.8137490090847133
-12.603015075376884           0.8137482845013198
-12.487437185929648           0.8137488483899996
-12.371859296482413           0.8137486922183198
-12.256281407035175           0.8137488938074919
-12.14070351758794            0.8137486949591626
-12.025125628140703           0.8137486534589076
-11.909547738693467           0.8137485405066481
-11.793969849246231           0.8137484169487671
-11.678391959798995           0.8137486631589259
-11.56281407035176            0.8137486197773497
-11.447236180904522           0.8137489104821345
-11.331658291457286           0.8137486812103563
-11.21608040201005            0.8137486077871074
-11.100502512562814           0.813748949647446
-10.984924623115578           0.8137486660109198
-10.869346733668342           0.8137485355536773
-10.753768844221106           0.8137479828777963
-10.638190954773869           0.8137486352039337
-10.522613065326633           0.8137484686626113
-10.407035175879397           0.8137486376422567
-10.291457286432161           0.8137491436239533
-10.175879396984925           0.8137485115416523
-10.06030150753769            0.813748388482291
-9.944723618090451            0.8137484943654236
-9.829145728643216            0.8137482764660082
-9.71356783919598             0.8137488518469975
-9.597989949748744            0.8137484673761398
-9.482412060301508            0.8137484473498391
-9.366834170854272            0.8137485168853993
-9.251256281407034            0.8137484477342132
-9.135678391959798            0.8137484072037032
-9.020100502512562            0.8137485645926402
-8.904522613065327            0.8137481139814516
-8.78894472361809             0.8137480196639936
-8.673366834170855            0.8137492997171862
-8.557788944723619            0.8137483968350326
-8.442211055276381            0.8137492435622338
-8.326633165829145            0.8137480400880528
-8.21105527638191             0.8137482281095478
-8.095477386934673            0.8137483970003067
-7.9798994974874375           0.8137483447790018
-7.864321608040202            0.8137483051370624
-7.748743718592964            0.8137482512970823
-7.633165829145728            0.8137483381566697
-7.517587939698492            0.8137481225486468
-7.402010050251256            0.8137485272730522
-7.28643216080402             0.8137483132209554
-7.170854271356784            0.8137482531292344
-7.055276381909547            0.8137480085758105
-6.939698492462311            0.8137482331350625
-6.824120603015075            0.813748255612324
-6.708542713567839            0.8137481466461326
-6.592964824120603            0.8137482153885017
-6.477386934673367            0.8137481650276596
-6.361809045226131            0.8137482024439405
-6.246231155778894            0.8137481123460589
-6.130653266331658            0.8137481986391161
-6.015075376884422            0.8137482042285299
-5.899497487437186            0.8137482583981279
-5.78391959798995             0.8137481542428159
-5.668341708542714            0.8137481658711722
-5.5527638190954764           0.8137480349515194
-5.4371859296482405           0.8137479236048681
-5.321608040201005            0.8137480397126855
-5.206030150753769            0.8137480838509967
-5.090452261306533            0.8137481487718567
-4.974874371859297            0.8137481384859163
-4.859296482412061            0.8137482974963733
-4.743718592964823            0.8137481105324186
-4.628140703517587            0.8137481880112646
-4.5125628140703515           0.8137480480023775
-4.396984924623116            0.8137480675308358
-4.28140703517588             0.8137480860097129
-4.165829145728644            0.8137480632090859
-4.050251256281406            0.8137480028311542
-3.934673366834172            0.8137480782304285
-3.8190954773869343           0.8137480888733822
-3.7035175879396967           0.8137480383744505
-3.5879396984924625           0.8137480452965539
-3.472361809045225            0.813748033058092
-3.3567839195979907           0.8137480515112854
-3.241206030150753            0.8137480029087493
-3.125628140703519            0.8137479995253671
-3.0100502512562812           0.8137480038348037
-2.8944723618090435           0.8137480132996101
-2.7788944723618094           0.8137478962765161
-2.6633165829145717           0.8137479705913528
-2.5477386934673376           0.8137479827146296
-2.4321608040201              0.8137479773822313
-2.316582914572866            0.8137479775054004
-2.201005025125628            0.8137479872009674
-2.0854271356783904           0.8137479733678412
-1.9698492462311563           0.8137479275065903
-1.8542713567839186           0.81374785171509
-1.7386934673366845           0.8137478143382895
-1.6231155778894468           0.8137476370038103
-1.5075376884422127           0.813747378889007
-1.391959798994975            0.8137466204238324
-1.2763819095477373           0.8137449052125927
-1.1608040201005032           0.8137409509692324
-1.0452261306532655           0.8137318423050605
-0.9296482412060314           0.8137110532303717
-0.8140703517587937           0.8136638736755486
-0.698492462311556            0.8135571312881746
-0.5829145728643219           0.8133187923901359
-0.46733668341708423          0.8127925741298202
-0.3517587939698501           0.8116491786749435
-0.23618090452261245          0.8092151276951878
-0.12060301507537828          0.8041659195150517
-0.005025125628140596         0.7940205671368316
0.11055276381909708           0.7743936146935592
0.22613065326633117           0.7380224638360983
0.34170854271356893           0.6736703848935303
0.457286432160803             0.5650349801960034
0.5728643216080407            0.3897056848680313
0.6884422110552748            0.11804457377226377
0.8040201005025125            -0.28826694207250997
0.9195979899497502            -0.878291397743879
1.0351758793969843            -1.7147439030710918
1.150753768844222             -2.8779963424890873
1.266331658291456             -4.471604848770315
1.3819095477386938            -6.6299261615268215
1.4974874371859315            -9.528098612434057
1.6130653266331656            -13.394548905515732
1.7286432160804033            -18.526951003042893
1.8442211055276374            -25.313194499541368
1.959798994974875             -34.258960889202505
2.075376884422109             -46.023757483174144
2.190954773869347             -61.46791382748461
2.3065326633165846            -81.71388086659557
2.4221105527638187            -108.22620163265373
2.5376884422110564            -142.91585200080004
2.6532663316582905            -188.27638540414466
2.768844221105528             -249.3109543998156
