-20.0                         0.2915284012774746
-19.884422110552762           0.2915287516700334
-19.768844221105528           0.29152835705083063
-19.65326633165829            0.29152788127856794
-19.537688442211056           0.29152833124125727
-19.42211055276382            0.2915283936813759
-19.306532663316585           0.2915283475758807
-19.190954773869347           0.2915283333408184
-19.07537688442211            0.2915282850232136
-18.959798994974875           0.291528246400756
-18.844221105527637           0.2915284061000806
-18.728643216080403           0.29152822625325425
-18.613065326633166           0.29152811872118406
-18.49748743718593            0.2915281706900901
-18.381909547738694           0.2915285657903584
-18.266331658291456           0.29152808777586775
-18.150753768844222           0.2915281365732955
-18.035175879396984           0.2915277643908229
-17.91959798994975            0.2915280578653401
-17.804020100502512           0.29152806897961997
-17.688442211055275           0.2915281043152234
-17.57286432160804            0.2915280588324764
-17.457286432160803           0.2915278919018743
-17.34170854271357            0.29152799732049767
-17.22613065326633            0.29152806759372774
-17.110552763819094           0.29152787750118975
-16.99497487437186            0.2915279177294558
-16.87939698492462            0.291527999688899
-16.763819095477388           0.29152792015819795
-16.64824120603015            0.29152792509278175
-16.532663316582916           0.29152784174942725
-16.417085427135678           0.2915278864568241
-16.301507537688444           0.291527867024254
-16.185929648241206           0.2915278016401735
-16.07035175879397            0.291527831080574
-15.954773869346734           0.2915275852439101
-15.839195979899497           0.29152774224791866
-15.72361809045226            0.2915277338718818
-15.608040201005025           0.2915276193109439
-15.492462311557789           0.2915276616333767
-15.376884422110553           0.2915275694936318
-15.261306532663315           0.2915276909736148
-15.145728643216081           0.29152763123419173
-15.030150753768844           0.2915277359015741
-14.914572864321608           0.2915275335958471
-14.798994974874372           0.2915274409975517
-14.683417085427136           0.29152757830180004
-14.5678391959799             0.29152759784301585
-14.452261306532662           0.2915275710850463
-14.336683417085428           0.2915275122453689
-14.22110552763819            0.2915274283459838
-14.105527638190955           0.2915275183329776
-13.989949748743719           0.29152714745224306
-13.874371859296481           0.29152742614203525
-13.758793969849247           0.29152785179269
-13.64321608040201            0.2915274617101315
-13.527638190954773           0.2915274445932594
-13.412060301507537           0.2915274324671002
-13.296482412060302           0.291527572376505
-13.180904522613066           0.29152739544030154
-13.065326633165828           0.29152716494337283
-12.949748743718594           0.2915274119344564
-12.834170854271356           0.2915271438831337
-12.71859296482412            0.29152743571849526
-12.603015075376884           0.2915271297984245
-12.487437185929648           0.2915273325260415
-12.371859296482413           0.2915273246180099
-12.256281407035175           0.29152733062731007
-12.14070351758794            0.2915272556935827
-12.025125628140703           0.2915273931693012
-11.909547738693467           0.2915271852375053
-11.793969849246231           0.2915271827970153
-11.678391959798995           0.2915272173971547
-11.56281407035176            0.2915272017960261
-11.447236180904522           0.2915272538055132
-11.331658291457286           0.2915272040845447
-11.21608040201005            0.2915271763923823
-11.100502512562814           0.2915274189652512
-10.984924623115578           0.29152717140225815
-10.869346733668342           0.29152711381788854
-10.753768844221106           0.2915269135480202
-10.638190954773869           0.2915271166193655
-10.522613065326633           0.2915271029418732
-10.407035175879397           0.29152708897979246
-10.291457286432161           0.2915271267797812
-10.175879396984925           0.2915270656774805
-10.06030150753769            0.2915270111410739
-9.944723618090451            0.2915270371040669
-9.829145728643216            0.29152708967054536
-9.71356783919598             0.29152702218650584
-9.597989949748744            0.29152699930151377
-9.482412060301508            0.2915270039601206
-9.366834170854272            0.2915269802542765
-9.251256281407034            0.29152697506223274
-9.135678391959798            0.2915269716867517
-9.020100502512562            0.291526965385306
-8.904522613065327            0.29152695042981946
-8.78894472361809             0.2915268369855162
-8.673366834170855            0.2915272785018435
-8.557788944723619            0.29152689035763424
-8.442211055276381            0.29152724404426983
-8.326633165829145            0.2915268258559575
-8.21105527638191             0.29152694021137415
-8.095477386934673            0.2915268544152634
-7.9798994974874375           0.2915268600742127
-7.864321608040202            0.29152684803404444
-7.748743718592964            0.291526836273925
-7.633165829145728            0.2915268325694463
-7.517587939698492            0.2915268135120611
-7.402010050251256            0.2915268161966503
-7.28643216080402             0.29152682156033555
-7.170854271356784            0.29152680195839276
-7.055276381909547            0.29152671360568827
-6.939698492462311            0.29152677363242235
-6.824120603015075            0.2915267738790056
-6.708542713567839            0.2915268006185003
-6.592964824120603            0.2915267343675032
-6.477386934673367            0.2915266717421497
-6.361809045226131            0.2915267257418404
-6.246231155778894            0.2915266728589187
-6.130653266331658            0.29152671631915444
-6.015075376884422            0.2915267091120082
-5.899497487437186            0.2915267053364989
-5.78391959798995             0.2915266858093306
-5.668341708542714            0.2915266757538803
-5.5527638190954764           0.2915266424540519
-5.4371859296482405           0.2915265613809724
-5.321608040201005            0.2915266101655961
-5.206030150753769            0.2915265662053577
-5.090452261306533            0.2915265187319329
-4.974874371859297            0.29152651441992766
-4.859296482412061            0.2915264825166918
-4.743718592964823            0.291526298822851
-4.628140703517587            0.29152619027638643
-4.5125628140703515           0.2915259545987188
-4.396984924623116            0.2915256871182357
-4.28140703517588             0.29152532015467625
-4.165829145728644            0.2915247974997444
-4.050251256281406            0.2915240942270444
-3.934673366834172            0.2915230691239085
-3.8190954773869343           0.291521663213932
-3.7035175879396967           0.2915196900258252
-3.5879396984924625           0.291516945728134
-3.472361809045225            0.29151310826201127
-3.3567839195979907           0.2915077578587788
-3.241206030150753            0.2915002677645092
-3.125628140703519            0.29148980162958527
-3.0100502512562812           0.29147518980714066
-2.8944723618090435           0.2914547464562571
-2.7788944723618094           0.29142619926152236
-2.6633165829145717           0.29138636842581106
-2.5477386934673376           0.29133074599263004
-2.4321608040201              0.2912530565394074
-2.316582914572866            0.29114461989059454
-2.201005025125628            0.29099331721246074
-2.0854271356783904           0.29078227900681997
-1.9698492462311563           0.29048804562130054
-1.8542713567839186           0.29007805007951704
-1.7386934673366845           0.2895071064068783
-1.6231155778894468           0.2887125004231437
-1.5075376884422127           0.2876075753467323
-1.391959798994975            0.286072362653588
-1.2763819095477373           0.28394138265891644
-1.1608040201005032           0.2809866077842306
-1.0452261306532655           0.2768943006331546
-0.9296482412060314           0.27123364867102223
-0.8140703517587937           0.26341402990769996
-0.698492462311556            0.25262711867901183
-0.5829145728643219           0.23776906446134022
-0.46733668341708423          0.21733484412136508
-0.3517587939698501           0.18927729583859063
-0.23618090452261245          0.15081877308986835
-0.12060301507537828          0.09820198771028832
-0.005025125628140596         0.026363082569257935
0.11055276381909708           -0.07149292917166318
0.22613065326633117           -0.20443930400809054
0.34170854271356893           -0.38452743897485764
0.457286432160803             -0.6276805483788983
0.5728643216080407            -0.9548350726261134
0.6884422110552748            -1.3934037008041045
0.8040201005025125            -1.9791577732110346
0.9195979899497502            -2.758655890050463
1.0351758793969843            -3.792394109132013
1.150753768844222             -5.158949303926234
1.266331658291456             -6.96055137782057
1.3819095477386938            -9.330591267235619
1.4974874371859315            -12.443402449872014
1.6130653266331656            -16.52668842199569
1.7286432160804033            -21.877530326727232
1.8442211055276374            -28.883381048603162
1.959798994974875             -38.04961217795431
2.075376884422109             -50.03550957032958
2.190954773869347             -65.70124214793175
2.3065326633165846            -86.1691428884375
2.4221105527638187            -112.90366733854268
2.5376884422110564            -147.81572600058308
2.6532663316582905            -193.3988231681652
2.768844221105528             -254.65482374654928
