-20.0                         0.2959989094136762
-19.884422110552762           0.2959992353244946
-19.768844221105528           0.29599886613508913
-19.65326633165829            0.2959984171549915
-19.537688442211056           0.29599884019834455
-19.42211055276382            0.29599889873413426
-19.306532663316585           0.2959988490854595
-19.190954773869347           0.29599885678513727
-19.07537688442211            0.29599878809176317
-18.959798994974875           0.2959987550019502
-18.844221105527637           0.2959988808650497
-18.728643216080403           0.29599873051334596
-18.613065326633166           0.2959986284214398
-18.49748743718593            0.29599867841876604
-18.381909547738694           0.29599901968209824
-18.266331658291456           0.2959985992142277
-18.150753768844222           0.2959986435266252
-18.035175879396984           0.29599828912866294
-17.91959798994975            0.29599856643421246
-17.804020100502512           0.2959985712203958
-17.688442211055275           0.2959985997919976
-17.57286432160804            0.2959985655486005
-17.457286432160803           0.29599840613027717
-17.34170854271357            0.2959985014720184
-17.22613065326633            0.2959985615660673
-17.110552763819094           0.2959983931265406
-16.99497487437186            0.29599842539477556
-16.87939698492462            0.29599849799437833
-16.763819095477388           0.29599842055668
-16.64824120603015            0.29599842719895597
-16.532663316582916           0.29599835479639974
-16.417085427135678           0.29599839492650115
-16.301507537688444           0.29599837739458157
-16.185929648241206           0.29599830877493744
-16.07035175879397            0.29599833542310683
-15.954773869346734           0.29599811761127326
-15.839195979899497           0.29599825206377023
-15.72361809045226            0.29599824223208954
-15.608040201005025           0.2959981307860837
-15.492462311557789           0.2959981712460278
-15.376884422110553           0.29599809252172915
-15.261306532663315           0.29599819623657714
-15.145728643216081           0.2959981408669855
-15.030150753768844           0.2959982236047385
-14.914572864321608           0.295998047240336
-14.798994974874372           0.2959979736037503
-14.683417085427136           0.2959980861375566
-14.5678391959799             0.2959981048741942
-14.452261306532662           0.2959980789685451
-14.336683417085428           0.2959980221540181
-14.22110552763819            0.2959979433267458
-14.105527638190955           0.2959980276970972
-13.989949748743719           0.29599767922992043
-13.874371859296481           0.29599793936831603
-13.758793969849247           0.2959983353634196
-13.64321608040201            0.2959979700635796
-13.527638190954773           0.29599796388553484
-13.412060301507537           0.29599794053321066
-13.296482412060302           0.29599806928670497
-13.180904522613066           0.2959979031893132
-13.065326633165828           0.2959976910012775
-12.949748743718594           0.29599791593698904
-12.834170854271356           0.295997663462007
-12.71859296482412            0.2959979354326648
-12.603015075376884           0.295997656804937
-12.487437185929648           0.29599783765506044
-12.371859296482413           0.2959978298551177
-12.256281407035175           0.2959978349608841
-12.14070351758794            0.2959977642515509
-12.025125628140703           0.2959978925872995
-11.909547738693467           0.2959976974253431
-11.793969849246231           0.2959976998463811
-11.678391959798995           0.2959977257745835
-11.56281407035176            0.2959977108377874
-11.447236180904522           0.2959977548646397
-11.331658291457286           0.29599770951405174
-11.21608040201005            0.29599768390916076
-11.100502512562814           0.2959979108191126
-10.984924623115578           0.2959976762076956
-10.869346733668342           0.29599762291272635
-10.753768844221106           0.2959974378269598
-10.638190954773869           0.29599762314085315
-10.522613065326633           0.29599761209260006
-10.407035175879397           0.29599759548010607
-10.291457286432161           0.2959976210674173
-10.175879396984925           0.29599757283222816
-10.06030150753769            0.2959975220245693
-9.944723618090451            0.29599754482223745
-9.829145728643216            0.2959975971032261
-9.71356783919598             0.2959975236865303
-9.597989949748744            0.29599750729915286
-9.482412060301508            0.2959975112379178
-9.366834170854272            0.2959974870425269
-9.251256281407034            0.2959974820504212
-9.135678391959798            0.2959974782229437
-9.020100502512562            0.29599746917409214
-8.904522613065327            0.2959974628761976
-8.78894472361809             0.295997354775893
-8.673366834170855            0.2959977611795311
-8.557788944723619            0.29599739734236663
-8.442211055276381            0.2959977276643814
-8.326633165829145            0.2959973418255754
-8.21105527638191             0.2959974455592444
-8.095477386934673            0.29599736305938174
-7.9798994974874375           0.2959973671010464
-7.864321608040202            0.2959973556046323
-7.748743718592964            0.2959973448080538
-7.633165829145728            0.295997338912483
-7.517587939698492            0.2959973238944637
-7.402010050251256            0.2959973190229205
-7.28643216080402             0.29599732653502203
-7.170854271356784            0.2959973080437689
-7.055276381909547            0.2959972279584396
-6.939698492462311            0.2959972795501048
-6.824120603015075            0.29599727787675373
-6.708542713567839            0.29599730579841477
-6.592964824120603            0.29599723785877785
-6.477386934673367            0.29599717682284593
-6.361809045226131            0.2959972255158333
-6.246231155778894            0.29599717125437636
-6.130653266331658            0.2959972076821757
-6.015075376884422            0.29599719491419724
-5.899497487437186            0.29599718210977033
-5.78391959798995             0.295997154711464
-5.668341708542714            0.29599713127770017
-5.5527638190954764           0.2959970826556031
-5.4371859296482405           0.29599698109385003
-5.321608040201005            0.29599699160505866
-5.206030150753769            0.29599690336931517
-5.090452261306533            0.2959967958604144
-4.974874371859297            0.29599670617657103
-4.859296482412061            0.29599656150758863
-4.743718592964823            0.2959962376263089
-4.628140703517587            0.295995929246202
-4.5125628140703515           0.29599543067298806
-4.396984924623116            0.2959948043911291
-4.28140703517588             0.2959939554992562
-4.165829145728644            0.29599278673985896
-4.050251256281406            0.29599121551503715
-3.934673366834172            0.29598902653875764
-3.8190954773869343           0.2959860610944597
-3.7035175879396967           0.2959820018542974
-3.5879396984924625           0.2959764660854045
-3.472361809045225            0.2959688994796224
-3.3567839195979907           0.29595857166843836
-3.241206030150753            0.29594444890116317
-3.125628140703519            0.29592515250556534
-3.0100502512562812           0.2958988027887977
-2.8944723618090435           0.295862781954357
-2.7788944723618094           0.2958135954434846
-2.6633165829145717           0.2957464631997212
-2.5477386934673376           0.2956548042005887
-2.4321608040201              0.29552965301378903
-2.316582914572866            0.2953588543324102
-2.201005025125628            0.2951258266767341
-2.0854271356783904           0.2948079992103537
-1.9698492462311563           0.29437467147084156
-1.8542713567839186           0.29378414187236424
-1.7386934673366845           0.2929797883179847
-1.6231155778894468           0.29188471661877985
-1.5075376884422127           0.2903948393381531
-1.391959798994975            0.288369028789098
-1.2763819095477373           0.28561643035762546
-1.1608040201005032           0.2818790386050522
-1.0452261306532655           0.27680829801225554
-0.9296482412060314           0.26993373061125875
-0.8140703517587937           0.2606205418119065
-0.698492462311556            0.24801250184598114
-0.5829145728643219           0.2309554133243513
-0.46733668341708423          0.20789337076851658
-0.3517587939698501           0.17673025417902452
-0.23618090452261245          0.13464435705792832
-0.12060301507537828          0.07784249823983451
-0.005025125628140596         0.0012363309748376827
0.11055276381909708           -0.10197946757167133
0.22613065326633117           -0.2408725795914911
0.34170854271356893           -0.42747260757204725
0.457286432160803             -0.6776661191784347
0.5728643216080407            -1.0123409746527732
0.6884422110552748            -1.4588533386807736
0.8040201005025125            -2.0529144450599364
0.9195979899497502            -2.841023409397425
1.0351758793969843            -3.883621377658355
1.150753768844222             -5.259238684381925
1.266331658291456             -7.070069118001457
1.3819095477386938            -9.44947513106093
1.4974874371859315            -12.57176393451995
1.6130653266331656            -16.664613731627632
1.7286432160804033            -22.025084005488612
1.8442211055276374            -29.04061107808435
1.959798994974875             -38.21655438995259
2.075376884422109             -50.21219087818169
2.190954773869347             -65.88768286058296
2.3065326633165846            -86.36535838634686
2.4221105527638187            -113.1096693020583
2.5376884422110564            -148.03152331900682
2.6532663316582905            -193.62442261758554
2.768844221105528             -254.89017550534325
