-20.0                         0.3557751094505358
-19.884422110552762           0.35577563538382523
-19.768844221105528           0.35577505491379485
-19.65326633165829            0.3557743898600116
-19.537688442211056           0.35577502267338584
-19.42211055276382            0.3557750873782619
-19.306532663316585           0.35577511416256136
-19.190954773869347           0.35577481022698415
-19.07537688442211            0.3557750357389986
-18.959798994974875           0.3557749349226006
-18.844221105527637           0.3557754269743663
-18.728643216080403           0.35577495598947184
-18.613065326633166           0.35577482742700267
-18.49748743718593            0.35577487513255035
-18.381909547738694           0.3557757378249575
-18.266331658291456           0.355774760803069
-18.150753768844222           0.355774833885339
-18.035175879396984           0.3557744066649278
-17.91959798994975            0.3557747580986201
-17.804020100502512           0.35577484087335576
-17.688442211055275           0.3557749181252138
-17.57286432160804            0.3557747329776233
-17.457286432160803           0.3557745487334777
-17.34170854271357            0.35577473357438244
-17.22613065326633            0.35577487331704244
-17.110552763819094           0.355774517843983
-16.99497487437186            0.35577463642859825
-16.87939698492462            0.35577474848027896
-16.763819095477388           0.3557747012356094
-16.64824120603015            0.35577465964038196
-16.532663316582916           0.3557744839135247
-16.417085427135678           0.35577456878749386
-16.301507537688444           0.3557744879032845
-16.185929648241206           0.3557745104316166
-16.07035175879397            0.3557745660877513
-15.954773869346734           0.355774077958204
-15.839195979899497           0.3557744263537473
-15.72361809045226            0.35577443058795266
-15.608040201005025           0.3557743588294348
-15.492462311557789           0.35577435327264784
-15.376884422110553           0.3557741581662134
-15.261306532663315           0.35577441635684015
-15.145728643216081           0.35577432332641773
-15.030150753768844           0.3557746431531564
-14.914572864321608           0.3557741933572889
-14.798994974874372           0.3557739281033774
-14.683417085427136           0.35577428656767746
-14.5678391959799             0.3557742944417033
-14.452261306532662           0.3557742624650382
-14.336683417085428           0.3557741988197602
-14.22110552763819            0.35577411933194375
-14.105527638190955           0.3557741970482537
-13.989949748743719           0.355773673865379
-13.874371859296481           0.3557740849695805
-13.758793969849247           0.3557746885112718
-13.64321608040201            0.35577414948376834
-13.527638190954773           0.3557740037122905
-13.412060301507537           0.3557741262625092
-13.296482412060302           0.35577431004505616
-13.180904522613066           0.35577410399324133
-13.065326633165828           0.3557737478530885
-12.949748743718594           0.3557741350558584
-12.834170854271356           0.3557737663192965
-12.71859296482412            0.35577419391596676
-12.603015075376884           0.3557736939971599
-12.487437185929648           0.35577405893280645
-12.371859296482413           0.3557740366767475
-12.256281407035175           0.355774062768045
-12.14070351758794            0.3557739524858783
-12.025125628140703           0.3557741163621855
-11.909547738693467           0.35577385423505603
-11.793969849246231           0.3557737961840655
-11.678391959798995           0.3557739136227526
-11.56281407035176            0.35577389232156187
-11.447236180904522           0.35577401380734786
-11.331658291457286           0.35577392241036976
-11.21608040201005            0.3557738767913597
-11.100502512562814           0.35577420598550996
-10.984924623115578           0.3557738954724933
-10.869346733668342           0.3557738055372128
-10.753768844221106           0.3557734889132902
-10.638190954773869           0.3557738306040176
-10.522613065326633           0.35577378493743805
-10.407035175879397           0.35577380967729144
-10.291457286432161           0.3557739694503195
-10.175879396984925           0.35577377118988207
-10.06030150753769            0.3557736888677637
-9.944723618090451            0.35577373908367343
-9.829145728643216            0.3557737568289406
-9.71356783919598             0.3557738086283937
-9.597989949748744            0.3557737005278703
-9.482412060301508            0.35577370540820824
-9.366834170854272            0.3557736980162422
-9.251256281407034            0.35577368348225075
-9.135678391959798            0.3557736797248995
-9.020100502512562            0.3557737127046364
-8.904522613065327            0.35577358710254675
-8.78894472361809             0.3557734561225743
-8.673366834170855            0.35577416944978246
-8.557788944723619            0.3557736033705612
-8.442211055276381            0.35577412778696416
-8.326633165829145            0.35577345707081226
-8.21105527638191             0.3557736325044187
-8.095477386934673            0.355773557506939
-7.9798994974874375           0.35577356891694045
-7.864321608040202            0.3557735499981487
-7.748743718592964            0.3557735284983523
-7.633165829145728            0.3557735465338369
-7.517587939698492            0.35577347706303714
-7.402010050251256            0.3557735766893258
-7.28643216080402             0.3557735392349366
-7.170854271356784            0.35577350706400296
-7.055276381909547            0.3557733539322623
-6.939698492462311            0.3557734763482173
-6.824120603015075            0.3557734874906763
-6.708542713567839            0.3557734837945659
-6.592964824120603            0.35577344010061634
-6.477386934673367            0.35577336340689475
-6.361809045226131            0.3557734302532636
-6.246231155778894            0.35577336881394367
-6.130653266331658            0.3557734347123533
-6.015075376884422            0.35577343268970046
-5.899497487437186            0.35577345046429165
-5.78391959798995             0.35577341049287825
-5.668341708542714            0.35577340778518324
-5.5527638190954764           0.35577335400988275
-5.4371859296482405           0.355773265240121
-5.321608040201005            0.35577336255476544
-5.206030150753769            0.3557733498451074
-5.090452261306533            0.35577334641193564
-4.974874371859297            0.3557734124948031
-4.859296482412061            0.35577348132329173
-4.743718592964823            0.3557733476151722
-4.628140703517587            0.3557733875867657
-4.5125628140703515           0.3557733100296318
-4.396984924623116            0.35577331358923625
-4.28140703517588             0.3557733180835866
-4.165829145728644            0.35577330300719284
-4.050251256281406            0.35577330650483824
-3.934673366834172            0.35577329573306854
-3.8190954773869343           0.35577329110735767
-3.7035175879396967           0.3557732598460508
-3.5879396984924625           0.35577324470938043
-3.472361809045225            0.3557732168171647
-3.3567839195979907           0.35577319364852905
-3.241206030150753            0.35577312376432424
-3.125628140703519            0.3557730337238149
-3.0100502512562812           0.35577289798007683
-2.8944723618090435           0.3557726423631036
-2.7788944723618094           0.3557722186919917
-2.6633165829145717           0.3557716160250496
-2.5477386934673376           0.3557706021904848
-2.4321608040201              0.3557688804992209
-2.316582914572866            0.355766036256616
-2.201005025125628            0.3557613384085425
-2.0854271356783904           0.355753565950731
-1.9698492462311563           0.355740710038513
-1.8542713567839186           0.3557194935205163
-1.7386934673366845           0.3556845553768987
-1.6231155778894468           0.35562693107535903
-1.5075376884422127           0.3555322015524116
-1.391959798994975            0.355376521811794
-1.2763819095477373           0.3551212577543087
-1.1608040201005032           0.35470375176873903
-1.0452261306532655           0.3540228465614339
-0.9296482412060314           0.3529163900585749
-0.8140703517587937           0.35112622996533416
-0.698492462311556            0.3482450113230779
-0.5829145728643219           0.34363749241168795
-0.46733668341708423          0.33632482782792056
-0.3517587939698501           0.3248218555271224
-0.23618090452261245          0.30691323288338473
-0.12060301507537828          0.27935636652468626
-0.005025125628140596         0.2374996550695364
0.11055276381909708           0.17480595573810195
0.22613065326633117           0.0822684190257148
0.34170854271356893           -0.05230123923638807
0.457286432160803             -0.24514904308292312
0.5728643216080407            -0.5176779826573851
0.6884422110552748            -0.8978550561650348
0.8040201005025125            -1.422036950297658
0.9195979899497502            -2.1373502380294225
1.0351758793969843            -3.104803295967454
1.150753768844222             -4.4033984791623455
1.266331658291456             -6.135689581362844
1.3819095477386938            -8.43531538467708
1.4974874371859315            -11.476829559008749
1.6130653266331656            -15.488142397479427
1.7286432160804033            -20.76650936918807
1.8442211055276374            -27.699514896421096
1.959798994974875             -36.79262593253687
2.075376884422109             -48.70519766920249
2.190954773869347             -64.29744999559654
2.3065326633165846            -84.69175370696259
2.4221105527638187            -111.35259261758586
2.5376884422110564            -146.19089848057772
2.6532663316582905            -191.70019163764286
2.768844221105528             -252.88276344504175
