-20.0                         1.4587555979825224
-19.884422110552762           1.45875688826653
-19.768844221105528           1.4587554393463402
-19.65326633165829            1.4587544254888363
-19.537688442211056           1.4587557018747712
-19.42211055276382            1.4587552679909432
-19.306532663316585           1.4587554918776093
-19.190954773869347           1.4587538049818896
-19.07537688442211            1.4587558205694446
-18.959798994974875           1.45875543494045
-18.844221105527637           1.4587566282421274
-18.728643216080403           1.458755053984826
-18.613065326633166           1.458755738645728
-18.49748743718593            1.4587552500025778
-18.381909547738694           1.45875795436815
-18.266331658291456           1.458755187309213
-18.150753768844222           1.458755250575617
-18.035175879396984           1.4587558856556027
-17.91959798994975            1.4587551585421363
-17.804020100502512           1.4587558000475151
-17.688442211055275           1.4587551320256593
-17.57286432160804            1.4587549241995745
-17.457286432160803           1.4587549732818976
-17.34170854271357            1.4587549621397229
-17.22613065326633            1.458754861454605
-17.110552763819094           1.458754952574715
-16.99497487437186            1.4587554524141342
-16.87939698492462            1.458754515261875
-16.763819095477388           1.4587557786848402
-16.64824120603015            1.4587547706924362
-16.532663316582916           1.4587552996982471
-16.417085427135678           1.4587549321034041
-16.301507537688444           1.4587542400140023
-16.185929648241206           1.4587549580526993
-16.07035175879397            1.4587552890433524
-15.954773869346734           1.458753671695303
-15.839195979899497           1.458754884792446
-15.72361809045226            1.4587551135264043
-15.608040201005025           1.458756110771108
-15.492462311557789           1.4587549077919921
-15.376884422110553           1.4587551576926219
-15.261306532663315           1.4587549644630418
-15.145728643216081           1.458754938499976
-15.030150753768844           1.4587557465304037
-14.914572864321608           1.4587546133024971
-14.798994974874372           1.458753840403281
-14.683417085427136           1.4587549417767962
-14.5678391959799             1.458754903861887
-14.452261306532662           1.4587548669743036
-14.336683417085428           1.458754700341672
-14.22110552763819            1.4587555577903188
-14.105527638190955           1.4587546602168866
-13.989949748743719           1.4587536385523485
-13.874371859296481           1.4587544641585726
-13.758793969849247           1.4587550735904158
-13.64321608040201            1.4587545852003687
-13.527638190954773           1.4587537284883196
-13.412060301507537           1.4587546607177702
-13.296482412060302           1.458754193083865
-13.180904522613066           1.4587548639350623
-13.065326633165828           1.4587543610806104
-12.949748743718594           1.4587545789035343
-12.834170854271356           1.458754127283787
-12.71859296482412            1.4587548154790462
-12.603015075376884           1.4587541220369675
-12.487437185929648           1.4587546343366804
-12.371859296482413           1.4587543251890422
-12.256281407035175           1.4587547236881815
-12.14070351758794            1.458754506316092
-12.025125628140703           1.4587540777797419
-11.909547738693467           1.4587542909849536
-11.793969849246231           1.4587543478637717
-11.678391959798995           1.4587545051027042
-11.56281407035176            1.458754409734273
-11.447236180904522           1.4587548725719492
-11.331658291457286           1.4587544644074015
-11.21608040201005            1.4587543924375388
-11.100502512562814           1.4587546146457409
-10.984924623115578           1.4587544555339143
-10.869346733668342           1.4587543318601717
-10.753768844221106           1.4587535616455054
-10.638190954773869           1.4587545312300074
-10.522613065326633           1.4587542155974582
-10.407035175879397           1.4587544566381998
-10.291457286432161           1.4587553739860188
-10.175879396984925           1.4587542868304386
-10.06030150753769            1.4587541476578172
-9.944723618090451            1.4587543458048318
-9.829145728643216            1.4587538041685872
-9.71356783919598             1.4587548725219595
-9.597989949748744            1.458754320638318
-9.482412060301508            1.4587542672751586
-9.366834170854272            1.458754389498652
-9.251256281407034            1.4587542736213084
-9.135678391959798            1.4587541822600458
-9.020100502512562            1.4587543325151593
-8.904522613065327            1.458753711590128
-8.78894472361809             1.4587536472212363
-8.673366834170855            1.4587554490518433
-8.557788944723619            1.4587542583179645
-8.442211055276381            1.4587553797524875
-8.326633165829145            1.4587536818803895
-8.21105527638191             1.4587538193506333
-8.095477386934673            1.4587543554899969
-7.9798994974874375           1.4587541594509337
-7.864321608040202            1.4587541245143927
-7.748743718592964            1.4587540271583874
-7.633165829145728            1.4587541934651735
-7.517587939698492            1.4587539096383355
-7.402010050251256            1.4587544805026784
-7.28643216080402             1.458754125079762
-7.170854271356784            1.4587540538159993
-7.055276381909547            1.4587537890262738
-6.939698492462311            1.45875406198547
-6.824120603015075            1.4587540677434006
-6.708542713567839            1.4587538467422803
-6.592964824120603            1.4587540646347084
-6.477386934673367            1.4587540991900017
-6.361809045226131            1.4587540622020516
-6.246231155778894            1.4587539229420359
-6.130653266331658            1.4587539927644344
-6.015075376884422            1.45875397627483
-5.899497487437186            1.4587540316093974
-5.78391959798995             1.4587539391365534
-5.668341708542714            1.4587539769276534
-5.5527638190954764           1.4587538209917417
-5.4371859296482405           1.4587536443205316
-5.321608040201005            1.4587537888154862
-5.206030150753769            1.4587539230827988
-5.090452261306533            1.4587540459171018
-4.974874371859297            1.4587538511413012
-4.859296482412061            1.4587541046893673
-4.743718592964823            1.4587539040128223
-4.628140703517587            1.4587540380214223
-4.5125628140703515           1.458753881250146
-4.396984924623116            1.4587538674198888
-4.28140703517588             1.4587538921728618
-4.165829145728644            1.4587538793066108
-4.050251256281406            1.4587537295431243
-3.934673366834172            1.458753901478802
-3.8190954773869343           1.458753926951721
-3.7035175879396967           1.458753853562275
-3.5879396984924625           1.4587538811814438
-3.472361809045225            1.4587538654931298
-3.3567839195979907           1.458753875265669
-3.241206030150753            1.458753846952995
-3.125628140703519            1.458753810078031
-3.0100502512562812           1.4587538101484612
-2.8944723618090435           1.4587538918514145
-2.7788944723618094           1.4587536799250935
-2.6633165829145717           1.4587538258721098
-2.5477386934673376           1.4587538015167585
-2.4321608040201              1.4587537921309126
-2.316582914572866            1.4587538014612602
-2.201005025125628            1.4587538113597853
-2.0854271356783904           1.4587537975319562
-1.9698492462311563           1.4587537579803964
-1.8542713567839186           1.45875369317532
-1.7386934673366845           1.4587537232034171
-1.6231155778894468           1.4587536677573374
-1.5075376884422127           1.4587537562400803
-1.391959798994975            1.4587537111402202
-1.2763819095477373           1.4587537274406184
-1.1608040201005032           1.4587537086474363
-1.0452261306532655           1.458753592838075
-0.9296482412060314           1.4587532338874647
-0.8140703517587937           1.4587523263847613
-0.698492462311556            1.4587489641547722
-0.5829145728643219           1.4587391321747663
-0.46733668341708423          1.4587095108542523
-0.3517587939698501           1.4586218446331711
-0.23618090452261245          1.4583681840921383
-0.12060301507537828          1.4576556828123672
-0.005025125628140596         1.4557313860209478
0.11055276381909708           1.450788521523608
0.22613065326633117           1.4388565044372554
0.34170854271356893           1.4120816888155012
0.457286432160803             1.3566394100318506
0.5728643216080407            1.2508547637437908
0.6884422110552748            1.0639620816836601
0.8040201005025125            0.7552572958960986
0.9195979899497502            0.2728777587210113
1.0351758793969843            -0.44847668275991076
1.150753768844222             -1.491240714815892
1.266331658291456             -2.9604386096279303
1.3819095477386938            -4.9914171159507985
1.4974874371859315            -7.760051420672942
1.6130653266331656            -11.495376048447062
1.7286432160804033            -16.495535875718016
1.8442211055276374            -23.148750294588908
1.959798994974875             -31.960924094664623
2.075376884422109             -43.59171806362457
2.190954773869347             -58.90156972462331
2.3065326633165846            -79.0130074712758
2.4221105527638187            -105.39063073123661
2.5376884422110564            -139.94545692862437
2.6532663316582905            -185.17107038874008
2.768844221105528             -246.07140666112215
