-20.0                         1.5087523955312916
-19.884422110552762           1.5087537228121934
-19.768844221105528           1.5087522347774505
-19.65326633165829            1.5087512249235353
-19.537688442211056           1.5087525301806068
-19.42211055276382            1.5087520645719952
-19.306532663316585           1.5087522718522448
-19.190954773869347           1.5087505690012377
-19.07537688442211            1.508752636425762
-18.959798994974875           1.5087522461212481
-18.844221105527637           1.5087534187963312
-18.728643216080403           1.508751835166986
-18.613065326633166           1.5087525696559574
-18.49748743718593            1.5087520465747084
-18.381909547738694           1.5087547968430692
-18.266331658291456           1.508751995075277
-18.150753768844222           1.5087520566820378
-18.035175879396984           1.5087527548371393
-17.91959798994975            1.5087519560666187
-17.804020100502512           1.5087526184282687
-17.688442211055275           1.5087519009388346
-17.57286432160804            1.5087517411111713
-17.457286432160803           1.5087517816823695
-17.34170854271357            1.5087517473135856
-17.22613065326633            1.508751626825541
-17.110552763819094           1.5087517649234954
-16.99497487437186            1.5087522632576935
-16.87939698492462            1.5087512840109853
-16.763819095477388           1.5087526081759683
-16.64824120603015            1.5087515608327153
-16.532663316582916           1.5087521472043128
-16.417085427135678           1.50875173614444
-16.301507537688444           1.508751036149001
-16.185929648241206           1.5087517662416945
-16.07035175879397            1.5087521010221316
-15.954773869346734           1.5087504506360911
-15.839195979899497           1.508751693083127
-15.72361809045226            1.5087519392095667
-15.608040201005025           1.5087529711182683
-15.492462311557789           1.5087517202977243
-15.376884422110553           1.508752012896095
-15.261306532663315           1.5087517730757836
-15.145728643216081           1.5087517531539154
-15.030150753768844           1.5087525497540768
-14.914572864321608           1.5087514212497135
-14.798994974874372           1.5087506430783344
-14.683417085427136           1.5087517581024716
-14.5678391959799             1.5087517268432407
-14.452261306532662           1.5087516909359178
-14.336683417085428           1.5087515111501608
-14.22110552763819            1.5087524122297018
-14.105527638190955           1.5087514732390306
-13.989949748743719           1.5087504330798247
-13.874371859296481           1.5087512701704828
-13.758793969849247           1.5087518683870567
-13.64321608040201            1.5087513954709706
-13.527638190954773           1.50875051691402
-13.412060301507537           1.508751474943616
-13.296482412060302           1.5087509710732891
-13.180904522613066           1.508751684390607
-13.065326633165828           1.5087511891717555
-12.949748743718594           1.5087513832744086
-12.834170854271356           1.5087509349646553
-12.71859296482412            1.5087516257887699
-12.603015075376884           1.508750942230462
-12.487437185929648           1.508751442905002
-12.371859296482413           1.5087511273157044
-12.256281407035175           1.5087515328799144
-12.14070351758794            1.5087513193438455
-12.025125628140703           1.508750861005084
-11.909547738693467           1.5087510991244746
-11.793969849246231           1.5087511785759022
-11.678391959798995           1.5087513203315714
-11.56281407035176            1.5087512207586644
-11.447236180904522           1.5087516957505265
-11.331658291457286           1.5087512739722657
-11.21608040201005            1.5087512036455653
-11.100502512562814           1.508751414030518
-10.984924623115578           1.5087512653712083
-10.869346733668342           1.5087511434811107
-10.753768844221106           1.508750358210119
-10.638190954773869           1.5087513491704476
-10.522613065326633           1.5087510239215316
-10.407035175879397           1.5087512640990752
-10.291457286432161           1.5087522131498585
-10.175879396984925           1.5087510966563271
-10.06030150753769            1.5087509562989954
-9.944723618090451            1.5087511632386303
-9.829145728643216            1.5087505971665125
-9.71356783919598             1.5087516928626994
-9.597989949748744            1.5087511361688482
-9.482412060301508            1.5087510810786882
-9.366834170854272            1.5087512050250231
-9.251256281407034            1.5087510874279355
-9.135678391959798            1.508750993830607
-9.020100502512562            1.508751135313914
-8.904522613065327            1.5087505105789496
-8.78894472361809             1.5087504467405153
-8.673366834170855            1.5087522843715644
-8.557788944723619            1.5087510744157022
-8.442211055276381            1.5087522141718765
-8.326633165829145            1.5087504822835176
-8.21105527638191             1.5087506160845474
-8.095477386934673            1.5087511772153122
-7.9798994974874375           1.5087509701728177
-7.864321608040202            1.5087509373187076
-7.748743718592964            1.5087508368258777
-7.633165829145728            1.5087510084478593
-7.517587939698492            1.5087507246939509
-7.402010050251256            1.5087512982535667
-7.28643216080402             1.508750936787764
-7.170854271356784            1.508750865394877
-7.055276381909547            1.5087506014256276
-6.939698492462311            1.508750875783603
-6.824120603015075            1.5087508796273161
-6.708542713567839            1.508750650807636
-6.592964824120603            1.5087508800814506
-6.477386934673367            1.5087509223342257
-6.361809045226131            1.5087508787112645
-6.246231155778894            1.5087507354024214
-6.130653266331658            1.508750802979435
-6.015075376884422            1.508750783484163
-5.899497487437186            1.5087508375317245
-5.78391959798995             1.5087507494958623
-5.668341708542714            1.5087507890471992
-5.5527638190954764           1.5087506342994839
-5.4371859296482405           1.508750450331567
-5.321608040201005            1.5087505987877103
-5.206030150753769            1.5087507397484148
-5.090452261306533            1.5087508639684724
-4.974874371859297            1.5087506552412038
-4.859296482412061            1.5087509150491372
-4.743718592964823            1.5087507144549954
-4.628140703517587            1.5087508528454752
-4.5125628140703515           1.5087506970739428
-4.396984924623116            1.5087506791420735
-4.28140703517588             1.508750703720006
-4.165829145728644            1.508750692292267
-4.050251256281406            1.5087505358562303
-3.934673366834172            1.508750714116791
-3.8190954773869343           1.508750740746636
-3.7035175879396967           1.5087506658630931
-3.5879396984924625           1.508750695044476
-3.472361809045225            1.508750679256638
-3.3567839195979907           1.508750687090937
-3.241206030150753            1.5087506629624465
-3.125628140703519            1.5087506222827844
-3.0100502512562812           1.5087506219446603
-2.8944723618090435           1.508750709597407
-2.7788944723618094           1.5087504903083677
-2.6633165829145717           1.508750641961062
-2.5477386934673376           1.5087506141648785
-2.4321608040201              1.508750604207954
-2.316582914572866            1.50875061437675
-2.201005025125628            1.508750623361645
-2.0854271356783904           1.5087506095373409
-1.9698492462311563           1.5087505702793722
-1.8542713567839186           1.5087505048251753
-1.7386934673366845           1.5087505358039102
-1.6231155778894468           1.5087504785276844
-1.5075376884422127           1.5087505691689855
-1.391959798994975            1.5087505231913991
-1.2763819095477373           1.508750544141201
-1.1608040201005032           1.5087505356174067
-1.0452261306532655           1.5087504496851394
-0.9296482412060314           1.508750174801043
-0.8140703517587937           1.5087495225141323
-0.698492462311556            1.508746877898857
-0.5829145728643219           1.5087390761648212
-0.46733668341708423          1.508715063345074
-0.3517587939698501           1.5086424729225008
-0.23618090452261245          1.5084279416022108
-0.12060301507537828          1.5078124994002182
-0.005025125628140596         1.506115344073294
0.11055276381909708           1.5016662810787698
0.22613065326633117           1.4907153118940557
0.34170854271356893           1.4656965078436952
0.457286432160803             1.413064072742042
0.5728643216080407            1.3113070418704003
0.6884422110552748            1.1296488304239671
0.8040201005025125            0.8272280653015802
0.9195979899497502            0.3519585162027244
1.0351758793969843            -0.36167871258773243
1.150753768844222             -1.396295121315931
1.266331658291456             -2.8570400934782314
1.3819095477386938            -4.879342839729425
1.4974874371859315            -7.639137590112167
1.6130653266331656            -11.365506071671101
1.7286432160804033            -16.356628977428084
1.8442211055276374            -23.00075030499972
1.959798994974875             -31.803791199876642
2.075376884422109             -43.42542351965851
2.190954773869347             -58.72609248199479
2.3065326633165846            -78.82833194792306
2.4221105527638187            -105.19674529733722
2.5376884422110564            -139.74235284973437
2.6532663316582905            -184.95874107377796
2.768844221105528             -245.84989912343372
