-20.0                         1.0573648089563377
-19.884422110552762           1.0573658217593809
-19.768844221105528           1.0573646797548018
-19.65326633165829            1.0573636718301826
-19.537688442211056           1.0573647321203583
-19.42211055276382            1.0573645285749371
-19.306532663316585           1.0573648246905591
-19.190954773869347           1.057363373565989
-19.07537688442211            1.0573649025394736
-18.959798994974875           1.05736457118888
-18.844221105527637           1.0573658179546663
-18.728643216080403           1.0573644274226532
-18.613065326633166           1.057364720598084
-18.49748743718593            1.0573644890747382
-18.381909547738694           1.0573667432568077
-18.266331658291456           1.057364354150152
-18.150753768844222           1.0573644283748698
-18.035175879396984           1.0573645850820503
-17.91959798994975            1.057364386593505
-17.804020100502512           1.0573648435611103
-17.688442211055275           1.0573645560955531
-17.57286432160804            1.0573640903774444
-17.457286432160803           1.057364133865143
-17.34170854271357            1.0573642933437837
-17.22613065326633            1.057364338940691
-17.110552763819094           1.0573640894351517
-16.99497487437186            1.057364536717656
-16.87939698492462            1.0573640003814906
-16.763819095477388           1.0573647496328002
-16.64824120603015            1.0573640979123133
-16.532663316582916           1.0573641939929521
-16.417085427135678           1.0573641255985844
-16.301507537688444           1.0573635635597012
-16.185929648241206           1.057364134832747
-16.07035175879397            1.057364393063519
-15.954773869346734           1.0573630822352562
-15.839195979899497           1.057364045012181
-15.72361809045226            1.0573641556934374
-15.608040201005025           1.0573648107854798
-15.492462311557789           1.0573640326709304
-15.376884422110553           1.057363980397456
-15.261306532663315           1.0573641199315875
-15.145728643216081           1.0573640403254845
-15.030150753768844           1.057364867914131
-14.914572864321608           1.057363777121543
-14.798994974874372           1.0573630828100966
-14.683417085427136           1.057364036082713
-14.5678391959799             1.0573639649178712
-14.452261306532662           1.0573639248494986
-14.336683417085428           1.0573638421741276
-14.22110552763819            1.057364330188519
-14.105527638190955           1.0573637939104106
-13.989949748743719           1.0573629214829467
-13.874371859296481           1.0573636433972855
-13.758793969849247           1.0573643291594081
-13.64321608040201            1.05736373936667
-13.527638190954773           1.0573630779395113
-13.412060301507537           1.0573637794940292
-13.296482412060302           1.0573635997883135
-13.180904522613066           1.057363915426682
-13.065326633165828           1.05736338654162
-12.949748743718594           1.057363766085995
-12.834170854271356           1.0573632971331766
-12.71859296482412            1.0573639499127248
-12.603015075376884           1.057363211702375
-12.487437185929648           1.0573637821714823
-12.371859296482413           1.057363555377197
-12.256281407035175           1.0573638507850525
-12.14070351758794            1.0573636296194493
-12.025125628140703           1.057363443745336
-11.909547738693467           1.0573634523615056
-11.793969849246231           1.057363369104412
-11.678391959798995           1.0573636085381952
-11.56281407035176            1.057363547460427
-11.447236180904522           1.0573639071618564
-11.331658291457286           1.0573636095276007
-11.21608040201005            1.0573635326261905
-11.100502512562814           1.0573638375558756
-10.984924623115578           1.0573635974663544
-10.869346733668342           1.0573634649667416
-10.753768844221106           1.0573628237823003
-10.638190954773869           1.0573636047285913
-10.522613065326633           1.0573633779418818
-10.407035175879397           1.0573635929181024
-10.291457286432161           1.057364255512891
-10.175879396984925           1.057363434981652
-10.06030150753769            1.0573633042342203
-9.944723618090451            1.0573634403933048
-9.829145728643216            1.0573630985032296
-9.71356783919598             1.0573638921228157
-9.597989949748744            1.057363418786143
-9.482412060301508            1.0573633844960502
-9.366834170854272            1.0573634812152228
-9.251256281407034            1.0573633891341334
-9.135678391959798            1.0573633257703206
-9.020100502512562            1.057363504965797
-8.904522613065327            1.0573629597807312
-8.78894472361809             1.0573628819360354
-8.673366834170855            1.0573643755602167
-8.557788944723619            1.0573633529380162
-8.442211055276381            1.057364314016469
-8.326633165829145            1.0573629085178644
-8.21105527638191             1.0573630780454297
-8.095477386934673            1.0573633926439734
-7.9798994974874375           1.0573632878461585
-7.864321608040202            1.0573632449569312
-7.748743718592964            1.0573631743027676
-7.633165829145728            1.057363293178552
-7.517587939698492            1.0573630358348063
-7.402010050251256            1.0573635342360694
-7.28643216080402             1.0573632525037453
-7.170854271356784            1.0573631855979535
-7.055276381909547            1.057362925436019
-6.939698492462311            1.057363175535481
-6.824120603015075            1.0573631942601291
-6.708542713567839            1.0573630401689826
-6.592964824120603            1.0573631658733358
-6.477386934673367            1.0573631438205067
-6.361809045226131            1.057363155784755
-6.246231155778894            1.0573630481223097
-6.130653266331658            1.0573631316720038
-6.015075376884422            1.057363133226094
-5.899497487437186            1.0573631923505589
-5.78391959798995             1.0573630811571675
-5.668341708542714            1.0573631029513475
-5.5527638190954764           1.0573629531452717
-5.4371859296482405           1.0573628236079788
-5.321608040201005            1.0573629459277023
-5.206030150753769            1.0573630242127874
-5.090452261306533            1.0573631192112392
-4.974874371859297            1.0573630408049037
-4.859296482412061            1.0573632386836451
-4.743718592964823            1.0573630428886855
-4.628140703517587            1.0573631411178939
-4.5125628140703515           1.0573629873469088
-4.396984924623116            1.0573629998938288
-4.28140703517588             1.0573630225078792
-4.165829145728644            1.0573630010433248
-4.050251256281406            1.0573629062423002
-3.934673366834172            1.0573630214845644
-3.8190954773869343           1.057363037634121
-3.7035175879396967           1.0573629775297346
-3.5879396984924625           1.057362992113827
-3.472361809045225            1.057362978274871
-3.3567839195979907           1.057362997078221
-3.241206030150753            1.0573629481159292
-3.125628140703519            1.0573629362674584
-3.0100502512562812           1.0573629394397117
-2.8944723618090435           1.057362974708669
-2.7788944723618094           1.0573628218376447
-2.6633165829145717           1.0573629227893993
-2.5477386934673376           1.0573629230744748
-2.4321608040201              1.0573629170556518
-2.316582914572866            1.0573629206105146
-2.201005025125628            1.0573629338287391
-2.0854271356783904           1.057362921745763
-1.9698492462311563           1.0573628825121315
-1.8542713567839186           1.0573628235024668
-1.7386934673366845           1.057362843300218
-1.6231155778894468           1.0573627879237628
-1.5075376884422127           1.0573628292944028
-1.391959798994975            1.0573627183830798
-1.2763819095477373           1.0573625059130345
-1.1608040201005032           1.0573619239136656
-1.0452261306532655           1.057360364765171
-0.9296482412060314           1.0573563392517038
-0.8140703517587937           1.057346059252596
-0.698492462311556            1.05731932422515
-0.5829145728643219           1.0572517598117848
-0.46733668341708423          1.0570823730925434
-0.3517587939698501           1.0566647767113322
-0.23618090452261245          1.055657449570167
-0.12060301507537828          1.053295139488927
-0.005025125628140596         1.047950590411453
0.11055276381909708           1.0363819634527363
0.22613065326633117           1.0126132798375587
0.34170854271356893           0.9665384985324826
0.457286432160803             0.8824962382268535
0.5728643216080407            0.7380491040516962
0.6884422110552748            0.5029407441412569
0.8040201005025125            0.13789413159184283
0.9195979899497502            -0.4071850716311082
1.0351758793969843            -1.195937839481814
1.150753768844222             -2.3094713987142357
1.266331658291456             -3.851868137110442
1.3819095477386938            -5.957845375257402
1.4974874371859315            -8.802816697230764
1.6130653266331656            -12.615440346706725
1.7286432160804033            -17.69357197729033
1.8442211055276374            -24.425229905434172
1.959798994974875             -33.31618372596199
2.075376884422109             -45.026001846275676
2.190954773869347             -60.41505709511435
2.3065326633165846            -80.60583162879568
2.4221105527638187            -107.06289130054452
2.5376884422110564            -141.6972288522272
2.6532663316582905            -187.00241028829143
2.768844221105528             -247.98190917368498
