-20.0                         0.29065037011272843
-19.884422110552762           0.29065073336828834
-19.768844221105528           0.29065032535242064
-19.65326633165829            0.29064983556869906
-19.537688442211056           0.2906502995152005
-19.42211055276382            0.2906503637154539
-19.306532663316585           0.2906503200665306
-19.190954773869347           0.2906502925202511
-19.07537688442211            0.29065025662152155
-18.959798994974875           0.29065021478948533
-18.844221105527637           0.290650393636377
-18.728643216080403           0.2906501971346564
-18.613065326633166           0.2906500868839973
-18.49748743718593            0.29065013966562236
-18.381909547738694           0.290650564281014
-18.266331658291456           0.2906500547389887
-18.150753768844222           0.29065010580237344
-18.035175879396984           0.29064972512368087
-17.91959798994975            0.29065002642193116
-17.804020100502512           0.2906500411966128
-17.688442211055275           0.2906500801473843
-17.57286432160804            0.29065002795284933
-17.457286432160803           0.29064985745520333
-17.34170854271357            0.29064996831624096
-17.22613065326633            0.29065004402186767
-17.110552763819094           0.29064984218968254
-16.99497487437186            0.29064988685324333
-16.87939698492462            0.2906499735141927
-16.763819095477388           0.2906498933041752
-16.64824120603015            0.29064989700610533
-16.532663316582916           0.2906498075664789
-16.417085427135678           0.2906498548045374
-16.301507537688444           0.2906498338676112
-16.185929648241206           0.2906497709558714
-16.07035175879397            0.2906498018925461
-15.954773869346734           0.29064954076748983
-15.839195979899497           0.29064971005262064
-15.72361809045226            0.2906497024681453
-15.608040201005025           0.29064958695200027
-15.492462311557789           0.2906496296330176
-15.376884422110553           0.29064953017055345
-15.261306532663315           0.2906496613036722
-15.145728643216081           0.2906495992122039
-15.030150753768844           0.29064971627499125
-14.914572864321608           0.29064949943769625
-14.798994974874372           0.2906493962604249
-14.683417085427136           0.29064954727720926
-14.5678391959799             0.29064956703464145
-14.452261306532662           0.2906495398393631
-14.336683417085428           0.2906494800500458
-14.22110552763819            0.2906493938460541
-14.105527638190955           0.29064948626364095
-13.989949748743719           0.29064910372921726
-13.874371859296481           0.2906493921450378
-13.758793969849247           0.2906498329938824
-13.64321608040201            0.29064943021313183
-13.527638190954773           0.2906494066276156
-13.412060301507537           0.290649401160656
-13.296482412060302           0.2906495465984512
-13.180904522613066           0.29064936442948913
-13.065326633165828           0.2906491243340462
-12.949748743718594           0.2906493828019008
-12.834170854271356           0.29064910668419625
-12.71859296482412            0.29064940888643337
-12.603015075376884           0.2906490885268546
-12.487437185929648           0.29064930292452756
-12.371859296482413           0.29064929483876967
-12.256281407035175           0.2906493014153513
-12.14070351758794            0.2906492242149455
-12.025125628140703           0.29064936609052805
-11.909547738693467           0.2906491518262244
-11.793969849246231           0.2906491464842278
-11.678391959798995           0.2906491859786466
-11.56281407035176            0.2906491700130289
-11.447236180904522           0.2906492263899705
-11.331658291457286           0.29064917425330633
-11.21608040201005            0.2906491454107537
-11.100502512562814           0.29064939591260347
-10.984924623115578           0.29064914191838265
-10.869346733668342           0.29064908203869494
-10.753768844221106           0.2906488736892957
-10.638190954773869           0.29064908623353247
-10.522613065326633           0.290649071001401
-10.407035175879397           0.29064905867481666
-10.291457286432161           0.2906491033827445
-10.175879396984925           0.2906490349237567
-10.06030150753769            0.29064897840469317
-9.944723618090451            0.29064900605241706
-9.829145728643216            0.2906490583187325
-9.71356783919598             0.2906489949102387
-9.597989949748744            0.29064896811197777
-9.482412060301508            0.29064897309154825
-9.366834170854272            0.29064894979833206
-9.251256281407034            0.2906489444109839
-9.135678391959798            0.2906489412446163
-9.020100502512562            0.2906489366295343
-8.904522613065327            0.290648916464151
-8.78894472361809             0.2906488004846133
-8.673366834170855            0.2906492607101088
-8.557788944723619            0.2906488597637639
-8.442211055276381            0.29064922574753155
-8.326633165829145            0.29064879028613255
-8.21105527638191             0.29064891007933197
-8.095477386934673            0.2906488229042771
-7.9798994974874375           0.290648829371174
-7.864321608040202            0.29064881699673784
-7.748743718592964            0.29064880467691473
-7.633165829145728            0.2906488021847967
-7.517587939698492            0.2906487806889978
-7.402010050251256            0.2906487878653951
-7.28643216080402             0.2906487917051135
-7.170854271356784            0.2906487713886371
-7.055276381909547            0.29064867848377407
-6.939698492462311            0.29064874288362263
-6.824120603015075            0.29064874394728124
-6.708542713567839            0.29064876953215824
-6.592964824120603            0.2906487040278527
-6.477386934673367            0.2906486401253741
-6.361809045226131            0.29064869606437677
-6.246231155778894            0.2906486429846591
-6.130653266331658            0.290648688845202
-6.015075376884422            0.29064868285867107
-5.899497487437186            0.2906486816222267
-5.78391959798995             0.2906486630276455
-5.668341708542714            0.29064865591420636
-5.5527638190954764           0.2906486250848532
-5.4371859296482405           0.29064854761731296
-5.321608040201005            0.2906486067753303
-5.206030150753769            0.2906485733222512
-5.090452261306533            0.29064854042218247
-4.974874371859297            0.29064855826023267
-4.859296482412061            0.29064855565953995
-4.743718592964823            0.2906484058964335
-4.628140703517587            0.2906483497899445
-4.5125628140703515           0.2906481827543824
-4.396984924623116            0.2906480122625048
-4.28140703517588             0.2906477778632199
-4.165829145728644            0.29064743593608394
-4.050251256281406            0.29064698009642226
-3.934673366834172            0.29064629330713976
-3.8190954773869343           0.2906453490294383
-3.7035175879396967           0.29064400444519956
-3.5879396984924625           0.29064211746871194
-3.472361809045225            0.29063944664479385
-3.3567839195979907           0.2906356826655838
-3.241206030150753            0.29063034561538753
-3.125628140703519            0.2906227997195327
-3.0100502512562812           0.2906121420570292
-2.8944723618090435           0.29059704390872615
-2.7788944723618094           0.29057571036808255
-2.6633165829145717           0.2905456000920963
-2.5477386934673376           0.2905030468055297
-2.4321608040201              0.2904428896686046
-2.316582914572866            0.2903579172416433
-2.201005025125628            0.2902379345223198
-2.0854271356783904           0.2900685793650751
-1.9698492462311563           0.2898296412439503
-1.8542713567839186           0.2894927359052365
-1.7386934673366845           0.2890180216965192
-1.6231155778894468           0.2883495469738143
-1.5075376884422127           0.28740913970402
-1.391959798994975            0.2860873427812249
-1.2763819095477373           0.2842315405743193
-1.1608040201005032           0.2816292106748395
-1.0452261306532655           0.2779849825309451
-0.9296482412060314           0.2728893726406686
-0.8140703517587937           0.2657759550739847
-0.698492462311556            0.25586311065579515
-0.5829145728643219           0.24207552655357137
-0.46733668341708423          0.22293747114173462
-0.3517587939698501           0.19643037796969587
-0.23618090452261245          0.15980270131404334
-0.12060301507537828          0.10931875292816425
-0.005025125628140596         0.039929777897484905
0.11055276381909708           -0.055152297624385956
0.22613065326633117           -0.18500306974245379
0.34170854271356893           -0.36168569075016677
0.457286432160803             -0.6011436881708215
0.5728643216080407            -0.9243406021005663
0.6884422110552748            -1.358720638499019
0.8040201005025125            -1.940088535627221
0.9195979899497502            -2.7150357905240017
1.0351758793969843            -3.7440886861325993
1.150753768844222             -5.105849613682265
1.266331658291456             -6.902568208552722
1.3819095477386938            -9.267650883739355
1.4974874371859315            -12.3754452927235
1.6130653266331656            -16.45366852086955
1.7286432160804033            -21.799413315678397
1.8442211055276374            -28.800141414026456
1.959798994974875             -37.96123088645068
2.075376884422109             -49.94197233716529
2.190954773869347             -65.6025382002621
2.3065326633165846            -86.0652640714742
2.4221105527638187            -112.79460746148715
2.5376884422110564            -147.70148035320722
2.6532663316582905            -193.27938816071912
2.768844221105528             -254.53022575659955
