-20.0                         0.8963282604110895
-19.884422110552762           0.896329171923553
-19.768844221105528           0.8963281477248795
-19.65326633165829            0.8963271688678708
-19.537688442211056           0.8963281484819595
-19.42211055276382            0.8963280232482884
-19.306532663316585           0.8963283081519895
-19.190954773869347           0.8963270202058415
-19.07537688442211            0.8963283119887242
-18.959798994974875           0.8963280144386905
-18.844221105527637           0.8963292103067714
-18.728643216080403           0.8963279512755588
-18.613065326633166           0.8963281035875867
-18.49748743718593            0.8963279597483567
-18.381909547738694           0.8963299865734082
-18.266331658291456           0.896327809378749
-18.150753768844222           0.8963278870507058
-18.035175879396984           0.8963278703196195
-17.91959798994975            0.8963278520911061
-17.804020100502512           0.8963282291363278
-17.688442211055275           0.896328075055508
-17.57286432160804            0.8963275812591518
-17.457286432160803           0.8963275871190165
-17.34170854271357            0.896327796408193
-17.22613065326633            0.896327891615402
-17.110552763819094           0.8963275378651212
-16.99497487437186            0.8963279332955563
-16.87939698492462            0.8963275766303915
-16.763819095477388           0.8963281157557009
-16.64824120603015            0.8963276180507233
-16.532663316582916           0.8963275732500569
-16.417085427135678           0.8963275905194353
-16.301507537688444           0.8963271140324893
-16.185929648241206           0.8963275953982002
-16.07035175879397            0.896327808665357
-15.954773869346734           0.8963266447885091
-15.839195979899497           0.8963274963598198
-15.72361809045226            0.8963275720312828
-15.608040201005025           0.8963280628617164
-15.492462311557789           0.8963274696985593
-15.376884422110553           0.8963273256053421
-15.261306532663315           0.8963275651744377
-15.145728643216081           0.8963274666330926
-15.030150753768844           0.8963282555528707
-14.914572864321608           0.8963272313961058
-14.798994974874372           0.8963265911389316
-14.683417085427136           0.8963274597898361
-14.5678391959799             0.8963273901174621
-14.452261306532662           0.8963273506970564
-14.336683417085428           0.8963272871983915
-14.22110552763819            0.896327624154531
-14.105527638190955           0.8963272418100311
-13.989949748743719           0.8963264313139109
-13.874371859296481           0.8963271037681073
-13.758793969849247           0.8963278091055097
-13.64321608040201            0.8963271937278084
-13.527638190954773           0.8963266236627753
-13.412060301507537           0.8963272185474367
-13.296482412060302           0.8963271484958237
-13.180904522613066           0.896327320202609
-13.065326633165828           0.8963267997557781
-12.949748743718594           0.8963272250013994
-12.834170854271356           0.8963267564515552
-12.71859296482412            0.8963273849497585
-12.603015075376884           0.8963266512044632
-12.487437185929648           0.8963272219376115
-12.371859296482413           0.8963270406788281
-12.256281407035175           0.8963272757525436
-12.14070351758794            0.8963270673077516
-12.025125628140703           0.8963269777167111
-11.909547738693467           0.8963269050363745
-11.793969849246231           0.8963267906083615
-11.678391959798995           0.8963270387925013
-11.56281407035176            0.896326989878346
-11.447236180904522           0.8963273047110017
-11.331658291457286           0.8963270521367871
-11.21608040201005            0.8963269769764062
-11.100502512562814           0.896327307826915
-10.984924623115578           0.8963270381386499
-10.869346733668342           0.8963269061265448
-10.753768844221106           0.8963263222098208
-10.638190954773869           0.8963270194259558
-10.522613065326633           0.8963268321772363
-10.407035175879397           0.8963270193037651
-10.291457286432161           0.8963275788786427
-10.175879396984925           0.8963268806202676
-10.06030150753769            0.8963267544490863
-9.944723618090451            0.8963268700692858
-9.829145728643216            0.896326609912998
-9.71356783919598             0.8963272638134298
-9.597989949748744            0.8963268453012725
-9.482412060301508            0.8963268203410863
-9.366834170854272            0.8963269001720747
-9.251256281407034            0.8963268225897612
-9.135678391959798            0.8963267740995183
-9.020100502512562            0.8963269423540827
-8.904522613065327            0.8963264548482515
-8.78894472361809             0.8963263667996282
-8.673366834170855            0.8963277223919756
-8.557788944723619            0.8963267768112279
-8.442211055276381            0.8963276643287748
-8.326633165829145            0.8963263894602338
-8.21105527638191             0.8963265716693055
-8.095477386934673            0.8963267902233659
-7.9798994974874375           0.8963267208621511
-7.864321608040202            0.896326679445368
-7.748743718592964            0.8963266199042059
-7.633165829145728            0.8963267178393552
-7.517587939698492            0.896326485734782
-7.402010050251256            0.8963269268192046
-7.28643216080402             0.8963266878300328
-7.170854271356784            0.8963266249802475
-7.055276381909547            0.896326373733617
-6.939698492462311            0.896326608156639
-6.824120603015075            0.8963266298649247
-6.708542713567839            0.8963265051181585
-6.592964824120603            0.896326593284559
-6.477386934673367            0.8963265518598741
-6.361809045226131            0.8963265810768306
-6.246231155778894            0.8963264852172019
-6.130653266331658            0.8963265712188574
-6.015075376884422            0.896326576107734
-5.899497487437186            0.8963266327233139
-5.78391959798995             0.8963265243650191
-5.668341708542714            0.8963265393826058
-5.5527638190954764           0.896326400646149
-5.4371859296482405           0.8963262840048527
-5.321608040201005            0.8963264017643291
-5.206030150753769            0.896326457359247
-5.090452261306533            0.8963265334124665
-4.974874371859297            0.8963265008435887
-4.859296482412061            0.8963266734954652
-4.743718592964823            0.8963264828753191
-4.628140703517587            0.8963265672204631
-4.5125628140703515           0.8963264213639991
-4.396984924623116            0.8963264395205149
-4.28140703517588             0.8963264596226295
-4.165829145728644            0.8963264368658744
-4.050251256281406            0.8963263647360435
-3.934673366834172            0.8963264540977038
-3.8190954773869343           0.8963264665930233
-3.7035175879396967           0.8963264126635666
-3.5879396984924625           0.8963264221082107
-3.472361809045225            0.8963264093212779
-3.3567839195979907           0.8963264283732542
-3.241206030150753            0.8963263784781358
-3.125628140703519            0.8963263729270651
-3.0100502512562812           0.8963263769607022
-2.8944723618090435           0.8963263948737525
-2.7788944723618094           0.8963262656898445
-2.6633165829145717           0.8963263490009984
-2.5477386934673376           0.8963263574628176
-2.4321608040201              0.896326352108318
-2.316582914572866            0.8963263536276693
-2.201005025125628            0.8963263655077095
-2.0854271356783904           0.8963263536856553
-1.9698492462311563           0.8963263131794534
-1.8542713567839186           0.8963262503097231
-1.7386934673366845           0.8963262488080069
-1.6231155778894468           0.896326149399374
-1.5075376884422127           0.8963260721570747
-1.391959798994975            0.8963257045832356
-1.2763819095477373           0.8963248664101674
-1.1608040201005032           0.8963228359943366
-1.0452261306532655           0.8963179248334996
-0.9296482412060314           0.8963062089607804
-0.8140703517587937           0.8962784343132537
-0.698492462311556            0.8962125507817913
-0.5829145728643219           0.8960587704181796
-0.46733668341708423          0.8957036473756446
-0.3517587939698501           0.894896834607095
-0.23618090452261245          0.8931020004167048
-0.12060301507537828          0.8892150187535824
-0.005025125628140596         0.8810745447593424
0.11055276381909708           0.8647002246398485
0.22613065326633117           0.833258087916255
0.34170854271356893           0.7758604893533745
0.457286432160803             0.676375018468906
0.5728643216080407            0.5123415563657747
0.6884422110552748            0.2538906050868348
0.8040201005025125            -0.137626183372904
0.9195979899497502            -0.7116169543092365
1.0351758793969843            -1.531104484903046
1.150753768844222             -2.6767049842849775
1.266331658291456             -4.252150006083578
1.3819095477386938            -6.391917389603796
1.4974874371859315            -9.271238966267722
1.6130653266331656            -13.118620777894156
1.7286432160804033            -18.231799399568793
1.8442211055276374            -24.998709013146357
1.959798994974875             -33.92506177604892
2.075376884422109             -45.67038634815799
2.190954773869347             -61.09502744642382
2.3065326633165846            -81.32144698142257
2.4221105527638187            -107.81419601814335
2.5376884422110564            -142.4842563771295
2.6532663316582905            -187.82518592766021
2.768844221105528             -248.84025088222768
