-20.0                         1.4805463213725998
-19.884422110552762           1.4805476277259333
-19.768844221105528           1.4805461617665991
-19.65326633165829            1.4805451495587274
-19.537688442211056           1.480546438475861
-19.42211055276382            1.4805459908353549
-19.306532663316585           1.4805462076454727
-19.190954773869347           1.4805445134948874
-19.07537688442211            1.4805465518854979
-18.959798994974875           1.4805461641788176
-18.844221105527637           1.4805473488069767
-18.728643216080403           1.4805457701097369
-18.613065326633166           1.4805464765066565
-18.49748743718593            1.480545972892341
-18.381909547738694           1.4805486975257194
-18.266331658291456           1.4805459150407692
-18.150753768844222           1.4805459775933627
-18.035175879396984           1.4805466400851872
-17.91959798994975            1.4805458818617752
-17.804020100502512           1.4805465325290816
-17.688442211055275           1.480545842961577
-17.57286432160804            1.480545655677775
-17.457286432160803           1.4805457012983638
-17.34170854271357            1.480545680042697
-17.22613065326633            1.4805455707642063
-17.110552763819094           1.4805456822872203
-16.99497487437186            1.4805461816905123
-16.87939698492462            1.4805452259400964
-16.763819095477388           1.4805465159595288
-16.64824120603015            1.4805454906470294
-16.532663316582916           1.4805460446376915
-16.417085427135678           1.4805456582253245
-16.301507537688444           1.4805449624688924
-16.185929648241206           1.4805456859029122
-16.07035175879397            1.4805460187073043
-15.954773869346734           1.480544386833637
-15.839195979899497           1.4805456127606722
-15.72361809045226            1.4805458490125505
-15.608040201005025           1.480546861593829
-15.492462311557789           1.4805456376053479
-15.376884422110553           1.4805459060126098
-15.261306532663315           1.4805456925676856
-15.145728643216081           1.480545669274328
-15.030150753768844           1.4805464725267894
-14.914572864321608           1.4805453411225062
-14.798994974874372           1.4805445658173613
-14.683417085427136           1.4805456732490103
-14.5678391959799             1.4805456381915065
-14.452261306532662           1.4805456017139007
-14.336683417085428           1.4805454294023692
-14.22110552763819            1.4805463059559683
-14.105527638190955           1.4805453902153494
-13.989949748743719           1.4805443604914406
-13.874371859296481           1.4805451911353644
-13.758793969849247           1.4805457957129018
-13.64321608040201            1.4805453140015743
-13.527638190954773           1.4805444477113996
-13.412060301507537           1.4805453912577535
-13.296482412060302           1.4805449078263841
-13.180904522613066           1.480545597252924
-13.065326633165828           1.4805450976103267
-12.949748743718594           1.4805453051762032
-12.834170854271356           1.4805448549766143
-12.71859296482412            1.4805455443567401
-12.603015075376884           1.480544855122194
-12.487437185929648           1.4805453624548877
-12.371859296482413           1.4805450503876165
-12.256281407035175           1.480545452133377
-12.14070351758794            1.480545236349106
-12.025125628140703           1.480544794802999
-11.909547738693467           1.480545018891256
-11.793969849246231           1.4805450854870579
-11.678391959798995           1.4805452361093665
-11.56281407035176            1.4805451388972068
-11.447236180904522           1.4805456070495144
-11.331658291457286           1.4805451929477624
-11.21608040201005            1.480545121663091
-11.100502512562814           1.4805453387578522
-10.984924623115578           1.4805451841959518
-10.869346733668342           1.4805450612859166
-10.753768844221106           1.4805442844848606
-10.638190954773869           1.4805452634476264
-10.522613065326633           1.4805449435758795
-10.407035175879397           1.480545184345399
-10.291457286432161           1.4805461155127937
-10.175879396984925           1.4805450154633208
-10.06030150753769            1.480544875784903
-9.944723618090451            1.4805450777372946
-9.829145728643216            1.480544525436948
-9.71356783919598             1.4805456058845865
-9.597989949748744            1.480545051784899
-9.482412060301508            1.4805449976472103
-9.366834170854272            1.4805451206571736
-9.251256281407034            1.480545003997479
-9.135678391959798            1.4805449116232412
-9.020100502512562            1.4805450581851962
-8.904522613065327            1.4805444354664925
-8.78894472361809             1.4805443713586641
-8.673366834170855            1.4805461888505391
-8.557788944723619            1.48054498970064
-8.442211055276381            1.4805461191573226
-8.326633165829145            1.480544406405766
-8.21105527638191             1.4805445422640502
-8.095477386934673            1.4805450893770136
-7.9798994974874375           1.4805448885220422
-7.864321608040202            1.4805448544658502
-7.748743718592964            1.4805447557360782
-7.633165829145728            1.4805449243777264
-7.517587939698492            1.4805446404954659
-7.402010050251256            1.4805452126939938
-7.28643216080402             1.480544854555261
-7.170854271356784            1.4805447832267875
-7.055276381909547            1.4805445187613646
-6.939698492462311            1.480544792368512
-6.824120603015075            1.4805447972959218
-6.708542713567839            1.480544572874353
-6.592964824120603            1.4805447957295377
-6.477386934673367            1.4805448336247793
-6.361809045226131            1.4805447937591967
-6.246231155778894            1.4805446527356747
-6.130653266331658            1.4805447215906415
-6.015075376884422            1.4805447038071022
-5.899497487437186            1.4805447586004366
-5.78391959798995             1.4805446680126249
-5.668341708542714            1.480544706579485
-5.5527638190954764           1.4805445511114161
-5.4371859296482405           1.4805443712967306
-5.321608040201005            1.4805445174848695
-5.206030150753769            1.4805446546809775
-5.090452261306533            1.4805447781764227
-4.974874371859297            1.4805445772949295
-4.859296482412061            1.4805448335889002
-4.743718592964823            1.4805446329298444
-4.628140703517587            1.480544768853978
-4.5125628140703515           1.4805446124864379
-4.396984924623116            1.4805445968831576
-4.28140703517588             1.480544621572288
-4.165829145728644            1.480544609326332
-4.050251256281406            1.480544456649352
-3.934673366834172            1.4805446313604067
-3.8190954773869343           1.4805446573384127
-3.7035175879396967           1.4805445832940287
-3.5879396984924625           1.4805446115970893
-3.472361809045225            1.4805445958610368
-3.3567839195979907           1.4805446048097413
-3.241206030150753            1.4805445782817281
-3.125628140703519            1.4805445397627792
-3.0100502512562812           1.4805445396545176
-2.8944723618090435           1.4805446239485343
-2.7788944723618094           1.4805444088133242
-2.6633165829145717           1.4805445572445393
-2.5477386934673376           1.4805445313990147
-2.4321608040201              1.480544521768237
-2.316582914572866            1.4805445314609538
-2.201005025125628            1.4805445409735052
-2.0854271356783904           1.4805445271402178
-1.9698492462311563           1.4805444877065712
-1.8542713567839186           1.4805444226127396
-1.7386934673366845           1.4805444530515788
-1.6231155778894468           1.4805443968254641
-1.5075376884422127           1.4805444862700452
-1.391959798994975            1.4805444408353308
-1.2763819095477373           1.4805444593204493
-1.1608040201005032           1.48054444543081
-1.0452261306532655           1.4805443438179329
-0.9296482412060314           1.4805440247395976
-0.8140703517587937           1.4805432372008323
-0.698492462311556            1.4805402108346704
-0.5829145728643219           1.4805313234164847
-0.46733668341708423          1.480504296172917
-0.3517587939698501           1.480423561808879
-0.23618090452261245          1.48018778576114
-0.12060301507537828          1.4795193801243867
-0.005025125628140596         1.4776976559975759
0.11055276381909708           1.4729764550487479
0.22613065326633117           1.4614823041808744
0.34170854271356893           1.435487134291747
0.457286432160803             1.381286789400917
0.5728643216080407            1.2772760233279168
0.6884422110552748            1.092682869263258
0.8040201005025125            0.7867340132190682
0.9195979899497502            0.30746939085498604
1.0351758793969843            -0.4105061650212394
1.150753768844222             -1.4497040775702528
1.266331658291456             -2.915202920810969
1.3819095477386938            -4.942385262028478
1.4974874371859315            -7.707151970442549
1.6130653266331656            -11.43855812625314
1.7286432160804033            -16.43476421503768
1.8442211055276374            -23.084000359706287
1.959798994974875             -31.892178487708104
2.075376884422109             -43.518964220452276
2.190954773869347             -58.82479844240987
2.3065326633165846            -78.93221193643785
2.4221105527638187            -105.3058058577599
2.5376884422110564            -139.8565988963563
2.6532663316582905            -185.07817631475564
2.768844221105528             -245.97449711338348
