-20.0                         0.2938915157728291
-19.884422110552762           0.2938919185748808
-19.768844221105528           0.29389146919866804
-19.65326633165829            0.2938909365420006
-19.537688442211056           0.2938914428412184
-19.42211055276382            0.29389151106197986
-19.306532663316585           0.29389147770073315
-19.190954773869347           0.29389140136618674
-19.07537688442211            0.293891411176245
-18.959798994974875           0.2938913581458323
-18.844221105527637           0.29389160157994987
-18.728643216080403           0.29389134897438307
-18.613065326633166           0.29389123113937243
-18.49748743718593            0.29389128541203824
-18.381909547738694           0.29389180585191665
-18.266331658291456           0.2938911940070613
-18.150753768844222           0.2938912516042309
-18.035175879396984           0.29389084876878907
-17.91959798994975            0.2938911709790144
-17.804020100502512           0.29389119851062867
-17.688442211055275           0.29389124858584326
-17.57286432160804            0.29389117219070365
-17.457286432160803           0.29389099261897633
-17.34170854271357            0.2938911207934521
-17.22613065326633            0.293891213316429
-17.110552763819094           0.29389097421831534
-16.99497487437186            0.2938910336780832
-16.87939698492462            0.2938911333165458
-16.763819095477388           0.29389105325660025
-16.64824120603015            0.29389105148357714
-16.532663316582916           0.29389094203259436
-16.417085427135678           0.29389099759547094
-16.301507537688444           0.29389096951200705
-16.185929648241206           0.29389091781640875
-16.07035175879397            0.29389095357661643
-15.954773869346734           0.2938906430239394
-15.839195979899497           0.29389085186837
-15.72361809045226            0.2938908468313818
-15.608040201005025           0.29389073176128777
-15.492462311557789           0.2938907724144632
-15.376884422110553           0.29389064958428535
-15.261306532663315           0.29389081143848744
-15.145728643216081           0.2938907419189644
-15.030150753768844           0.29389090075507995
-14.914572864321608           0.29389063541258587
-14.798994974874372           0.293890497276136
-14.683417085427136           0.2938906932660996
-14.5678391959799             0.29389071271545075
-14.452261306532662           0.2938906842269879
-14.336683417085428           0.2938906220619944
-14.22110552763819            0.29389053072710597
-14.105527638190955           0.29389062795836646
-13.989949748743719           0.29389021011543204
-13.874371859296481           0.2938905283749657
-13.758793969849247           0.293891014093115
-13.64321608040201            0.2938905738177943
-13.527638190954773           0.2938905272762473
-13.412060301507537           0.29389054555079314
-13.296482412060302           0.2938907062140685
-13.180904522613066           0.29389051037031266
-13.065326633165828           0.29389024098403704
-12.949748743718594           0.29389053397673826
-12.834170854271356           0.2938902336279322
-12.71859296482412            0.2938905673619055
-12.603015075376884           0.2938902024340267
-12.487437185929648           0.2938904532628946
-12.371859296482413           0.293890443984972
-12.256281407035175           0.2938904528786551
-12.14070351758794            0.2938903684605841
-12.025125628140703           0.29389052184241427
-11.909547738693467           0.293890290022663
-11.793969849246231           0.2938902743546565
-11.678391959798995           0.2938903302749237
-11.56281407035176            0.2938903131310726
-11.447236180904522           0.29389038367021786
-11.331658291457286           0.2938903235495538
-11.21608040201005            0.2938902909612389
-11.100502512562814           0.29389056443136724
-10.984924623115578           0.29389029236374514
-10.869346733668342           0.29389022528424447
-10.753768844221106           0.2938899916549583
-10.638190954773869           0.29389023395729946
-10.522613065326633           0.2938902131856102
-10.407035175879397           0.2938902069978319
-10.291457286432161           0.2938902750229623
-10.175879396984925           0.2938901813356392
-10.06030150753769            0.29389011863627285
-9.944723618090451            0.29389015155504383
-9.829145728643216            0.2938902008267755
-9.71356783919598             0.29389015431577004
-9.597989949748744            0.29389011324466024
-9.482412060301508            0.2938901189403982
-9.366834170854272            0.29389009763772855
-9.251256281407034            0.2938900912205039
-9.135678391959798            0.2938900885369318
-9.020100502512562            0.29389009022487245
-8.904522613065327            0.2938900511447156
-8.78894472361809             0.29388992859484003
-8.673366834170855            0.29389044749837007
-8.557788944723619            0.2938900070176939
-8.442211055276381            0.2938904109595176
-8.326633165829145            0.29388992119798607
-8.21105527638191             0.2938900569570417
-8.095477386934673            0.29388996732547745
-7.9798994974874375           0.29388997604781736
-7.864321608040202            0.2938899624790964
-7.748743718592964            0.29388994827877407
-7.633165829145728            0.2938899498690575
-7.517587939698492            0.2938899196082398
-7.402010050251256            0.29388994309844874
-7.28643216080402             0.29388994069019253
-7.170854271356784            0.2938899179052928
-7.055276381909547            0.29388981058846514
-6.939698492462311            0.2938898886280173
-6.824120603015075            0.29388989205806026
-6.708542713567839            0.29388991275313586
-6.592964824120603            0.29388985016077734
-6.477386934673367            0.29388978210576594
-6.361809045226131            0.2938898424950891
-6.246231155778894            0.2938897876877444
-6.130653266331658            0.2938898391664939
-6.015075376884422            0.29388983467723906
-5.899497487437186            0.29388983842596683
-5.78391959798995             0.2938898177066394
-5.668341708542714            0.2938898137065855
-5.5527638190954764           0.2938897817766165
-5.4371859296482405           0.29388970479985776
-5.321608040201005            0.2938897804337152
-5.206030150753769            0.29388975927562927
-5.090452261306533            0.2938897438952236
-4.974874371859297            0.2938897917590985
-4.859296482412061            0.29388982853740786
-4.743718592964823            0.29388971411213066
-4.628140703517587            0.29388972579361555
-4.5125628140703515           0.2938896432495105
-4.396984924623116            0.29388960081939713
-4.28140703517588             0.2938895444154817
-4.165829145728644            0.2938894490070687
-4.050251256281406            0.2938893380106096
-3.934673366834172            0.29388913488179663
-3.8190954773869343           0.29388886368046857
-3.7035175879396967           0.2938884538752172
-3.5879396984924625           0.2938878714853988
-3.472361809045225            0.29388701486942775
-3.3567839195979907           0.2938857733537563
-3.241206030150753            0.2938839343817142
-3.125628140703519            0.29388124120606807
-3.0100502512562812           0.2938773025244929
-2.8944723618090435           0.2938714927232999
-2.7788944723618094           0.2938629789951413
-2.6633165829145717           0.29385054422632445
-2.5477386934673376           0.29383230366187296
-2.4321608040201              0.29380551957067125
-2.316582914572866            0.29376625613721996
-2.201005025125628            0.29370872057544917
-2.0854271356783904           0.29362443963138996
-1.9698492462311563           0.2935010390371643
-1.8542713567839186           0.2933204973927468
-1.7386934673366845           0.29305658049276456
-1.6231155778894468           0.292671034228282
-1.5075376884422127           0.292108522262752
-1.391959798994975            0.29128868492824195
-1.2763819095477373           0.29009554353139855
-1.1608040201005032           0.2883620094388459
-1.0452261306532655           0.28584808197680245
-0.9296482412060314           0.28221041217639775
-0.8140703517587937           0.27695970055430463
-0.698492462311556            0.2694017745023795
-0.5829145728643219           0.2585572116078115
-0.46733668341708423          0.2430511669329281
-0.3517587939698501           0.22096592171282903
-0.23618090452261245          0.18964416103723075
-0.12060301507537828          0.14543021451178942
-0.005025125628140596         0.08333341228560294
0.11055276381909708           -0.0034047793060179923
0.22613065326633117           -0.12386313358337385
0.34170854271356893           -0.2901413671124316
0.457286432160803             -0.5182497308271284
0.5728643216080407            -0.8292420523933209
0.6884422110552748            -1.2506677422743933
0.8040201005025125            -1.8184426327406609
0.9195979899497502            -2.57926700525757
1.0351758793969843            -3.5937664672672596
1.150753768844222             -4.940626822793471
1.266331658291456             -6.722161889873581
1.3819095477386938            -9.071828034612292
1.4974874371859315            -12.16401823273381
1.6130653266331656            -16.22649274122443
1.7286432160804033            -21.556381026682462
1.8442211055276374            -28.541172742531213
1.959798994974875             -37.68626633424817
2.075376884422109             -49.650967300621055
2.190954773869347             -65.29545907037392
2.3065326633165846            -85.74208542368166
2.4221105527638187            -112.45531000410425
2.5376884422110564            -147.34604941389316
2.6532663316582905            -192.9078125606872
2.768844221105528             -254.14258756564476
