-20.0                         0.2906132423769143
-19.884422110552762           0.2906136070573134
-19.768844221105528           0.2906131975558977
-19.65326633165829            0.29061270622248464
-19.537688442211056           0.2906131717114602
-19.42211055276382            0.29061323609365924
-19.306532663316585           0.29061319274296543
-19.190954773869347           0.2906131636455797
-19.07537688442211            0.29061312919586174
-18.959798994974875           0.2906130869953347
-18.844221105527637           0.2906132680204457
-18.728643216080403           0.29061306962520805
-18.613065326633166           0.29061295908011614
-18.49748743718593            0.2906130119421012
-18.381909547738694           0.2906134398778712
-18.266331658291456           0.2906129267897663
-18.150753768844222           0.29061297810009484
-18.035175879396984           0.2906125965177508
-17.91959798994975            0.29061289865296114
-17.804020100502512           0.2906129138476103
-17.688442211055275           0.2906129532002515
-17.57286432160804            0.29061290022754366
-17.457286432160803           0.29061272935213023
-17.34170854271357            0.2906128408220705
-17.22613065326633            0.29061291713182696
-17.110552763819094           0.2906127139857069
-16.99497487437186            0.2906127591516052
-16.87939698492462            0.2906128463215713
-16.763819095477388           0.2906127660561559
-16.64824120603015            0.2906127696062086
-16.532663316582916           0.29061267947758057
-16.417085427135678           0.29061272700136836
-16.301507537688444           0.290612705874651
-16.185929648241206           0.2906126432709655
-16.07035175879397            0.2906126743750757
-15.954773869346734           0.29061241153270284
-15.839195979899497           0.2906125821961952
-15.72361809045226            0.29061257470051705
-15.608040201005025           0.29061245910964373
-15.492462311557789           0.29061250180184595
-15.376884422110553           0.2906124015181872
-15.261306532663315           0.2906125337325418
-15.145728643216081           0.2906124713783653
-15.030150753768844           0.29061258985077576
-14.914572864321608           0.2906123713658239
-14.798994974874372           0.29061226699169923
-14.683417085427136           0.2906124195560419
-14.5678391959799             0.29061243932824965
-14.452261306532662           0.29061241208500915
-14.336683417085428           0.2906123521956098
-14.22110552763819            0.29061226575357413
-14.105527638190955           0.29061235841629063
-13.989949748743719           0.2906119745961503
-13.874371859296481           0.2906122640886001
-13.758793969849247           0.2906127066036753
-13.64321608040201            0.29061230243080155
-13.527638190954773           0.2906122780983591
-13.412060301507537           0.29061227340125156
-13.296482412060302           0.29061241943565225
-13.180904522613066           0.29061223670871766
-13.065326633165828           0.29061199555160466
-12.949748743718594           0.2906122552846259
-12.834170854271356           0.29061197827868424
-12.71859296482412            0.29061228162610453
-12.603015075376884           0.29061195966411013
-12.487437185929648           0.2906121753608966
-12.371859296482413           0.29061216724973016
-12.256281407035175           0.29061217389390015
-12.14070351758794            0.29061209644019353
-12.025125628140703           0.29061223878467085
-11.909547738693467           0.2906120238363268
-11.793969849246231           0.2906120181586205
-11.678391959798995           0.2906120582091569
-11.56281407035176            0.290612042202559
-11.447236180904522           0.29061209907056
-11.331658291457286           0.2906120466610477
-11.21608040201005            0.29061201768889633
-11.100502512562814           0.29061226905573323
-10.984924623115578           0.29061201436541495
-10.869346733668342           0.29061195422988645
-10.753768844221106           0.29061174498120684
-10.638190954773869           0.2906119585808883
-10.522613065326633           0.290611943169147
-10.407035175879397           0.29061193103433897
-10.291457286432161           0.2906119765280807
-10.175879396984925           0.29061190722874003
-10.06030150753769            0.290611850489142
-9.944723618090451            0.2906118783243899
-9.829145728643216            0.2906119305377108
-9.71356783919598             0.2906118676224958
-9.597989949748744            0.2906118403691334
-9.482412060301508            0.2906118453817119
-9.366834170854272            0.29061182214105996
-9.251256281407034            0.29061181672805403
-9.135678391959798            0.2906118135834745
-9.020100502512562            0.29061180916586066
-8.904522613065327            0.2906117883950933
-8.78894472361809             0.29061167214656625
-8.673366834170855            0.29061213445570083
-8.557788944723619            0.2906117320897603
-8.442211055276381            0.29061209943691596
-8.326633165829145            0.29061166205049915
-8.21105527638191             0.2906117824393396
-8.095477386934673            0.2906116951278602
-7.9798994974874375           0.2906117016823572
-7.864321608040202            0.2906116892691791
-7.748743718592964            0.2906116768856226
-7.633165829145728            0.2906116745310659
-7.517587939698492            0.29061165275252104
-7.402010050251256            0.29061166045028525
-7.28643216080402             0.29061166410565636
-7.170854271356784            0.29061164370662496
-7.055276381909547            0.29061155029199337
-6.939698492462311            0.2906116151771777
-6.824120603015075            0.290611616328173
-6.708542713567839            0.29061164176937043
-6.592964824120603            0.2906115763505777
-6.477386934673367            0.29061151229976406
-6.361809045226131            0.2906115684328725
-6.246231155778894            0.29061151531247265
-6.130653266331658            0.29061156141083605
-6.015075376884422            0.2906115555228231
-5.899497487437186            0.2906115545206244
-5.78391959798995             0.2906115359545318
-5.668341708542714            0.2906115290740303
-5.5527638190954764           0.29061149838684563
-5.4371859296482405           0.2906114211530265
-5.321608040201005            0.2906114812271123
-5.206030150753769            0.2906114486324248
-5.090452261306533            0.29061141693399933
-4.974874371859297            0.2906114366611793
-4.859296482412061            0.2906114365551989
-4.743718592964823            0.29061128953891235
-4.628140703517587            0.29061123788338156
-4.5125628140703515           0.29061107662965635
-4.396984924623116            0.29061091445044535
-4.28140703517588             0.29061069148534546
-4.165829145728644            0.29061036524084877
-4.050251256281406            0.2906099310295707
-3.934673366834172            0.2906092740453662
-3.8190954773869343           0.29060837071585927
-3.7035175879396967           0.2906070822670945
-3.5879396984924625           0.2906052724205547
-3.472361809045225            0.2906027073021572
-3.3567839195979907           0.29059908809960966
-3.241206030150753            0.2905939489169973
-3.125628140703519            0.2905866733292506
-3.0100502512562812           0.29057638428623117
-2.8944723618090435           0.2905617879778283
-2.7788944723618094           0.2905411365043041
-2.6633165829145717           0.290511951914625
-2.5477386934673376           0.290470652044628
-2.4321608040201              0.290412188317705
-2.316582914572866            0.2903294983562171
-2.201005025125628            0.2902125838940035
-2.0854271356783904           0.2900473411609708
-1.9698492462311563           0.2898138970390093
-1.8542713567839186           0.28948430501950057
-1.7386934673366845           0.2890192871584773
-1.6231155778894468           0.28836361070362737
-1.5075376884422127           0.28744001274597375
-1.391959798994975            0.2861401713492439
-1.2763819095477373           0.28431287109508463
-1.1608040201005032           0.28174729047767744
-1.0452261306532655           0.27815008934181457
-0.9296482412060314           0.27311415988074894
-0.8140703517587937           0.2660757909794755
-0.698492462311556            0.25625638105158133
-0.5829145728643219           0.24258386331467935
-0.46733668341708423          0.2235858589282403
-0.3517587939698501           0.19724709402127283
-0.23618090452261245          0.1608190457483493
-0.12060301507537828          0.11056854359270249
-0.005025125628140596         0.04144861000302128
0.11055276381909708           -0.05332799130603321
0.22613065326633117           -0.18283708375471047
0.34170854271356893           -0.35914313060768416
0.457286432160803             -0.5981919531025163
0.5728643216080407            -0.9209501608744297
0.6884422110552748            -1.3548655303466441
0.8040201005025125            -1.935746579069721
0.9195979899497502            -2.710188520379862
1.0351758793969843            -3.7387210457576576
1.150753768844222             -5.0999494199475555
1.266331658291456             -6.896125497338229
1.3819095477386938            -9.260657427728107
1.4974874371859315            -12.367894451337715
1.6130653266331656            -16.44555517199282
1.7286432160804033            -21.7907336324795
1.8442211055276374            -28.790892556875086
1.959798994974875             -37.95141073779851
2.075376884422109             -49.931579308256836
2.190954773869347             -65.59157109321364
2.3065326633165846            -86.0537219796765
2.4221105527638187            -112.78248969677064
2.5376884422110564            -147.68878639203672
2.6532663316582905            -193.26611760413056
2.768844221105528             -254.51638153549402
