-20.0                         0.29058795968959206
-19.884422110552762           0.2905883257939385
-19.768844221105528           0.29058791480757884
-19.65326633165829            0.2905874219258838
-19.537688442211056           0.2905878889550897
-19.42211055276382            0.2905879535164716
-19.306532663316585           0.29058791046909116
-19.190954773869347           0.290587879806241
-19.07537688442211            0.2905878468193013
-18.959798994974875           0.29058780424792036
-18.844221105527637           0.29058798746121633
-18.728643216080403           0.29058778716399164
-18.613065326633166           0.2905876763260559
-18.49748743718593            0.2905877292664071
-18.381909547738694           0.29058816053054803
-18.266331658291456           0.29058764388794966
-18.150753768844222           0.2905876954442421
-18.035175879396984           0.290587312966402
-17.91959798994975            0.29058761593203775
-17.804020100502512           0.29058763154930367
-17.688442211055275           0.2905876713037435
-17.57286432160804            0.2905876175463998
-17.457286432160803           0.29058744629701494
-17.34170854271357            0.29058755837665845
-17.22613065326633            0.290587635290542
-17.110552763819094           0.29058743082877064
-16.99497487437186            0.29058747649891925
-16.87939698492462            0.29058756417501985
-16.763819095477388           0.2905874838583669
-16.64824120603015            0.290587487253486
-16.532663316582916           0.2905873964336477
-16.417085427135678           0.29058744424406413
-16.301507537688444           0.29058742292292516
-16.185929648241206           0.29058736063402735
-16.07035175879397            0.2905873919058446
-15.954773869346734           0.2905871273424872
-15.839195979899497           0.29058729938703565
-15.72361809045226            0.2905872919803208
-15.608040201005025           0.29058717632113595
-15.492462311557789           0.2905872190186479
-15.376884422110553           0.29058711791243663
-15.261306532663315           0.2905872512095988
-15.145728643216081           0.290587188592464
-15.030150753768844           0.29058730848086245
-14.914572864321608           0.29058708834173996
-14.798994974874372           0.2905869827666156
-14.683417085427136           0.29058713688317184
-14.5678391959799             0.29058715666828505
-14.452261306532662           0.2905871293772103
-14.336683417085428           0.29058706938883
-14.22110552763819            0.29058698271249384
-14.105527638190955           0.29058707561521746
-13.989949748743719           0.2905866905111909
-13.874371859296481           0.2905869810794643
-13.758793969849247           0.29058742525620346
-13.64321608040201            0.2905870196950196
-13.527638190954773           0.2905869946100802
-13.412060301507537           0.29058699068875515
-13.296482412060302           0.29058713731611063
-13.180904522613066           0.2905869540360369
-13.065326633165828           0.29058671181828
-12.949748743718594           0.29058697281434537
-12.834170854271356           0.29058669492179867
-12.71859296482412            0.2905869994130411
-12.603015075376884           0.29058667584914866
-12.487437185929648           0.29058689284543315
-12.371859296482413           0.2905868847076839
-12.256281407035175           0.2905868914204164
-12.14070351758794            0.29058681371310696
-12.025125628140703           0.2905869565223893
-11.909547738693467           0.2905867408940176
-11.793969849246231           0.2905867348779977
-11.678391959798995           0.2905867754870567
-11.56281407035176            0.29058675943938705
-11.447236180904522           0.2905868167995849
-11.331658291457286           0.29058676411633017
-11.21608040201005            0.29058673501423776
-11.100502512562814           0.29058698724282395
-10.984924623115578           0.2905867318601245
-10.869346733668342           0.29058667146861367
-10.753768844221106           0.29058646132035737
-10.638190954773869           0.2905866759760517
-10.522613065326633           0.2905866603833328
-10.407035175879397           0.2905866484423206
-10.291457286432161           0.290586694725477
-10.175879396984925           0.2905866245812226
-10.06030150753769            0.2905865676210526
-9.944723618090451            0.29058659564388667
-9.829145728643216            0.29058664780026
-9.71356783919598             0.2905865853864427
-9.597989949748744            0.2905865576739192
-9.482412060301508            0.2905865627189685
-9.366834170854272            0.29058653953223446
-9.251256281407034            0.2905865340927688
-9.135678391959798            0.2905865309696742
-9.020100502512562            0.290586526751559
-8.904522613065327            0.2905865053701325
-8.78894472361809             0.2905863888551622
-8.673366834170855            0.2905868532488799
-8.557788944723619            0.29058644946391593
-8.442211055276381            0.2905868181738744
-8.326633165829145            0.2905863788613158
-8.21105527638191             0.29058649984403245
-8.095477386934673            0.290586412399567
-7.9798994974874375           0.29058641904120824
-7.864321608040202            0.29058640658898266
-7.748743718592964            0.2905863941414086
-7.633165829145728            0.2905863919250063
-7.517587939698492            0.29058636986139996
-7.402010050251256            0.29058637808503524
-7.28643216080402             0.29058638155311595
-7.170854271356784            0.2905863610709947
-7.055276381909547            0.290586267145973
-6.939698492462311            0.2905863325165109
-6.824120603015075            0.29058633375437387
-6.708542713567839            0.2905863590491505
-6.592964824120603            0.29058629371677286
-6.477386934673367            0.29058622951690294
-6.361809045226131            0.29058628584057694
-6.246231155778894            0.29058623267670314
-6.130653266331658            0.29058627900842554
-6.015075376884422            0.29058627321327113
-5.899497487437186            0.29058627243807156
-5.78391959798995             0.2905862538885503
-5.668341708542714            0.29058624722633497
-5.5527638190954764           0.2905862166603359
-5.4371859296482405           0.2905861396341277
-5.321608040201005            0.29058620058656237
-5.206030150753769            0.29058616880115856
-5.090452261306533            0.2905861382376215
-4.974874371859297            0.2905861597615363
-4.859296482412061            0.2905861620270556
-4.743718592964823            0.2905860175910334
-4.628140703517587            0.29058597016120197
-4.5125628140703515           0.29058581438552145
-4.396984924623116            0.29058566011131437
-4.28140703517588             0.29058544803217645
-4.165829145728644            0.29058513673462055
-4.050251256281406            0.29058472316541495
-3.934673366834172            0.29058409467031154
-3.8190954773869343           0.2905832305308623
-3.7035175879396967           0.29058199587497946
-3.5879396984924625           0.2905802600442567
-3.472361809045225            0.2905777965000157
-3.3567839195979907           0.2905743166060322
-3.241206030150753            0.2905693680711399
-3.125628140703519            0.29056235328601854
-3.0100502512562812           0.2905524203824573
-2.8944723618090435           0.29053830958130317
-2.7788944723618094           0.2905183188710919
-2.6633165829145717           0.2904900322862191
-2.5477386934673376           0.2904499500083217
-2.4321608040201              0.2903931335371307
-2.316582914572866            0.2903126668696362
-2.201005025125628            0.2901987452149233
-2.0854271356783904           0.2900375192755219
-1.9698492462311563           0.28980944874754627
-1.8542713567839186           0.2894870195669087
-1.7386934673366845           0.28903151153106443
-1.6231155778894468           0.2883884042664247
-1.5075376884422127           0.2874813371611118
-1.391959798994975            0.2862031166834044
-1.2763819095477373           0.28440392146505034
-1.1608040201005032           0.28187462605695374
-1.0452261306532655           0.2783239180436268
-0.9296482412060314           0.2733470658075247
-0.8140703517587937           0.2663830776311393
-0.698492462311556            0.25665637892199283
-0.5829145728643219           0.24309816349641344
-0.46733668341708423          0.22423942466852403
-0.3517587939698501           0.1980682042222657
-0.23618090452261245          0.1618390270403981
-0.12060301507537828          0.11182126440334202
-0.005025125628140596         0.042969736637384424
0.11055276381909708           -0.05150194043957018
0.22613065326633117           -0.18066981048515915
0.34170854271356893           -0.35659964832008656
0.457286432160803             -0.595239576032872
0.5728643216080407            -0.9175592844368099
0.6884422110552748            -1.351010134176952
0.8040201005025125            -1.9314044358561053
0.9195979899497502            -2.7053411314124265
1.0351758793969843            -3.7333533309728537
1.150753768844222             -5.094049180490043
1.266331658291456             -6.889682758707465
1.3819095477386938            -9.25366395568168
1.4974874371859315            -12.360343600712737
1.6130653266331656            -16.437441817805915
1.7286432160804033            -21.7820539462178
1.8442211055276374            -28.78164369794987
1.959798994974875             -37.94159058811562
2.075376884422109             -49.92118627874795
2.190954773869347             -65.58060398581475
2.3065326633165846            -86.04217988767394
2.4221105527638187            -112.77037193193426
2.5376884422110564            -147.67609243079602
2.6532663316582905            -193.25284704750086
2.768844221105528             -254.5025373143885
