-20.0                         0.3185025210186681
-19.884422110552762           0.3185029911625852
-19.768844221105528           0.31850247060947606
-19.65326633165829            0.31850186536506897
-19.537688442211056           0.31850244178787523
-19.42211055276382            0.3185025113641626
-19.306532663316585           0.31850250560150006
-19.190954773869347           0.31850231865333006
-19.07537688442211            0.31850243278371804
-18.959798994974875           0.31850235600456306
-18.844221105527637           0.318502727656361
-18.728643216080403           0.318502363271062
-18.613065326633166           0.31850223641404596
-18.49748743718593            0.31850228940674224
-18.381909547738694           0.31850298945556
-18.266331658291456           0.31850218593152907
-18.150753768844222           0.3185022529694706
-18.035175879396984           0.3185018277399775
-17.91959798994975            0.31850217331932246
-17.804020100502512           0.318502228058303
-17.688442211055275           0.31850229539222286
-17.57286432160804            0.3185021654214272
-17.457286432160803           0.3185019783127941
-17.34170854271357            0.3185021374091669
-17.22613065326633            0.318502257481859
-17.110552763819094           0.31850195338291226
-16.99497487437186            0.3185020425135671
-16.87939698492462            0.3185021558476263
-16.763819095477388           0.31850208637578925
-16.64824120603015            0.31850206790854496
-16.532663316582916           0.318501921775513
-16.417085427135678           0.31850199309528116
-16.301507537688444           0.31850194245260804
-16.185929648241206           0.31850192364189867
-16.07035175879397            0.3185019690245675
-15.954773869346734           0.31850156582188727
-15.839195979899497           0.3185018480297763
-15.72361809045226            0.318501847764176
-15.608040201005025           0.3185017475269151
-15.492462311557789           0.31850177144231995
-15.376884422110553           0.3185016078931972
-15.261306532663315           0.31850182352275075
-15.145728643216081           0.3185017410015939
-15.030150753768844           0.31850198276904645
-14.914572864321608           0.31850162223496326
-14.798994974874372           0.31850141737235615
-14.683417085427136           0.31850169859592997
-14.5678391959799             0.31850171379128683
-14.452261306532662           0.3185016832950851
-14.336683417085428           0.31850161917732267
-14.22110552763819            0.31850152809081744
-14.105527638190955           0.31850162208521776
-13.989949748743719           0.31850114582687905
-13.874371859296481           0.31850151484534706
-13.758793969849247           0.318502069528577
-13.64321608040201            0.31850157153041053
-13.527638190954773           0.3185014756392185
-13.412060301507537           0.318501545457844
-13.296482412060302           0.31850172411862143
-13.180904522613066           0.3185015156142964
-13.065326633165828           0.3185011977027669
-12.949748743718594           0.31850154538412206
-12.834170854271356           0.3185012061144283
-12.71859296482412            0.31850159212861745
-12.603015075376884           0.31850115203893625
-12.487437185929648           0.31850146570400584
-12.371859296482413           0.31850145142226977
-12.256281407035175           0.31850146731135875
-12.14070351758794            0.31850136948840096
-12.025125628140703           0.31850153398207504
-11.909547738693467           0.31850128038917025
-11.793969849246231           0.3185012429833164
-11.678391959798995           0.318501331026583
-11.56281407035176            0.31850131170376605
-11.447236180904522           0.31850140885250566
-11.331658291457286           0.3185013329504044
-11.21608040201005            0.3185012934074618
-11.100502512562814           0.3185016005465319
-10.984924623115578           0.31850130397887666
-10.869346733668342           0.31850122436316575
-10.753768844221106           0.3185009461417559
-10.638190954773869           0.3185012414633317
-10.522613065326633           0.3185012085464843
-10.407035175879397           0.3185012169643357
-10.291457286432161           0.31850133169351963
-10.175879396984925           0.3185011857667094
-10.06030150753769            0.3185011123490298
-9.944723618090451            0.3185011545587346
-9.829145728643216            0.318501190950063
-9.71356783919598             0.31850118936745214
-9.597989949748744            0.31850111589565977
-9.482412060301508            0.3185011217579949
-9.366834170854272            0.31850110656368835
-9.251256281407034            0.31850109670190485
-9.135678391959798            0.31850109404108273
-9.020100502512562            0.31850111061378217
-8.904522613065327            0.3185010292408744
-8.78894472361809             0.318500899851525
-8.673366834170855            0.3185015228538694
-8.557788944723619            0.3185010142183092
-8.442211055276381            0.3185014835551299
-8.326633165829145            0.3185008970772441
-8.21105527638191             0.31850105669667367
-8.095477386934673            0.3185009703376199
-7.9798994974874375           0.3185009816129429
-7.864321608040202            0.31850096543444373
-7.748743718592964            0.3185009475253512
-7.633165829145728            0.3185009573941953
-7.517587939698492            0.318500907867703
-7.402010050251256            0.3185009682585377
-7.28643216080402             0.31850094967282105
-7.170854271356784            0.3185009220396863
-7.055276381909547            0.31850078960095324
-6.939698492462311            0.31850089169505075
-6.824120603015075            0.3185008992863545
-6.708542713567839            0.3185009081964579
-6.592964824120603            0.31850085402228573
-6.477386934673367            0.3185007801993138
-6.361809045226131            0.3185008453526423
-6.246231155778894            0.31850078697363243
-6.130653266331658            0.31850084657273775
-6.015075376884422            0.31850084328629125
-5.899497487437186            0.3185008543184142
-5.78391959798995             0.3185008243691673
-5.668341708542714            0.31850082114555595
-5.5527638190954764           0.31850077868562177
-5.4371859296482405           0.3185006949792129
-5.321608040201005            0.31850078423283346
-5.206030150753769            0.31850076781005227
-5.090452261306533            0.3185007593266671
-4.974874371859297            0.31850082133651464
-4.859296482412061            0.3185008782430189
-4.743718592964823            0.3185007576373187
-4.628140703517587            0.31850079176458074
-4.5125628140703515           0.31850072278386826
-4.396984924623116            0.31850072001140023
-4.28140703517588             0.3185007184320696
-4.165829145728644            0.3185006984916693
-4.050251256281406            0.3185006968211505
-3.934673366834172            0.31850066314721925
-3.8190954773869343           0.31850063265740197
-3.7035175879396967           0.3185005672669998
-3.5879396984924625           0.3185004926703876
-3.472361809045225            0.3185003737964208
-3.3567839195979907           0.31850020733991025
-3.241206030150753            0.31849992287438034
-3.125628140703519            0.3184994926507589
-3.0100502512562812           0.31849883308563887
-2.8944723618090435           0.31849776927523976
-2.7788944723618094           0.31849611023076685
-2.6633165829145717           0.31849358930377974
-2.5477386934673376           0.3184896354813497
-2.4321608040201              0.3184834070403836
-2.316582914572866            0.3184736650916601
-2.201005025125628            0.31845843323132744
-2.0854271356783904           0.3184346171158583
-1.9698492462311563           0.3183973936940475
-1.8542713567839186           0.31833928329318995
-1.7386934673366845           0.3182486796529475
-1.6231155778894468           0.31810743540858427
-1.5075376884422127           0.31788767964963527
-1.391959798994975            0.31754611188717263
-1.2763819095477373           0.3170162195958591
-1.1608040201005032           0.3161959736990746
-1.0452261306532655           0.31492950610977827
-0.9296482412060314           0.31298011291772676
-0.8140703517587937           0.3099904567961144
-0.698492462311556            0.30542501133691125
-0.5829145728643219           0.29848861419960554
-0.46733668341708423          0.2880114573486891
-0.3517587939698501           0.27229229027224844
-0.23618090452261245          0.24888737439044037
-0.12060301507537828          0.2143333047105008
-0.005025125628140596         0.16379014257659735
0.11055276381909708           0.09059013117741084
0.22613065326633117           -0.014327150449553258
0.34170854271356893           -0.16311871246736867
0.457286432160803             -0.37192058727044364
0.5728643216080407            -0.661965044692881
0.6884422110552748            -1.0610119897499986
0.8040201005025125            -1.60519898178194
0.9195979899497502            -2.3414413981276243
1.0351758793969843            -3.330559012071089
1.150753768844222             -4.651399039310763
1.266331658291456             -6.406398295298959
1.3819095477386938            -8.729107413389817
1.4974874371859315            -11.794003275224116
1.6130653266331656            -15.828925033452018
1.7286432160804033            -21.131068709800907
1.8442211055276374            -28.087974206457606
1.959798994974875             -37.20507641697854
2.075376884422109             -49.141707351094595
2.190954773869347             -64.75806993068672
2.3065326633165846            -85.17652240305291
2.4221105527638187            -111.86153922731066
2.5376884422110564            -146.72404513755276
2.6532663316582905            -192.25755518297638
2.768844221105528             -253.46422073147392
