-20.0                         0.4843226478628348
-19.884422110552762           0.48432329491486253
-19.768844221105528           0.4843225802172733
-19.65326633165829            0.4843217895058317
-19.537688442211056           0.4843225396210607
-19.42211055276382            0.48432257260053985
-19.306532663316585           0.4843226930978467
-19.190954773869347           0.4843220734876374
-19.07537688442211            0.4843226082882426
-18.959798994974875           0.4843224443909278
-18.844221105527637           0.48432321664538497
-18.728643216080403           0.4843224835280776
-18.613065326633166           0.4843223817731887
-18.49748743718593            0.4843224008114629
-18.381909547738694           0.4843236462107514
-18.266331658291456           0.48432226282312973
-18.150753768844222           0.48432234327840107
-18.035175879396984           0.4843219703830577
-17.91959798994975            0.4843222835696862
-17.804020100502512           0.4843224443432463
-17.688442211055275           0.48432251364380713
-17.57286432160804            0.4843221898443461
-17.457286432160803           0.48432204351891456
-17.34170854271357            0.4843222748506362
-17.22613065326633            0.4843224375299379
-17.110552763819094           0.4843220006466886
-16.99497487437186            0.48432219953080663
-16.87939698492462            0.4843222491689105
-16.763819095477388           0.48432230765225487
-16.64824120603015            0.48432217636407654
-16.532663316582916           0.48432196085724005
-16.417085427135678           0.4843220668864952
-16.301507537688444           0.48432188286635824
-16.185929648241206           0.4843220358147008
-16.07035175879397            0.4843221254727345
-15.954773869346734           0.4843214297592604
-15.839195979899497           0.48432193576255095
-15.72361809045226            0.48432195284717006
-15.608040201005025           0.4843220011920518
-15.492462311557789           0.48432187372612057
-15.376884422110553           0.48432163346372076
-15.261306532663315           0.48432195839510583
-15.145728643216081           0.48432184751548674
-15.030150753768844           0.484322350400379
-14.914572864321608           0.48432168894619
-14.798994974874372           0.4843212864954792
-14.683417085427136           0.4843218233156837
-14.5678391959799             0.4843218050380884
-14.452261306532662           0.48432177027005474
-14.336683417085428           0.48432171251177675
-14.22110552763819            0.48432170443098604
-14.105527638190955           0.4843216956005574
-13.989949748743719           0.4843210745670776
-13.874371859296481           0.4843215763673487
-13.758793969849247           0.48432225561755105
-13.64321608040201            0.48432165292420803
-13.527638190954773           0.48432137731924324
-13.412060301507537           0.48432163993778304
-13.296482412060302           0.48432179594740044
-13.180904522613066           0.48432164568021596
-13.065326633165828           0.48432121592998234
-12.949748743718594           0.48432166246269454
-12.834170854271356           0.48432124136127475
-12.71859296482412            0.4843217511836242
-12.603015075376884           0.48432113761725193
-12.487437185929648           0.4843216028625463
-12.371859296482413           0.48432154760267965
-12.256281407035175           0.4843216158240583
-12.14070351758794            0.4843214738848714
-12.025125628140703           0.4843216003240235
-11.909547738693467           0.4843213550568015
-11.793969849246231           0.48432125315410884
-11.678391959798995           0.4843214347565687
-11.56281407035176            0.484321408158675
-11.447236180904522           0.4843215886332933
-11.331658291457286           0.4843214549993709
-11.21608040201005            0.4843213965715634
-11.100502512562814           0.4843217531839367
-10.984924623115578           0.48432143275898887
-10.869346733668342           0.48432132250605564
-10.753768844221106           0.4843209189295248
-10.638190954773869           0.4843213691651045
-10.522613065326633           0.48432128722065454
-10.407035175879397           0.484321359804836
-10.291457286432161           0.4843216346205629
-10.175879396984925           0.48432129579488936
-10.06030150753769            0.4843211951619822
-9.944723618090451            0.48432126384217344
-9.829145728643216            0.4843212160632049
-9.71356783919598             0.48432143127916727
-9.597989949748744            0.48432122740687716
-9.482412060301508            0.48432122646498815
-9.366834170854272            0.4843212438304597
-9.251256281407034            0.48432121328256106
-9.135678391959798            0.4843212020988194
-9.020100502512562            0.48432128116666384
-8.904522613065327            0.4843210377165153
-8.78894472361809             0.4843209141612833
-8.673366834170855            0.48432183435843296
-8.557788944723619            0.4843211413137969
-8.442211055276381            0.4843217873544803
-8.326633165829145            0.4843209228736556
-8.21105527638191             0.4843211181018061
-8.095477386934673            0.48432109979640936
-7.9798994974874375           0.4843211017511841
-7.864321608040202            0.4843210752579971
-7.748743718592964            0.48432104406729654
-7.633165829145728            0.4843210839068926
-7.517587939698492            0.4843209615129131
-7.402010050251256            0.4843211684997445
-7.28643216080402             0.48432107437821315
-7.170854271356784            0.48432103130189885
-7.055276381909547            0.48432083652334806
-6.939698492462311            0.48432100183930693
-6.824120603015075            0.4843210199859542
-6.708542713567839            0.48432098170976146
-6.592964824120603            0.48432097101174665
-6.477386934673367            0.4843208952586332
-6.361809045226131            0.48432095863699365
-6.246231155778894            0.48432088927964007
-6.130653266331658            0.48432096686152176
-6.015075376884422            0.484320968605594
-5.899497487437186            0.48432100215378315
-5.78391959798995             0.4843209360317146
-5.668341708542714            0.4843209361225189
-5.5527638190954764           0.4843208532419719
-5.4371859296482405           0.4843207566445071
-5.321608040201005            0.48432086521379497
-5.206030150753769            0.4843208666597521
-5.090452261306533            0.48432088186894595
-4.974874371859297            0.48432094050742064
-4.859296482412061            0.48432103893511397
-4.743718592964823            0.48432087957648895
-4.628140703517587            0.4843209311127416
-4.5125628140703515           0.484320829113394
-4.396984924623116            0.4843208418679881
-4.28140703517588             0.48432085166326266
-4.165829145728644            0.48432083338376797
-4.050251256281406            0.4843208203462089
-3.934673366834172            0.48432083617249827
-3.8190954773869343           0.4843208391629116
-3.7035175879396967           0.4843208051853101
-3.5879396984924625           0.48432080333848054
-3.472361809045225            0.4843207927413664
-3.3567839195979907           0.4843208039010271
-3.241206030150753            0.48432077137437063
-3.125628140703519            0.48432076644455346
-3.0100502512562812           0.4843207665481374
-2.8944723618090435           0.4843207403482629
-2.7788944723618094           0.4843206604163741
-2.6633165829145717           0.48432067537793067
-2.5477386934673376           0.4843206535817857
-2.4321608040201              0.48432056481815766
-2.316582914572866            0.4843204047328274
-2.201005025125628            0.4843201129953562
-2.0854271356783904           0.48431955082331524
-1.9698492462311563           0.484318479829569
-1.8542713567839186           0.48431648634016444
-1.7386934673366845           0.484312839996985
-1.6231155778894468           0.4843059523312193
-1.5075376884422127           0.4842932055506513
-1.391959798994975            0.4842693634620581
-1.2763819095477373           0.48422501861830486
-1.1608040201005032           0.4841427834552378
-1.0452261306532655           0.4839907378004869
-0.9296482412060314           0.48371085015881937
-0.8140703517587937           0.48319829451096336
-0.698492462311556            0.48226560487008363
-0.5829145728643219           0.4805828733664436
-0.46733668341708423          0.4775778635528975
-0.3517587939698501           0.47227948316832513
-0.23618090452261245          0.4630806151279592
-0.12060301507537828          0.44739939005696205
-0.005025125628140596         0.4212248023668638
0.11055276381909708           0.37854644301916474
0.22613065326633117           0.31067967862612866
0.34170854271356893           0.20549648720840943
0.457286432160803             0.046545890765420504
0.5728643216080407            -0.1879951376473853
0.6884422110552748            -0.5266464462394064
0.8040201005025125            -1.0063646074370682
0.9195979899497502            -1.6748544652261192
1.0351758793969843            -2.593635218143996
1.150753768844222             -3.842123832235244
1.266331658291456             -5.523182250613174
1.3819095477386938            -7.77067600656763
1.4974874371859315            -10.759350265649235
1.6130653266331656            -14.71728891416842
1.7286432160804033            -19.941890467146756
1.8442211055276374            -26.820845187048246
1.959798994974875             -35.85969542073606
2.075376884422109             -47.71785039411407
2.190954773869347             -63.255569272824296
2.3065326633165846            -83.59525174400366
2.4221105527638187            -110.20140307397114
2.5376884422110564            -144.9849710599872
2.6532663316582905            -190.43948811193835
2.768844221105528             -251.56756244001662
