-20.0                         1.2862687683012526
-19.884422110552762           1.2862699348045759
-19.768844221105528           1.2862686197888478
-19.65326633165829            1.2862675990207784
-19.537688442211056           1.2862687791753642
-19.42211055276382            1.2862684499606116
-19.306532663316585           1.2862687197593161
-19.190954773869347           1.2862671084839976
-19.07537688442211            1.2862689313106317
-18.959798994974875           1.2862685647814396
-18.844221105527637           1.286269807775244
-18.728643216080403           1.286268288370386
-18.613065326633166           1.2862688012345744
-18.49748743718593            1.286268428227505
-18.381909547738694           1.2862709575583728
-18.266331658291456           1.286268329882171
-18.150753768844222           1.2862683983217218
-18.035175879396984           1.2862688211459445
-17.91959798994975            1.2862683326422182
-17.804020100502512           1.286268898111836
-17.688442211055275           1.286268398749466
-17.57286432160804            1.286268050464714
-17.457286432160803           1.2862681132600307
-17.34170854271357            1.2862681804485636
-17.22613065326633            1.2862681456402612
-17.110552763819094           1.286268080535083
-16.99497487437186            1.286268571786168
-16.87939698492462            1.2862677946668215
-16.763819095477388           1.286268841704413
-16.64824120603015            1.2862679792187766
-16.532663316582916           1.2862683134579527
-16.417085427135678           1.2862680867387821
-16.301507537688444           1.2862674359054684
-16.185929648241206           1.2862681027302878
-16.07035175879397            1.286268410983829
-15.954773869346734           1.2862669158818403
-15.839195979899497           1.2862680250487337
-15.72361809045226            1.2862681980197515
-15.608040201005025           1.286269061638894
-15.492462311557789           1.2862680330886516
-15.376884422110553           1.2862681430353378
-15.261306532663315           1.286268103566563
-15.145728643216081           1.2862680549660428
-15.030150753768844           1.2862688886023084
-14.914572864321608           1.2862677547689063
-14.798994974874372           1.2862670071862974
-14.683417085427136           1.2862680541033156
-14.5678391959799             1.2862679966745771
-14.452261306532662           1.2862679574514424
-14.336683417085428           1.2862678322609795
-14.22110552763819            1.2862685342502658
-14.105527638190955           1.2862677863407401
-13.989949748743719           1.2862668284775047
-13.874371859296481           1.286267612281175
-13.758793969849247           1.286268257988266
-13.64321608040201            1.2862677206012223
-13.527638190954773           1.286266943084768
-13.412060301507537           1.2862677816081394
-13.296482412060302           1.2862674388913502
-13.180904522613066           1.2862679595143083
-13.065326633165828           1.2862674376524617
-12.949748743718594           1.2862677318286693
-12.834170854271356           1.286267270413405
-12.71859296482412            1.2862679468624951
-12.603015075376884           1.2862672260106192
-12.487437185929648           1.2862677716851398
-12.371859296482413           1.2862674915749874
-12.256281407035175           1.286267855441786
-12.14070351758794            1.2862676303422877
-12.025125628140703           1.2862673056810296
-11.909547738693467           1.2862674316186615
-11.793969849246231           1.2862674186805982
-11.678391959798995           1.2862676208272104
-11.56281407035176            1.2862675403920953
-11.447236180904522           1.286267960187935
-11.331658291457286           1.286267599237404
-11.21608040201005            1.2862675234410843
-11.100502512562814           1.286267783942948
-10.984924623115578           1.2862675892299904
-10.869346733668342           1.286267460390614
-10.753768844221106           1.286266743702924
-10.638190954773869           1.2862676358087377
-10.522613065326633           1.2862673561150009
-10.407035175879397           1.2862675933538676
-10.291457286432161           1.2862684012744223
-10.175879396984925           1.2862674219761359
-10.06030150753769            1.2862672864151286
-9.944723618090451            1.2862674559913831
-9.829145728643216            1.2862669994630287
-9.71356783919598             1.2862679621236772
-9.597989949748744            1.2862674347543048
-9.482412060301508            1.2862673885956617
-9.366834170854272            1.2862675025389037
-9.251256281407034            1.2862673946866257
-9.135678391959798            1.2862673133350944
-9.020100502512562            1.2862674854089748
-8.904522613065327            1.2862668864929316
-8.78894472361809             1.2862668183861947
-8.673366834170855            1.2862684927789847
-8.557788944723619            1.286267370959701
-8.442211055276381            1.2862684266849345
-8.326633165829145            1.2862668498108412
-8.21105527638191             1.2862670006477914
-8.095477386934673            1.2862674457430598
-7.9798994974874375           1.286267288646917
-7.864321608040202            1.286267248310536
-7.748743718592964            1.286267162150521
-7.633165829145728            1.286267309037503
-7.517587939698492            1.28626703053336
-7.402010050251256            1.2862675817753502
-7.28643216080402             1.2862672524248029
-7.170854271356784            1.2862671822119147
-7.055276381909547            1.28626691679005
-6.939698492462311            1.2862671825153935
-6.824120603015075            1.286267194520546
-6.708542713567839            1.2862670013214983
-6.592964824120603            1.2862671797944376
-6.477386934673367            1.2862671887960293
-6.361809045226131            1.2862671738048324
-6.246231155778894            1.2862670483867962
-6.130653266331658            1.2862671251672615
-6.015075376884422            1.2862671179090472
-5.899497487437186            1.286267176392149
-5.78391959798995             1.2862670718979035
-5.668341708542714            1.286267103140715
-5.5527638190954764           1.2862669463140728
-5.4371859296482405           1.286266792457355
-5.321608040201005            1.2862669253590575
-5.206030150753769            1.2862670359239088
-5.090452261306533            1.2862671504007874
-4.974874371859297            1.2862670050643277
-4.859296482412061            1.2862672358961833
-4.743718592964823            1.2862670360837114
-4.628140703517587            1.2862671547220463
-4.5125628140703515           1.2862669966521383
-4.396984924623116            1.286266995846734
-4.28140703517588             1.2862670204369815
-4.165829145728644            1.2862670031204582
-4.050251256281406            1.2862668766889416
-3.934673366834172            1.2862670255923259
-3.8190954773869343           1.2862670470438244
-3.7035175879396967           1.28626697905831
-3.5879396984924625           1.2862670011355235
-3.472361809045225            1.2862669860425406
-3.3567839195979907           1.2862670011530501
-3.241206030150753            1.2862669609869184
-3.125628140703519            1.2862669362222792
-3.0100502512562812           1.2862669377076443
-2.8944723618090435           1.2862669990803848
-2.7788944723618094           1.2862668125448844
-2.6633165829145717           1.2862669389742343
-2.5477386934673376           1.2862669258807553
-2.4321608040201              1.2862669182117286
-2.316582914572866            1.2862669248499425
-2.201005025125628            1.2862669370988036
-2.0854271356783904           1.2862669236834754
-1.9698492462311563           1.286266883755695
-1.8542713567839186           1.286266821526892
-1.7386934673366845           1.2862668483582784
-1.6231155778894468           1.2862667977216526
-1.5075376884422127           1.2862668763946241
-1.391959798994975            1.2862668285896968
-1.2763819095477373           1.2862668118400709
-1.1608040201005032           1.2862667125393275
-1.0452261306532655           1.286266373612614
-0.9296482412060314           1.2862654061555283
-0.8140703517587937           1.2862627881616693
-0.698492462311556            1.2862548295717302
-0.5829145728643219           1.2862327005437448
-0.46733668341708423          1.2861709129676828
-0.3517587939698501           1.2860013525302905
-0.23618090452261245          1.2855463259838964
-0.12060301507537828          1.2843604672734592
-0.005025125628140596         1.281385597915201
0.11055276381909708           1.2742733554755576
0.22613065326633117           1.258235301365756
0.34170854271356893           1.2244239578509042
0.457286432160803             1.158126765320269
0.5728643216080407            1.0372182431092758
0.6884422110552748            0.8310637183806171
0.8040201005025125            0.499540898543285
0.9195979899497502            -0.008445254364301494
1.0351758793969843            -0.7574606759240204
1.150753768844222             -1.8293500776594789
1.266331658291456             -3.3287198908891305
1.3819095477386938            -5.3906396917518355
1.4974874371859315            -8.190783937521603
1.6130653266331656            -11.958025180842004
1.7286432160804033            -16.990384639213396
1.8442211055276374            -23.675996268799373
1.959798994974875             -32.52070775770308
2.075376884422109             -44.18414107003215
2.190954773869347             -59.526706647061495
2.3065326633165846            -79.6709135858087
2.4221105527638187            -106.08134733511886
2.5376884422110564            -140.66901506138657
2.6532663316582905            -185.92749348670685
2.768844221105528             -246.86052726413723
