-20.0                         0.40175377066215723
-19.884422110552762           0.40175434697576234
-19.768844221105528           0.40175371143536215
-19.65326633165829            0.4017529929996286
-19.537688442211056           0.4017536754767435
-19.42211055276382            0.4017537306132926
-19.306532663316585           0.4017537934506569
-19.190954773869347           0.40175336651913146
-19.07537688442211            0.4017537107184405
-18.959798994974875           0.4017535851527575
-18.844221105527637           0.4017541929484022
-18.728643216080403           0.40175361676631566
-18.613065326633166           0.4017534933172782
-18.49748743718593            0.401753532286446
-18.381909547738694           0.40175455054110026
-18.266331658291456           0.40175340784571567
-18.150753768844222           0.4017534849359124
-18.035175879396984           0.4017530702209826
-17.91959798994975            0.4017534148169023
-17.804020100502512           0.40175352727043995
-17.688442211055275           0.40175360730170256
-17.57286432160804            0.4017533660424017
-17.457286432160803           0.401753192338182
-17.34170854271357            0.4017533989434178
-17.22613065326633            0.4017535521678201
-17.110552763819094           0.4017531561169133
-16.99497487437186            0.4017533054474064
-16.87939698492462            0.4017534026640865
-16.763819095477388           0.40175338893933354
-16.64824120603015            0.40175331723716595
-16.532663316582916           0.4017531190897822
-16.417085427135678           0.40175321506410683
-16.301507537688444           0.40175309724937
-16.185929648241206           0.4017531679296031
-16.07035175879397            0.4017532355053366
-15.954773869346734           0.40175266451608393
-15.839195979899497           0.4017530764887573
-15.72361809045226            0.40175308542185345
-15.608040201005025           0.40175305373362935
-15.492462311557789           0.40175300744196313
-15.376884422110553           0.4017527884352535
-15.261306532663315           0.4017530801525531
-15.145728643216081           0.4017529785227549
-15.030150753768844           0.40175337368043323
-14.914572864321608           0.4017528374156936
-14.798994974874372           0.40175251530369327
-14.683417085427136           0.4017529470444326
-14.5678391959799             0.40175294547862095
-14.452261306532662           0.40175291228485394
-14.336683417085428           0.4017528505152237
-14.22110552763819            0.4017527924859852
-14.105527638190955           0.4017528430758278
-13.989949748743719           0.4017522785378304
-13.874371859296481           0.4017527276053012
-13.758793969849247           0.40175336795285715
-13.64321608040201            0.4017527979358293
-13.527638190954773           0.4017526011212809
-13.412060301507537           0.4017527782580861
-13.296482412060302           0.40175295739914263
-13.180904522613066           0.40175276566745677
-13.065326633165828           0.4017523770964467
-12.949748743718594           0.4017527939484483
-12.834170854271356           0.40175240128066436
-12.71859296482412            0.4017528646513464
-12.603015075376884           0.4017523141157027
-12.487437185929648           0.4017527232816971
-12.371859296482413           0.4017526900844628
-12.256281407035175           0.4017527300389967
-12.14070351758794            0.4017526073116545
-12.025125628140703           0.4017527618332521
-11.909547738693467           0.4017525005882871
-11.793969849246231           0.401752423353484
-11.678391959798995           0.40175256814154675
-11.56281407035176            0.4017525448565132
-11.447236180904522           0.4017526899719593
-11.331658291457286           0.4017525824644172
-11.21608040201005            0.401752531347642
-11.100502512562814           0.40175287545943517
-10.984924623115578           0.401752557463272
-10.869346733668342           0.4017524585820086
-10.753768844221106           0.40175210625353175
-10.638190954773869           0.4017524918323081
-10.522613065326633           0.4017524324939611
-10.407035175879397           0.4017524752522332
-10.291457286432161           0.4017526802685806
-10.175879396984925           0.40175242776228176
-10.06030150753769            0.40175233755803474
-9.944723618090451            0.40175239526235706
-9.829145728643216            0.40175238978786537
-9.71356783919598             0.40175250223707776
-9.597989949748744            0.4017523572354988
-9.482412060301508            0.40175236030214495
-9.366834170854272            0.40175236203961817
-9.251256281407034            0.4017523417875305
-9.135678391959798            0.40175233587247694
-9.020100502512562            0.4017523865996514
-8.904522613065327            0.40175221486025997
-8.78894472361809             0.40175208536014173
-8.673366834170855            0.4017528832486771
-8.557788944723619            0.40175226457355845
-8.442211055276381            0.4017528393921784
-8.326633165829145            0.40175208959625747
-8.21105527638191             0.40175227576375006
-8.095477386934673            0.40175221882251927
-7.9798994974874375           0.40175222815283707
-7.864321608040202            0.40175220631809117
-7.748743718592964            0.4017521811196628
-7.633165829145728            0.40175220756447655
-7.517587939698492            0.40175211736463534
-7.402010050251256            0.4017522585565471
-7.28643216080402             0.40175219990993677
-7.170854271356784            0.40175216331769603
-7.055276381909547            0.4017519921034097
-6.939698492462311            0.401752132754528
-6.824120603015075            0.40175214701604633
-6.708542713567839            0.40175212998942383
-6.592964824120603            0.4017520984061831
-6.477386934673367            0.401752020843843
-6.361809045226131            0.40175208743526464
-6.246231155778894            0.40175202298817847
-6.130653266331658            0.40175209416129304
-6.015075376884422            0.401752093581707
-5.899497487437186            0.401752117877452
-5.78391959798995             0.4017520675164566
-5.668341708542714            0.4017520656397174
-5.5527638190954764           0.4017520003186162
-5.4371859296482405           0.4017519078836288
-5.321608040201005            0.4017520108641812
-5.206030150753769            0.4017520029586458
-5.090452261306533            0.4017520059276771
-4.974874371859297            0.401752071832322
-4.859296482412061            0.4017521522275181
-4.743718592964823            0.4017520070795708
-4.628140703517587            0.40175205167591155
-4.5125628140703515           0.40175196429913757
-4.396984924623116            0.4017519718174241
-4.28140703517588             0.40175197866204254
-4.165829145728644            0.4017519626929459
-4.050251256281406            0.4017519611277255
-3.934673366834172            0.4017519610985567
-3.8190954773869343           0.40175196128262247
-3.7035175879396967           0.4017519318382635
-3.5879396984924625           0.4017519265829448
-3.472361809045225            0.40175191332010274
-3.3567839195979907           0.4017519163809152
-3.241206030150753            0.40175188179089993
-3.125628140703519            0.4017518586456668
-3.0100502512562812           0.40175183015371374
-2.8944723618090435           0.40175175063611746
-2.7788944723618094           0.40175160156240425
-2.6633165829145717           0.4017514646348707
-2.5477386934673376           0.4017511982686175
-2.4321608040201              0.40175068771548095
-2.316582914572866            0.4017498032302942
-2.201005025125628            0.4017482697886293
-2.0854271356783904           0.401745590465882
-1.9698492462311563           0.4017409121022332
-1.8542713567839186           0.4017327865388384
-1.7386934673366845           0.40171873872086067
-1.6231155778894468           0.4016942976514575
-1.5075376884422127           0.40165204164446566
-1.391959798994975            0.4015788697449983
-1.2763819095477373           0.4014525287580951
-1.1608040201005032           0.4012349748917414
-1.0452261306532655           0.4008614870521355
-0.9296482412060314           0.4002228471150774
-0.8140703517587937           0.3991360460880906
-0.698492462311556            0.3972973953282912
-0.5829145728643219           0.394209803206462
-0.46733668341708423          0.3890706128349693
-0.3517587939698501           0.3806075439980721
-0.23618090452261245          0.3668454783017304
-0.12060301507537828          0.3447900958567907
-0.005025125628140596         0.310017703402935
0.11055276381909708           0.2561660729923653
0.22613065326633117           0.17432197731879207
0.34170854271356893           0.05229441330839855
0.457286432160803             -0.1262584934428156
0.5728643216080407            -0.3829089574756078
0.6884422110552748            -0.7458375478684335
0.8040201005025125            -1.2516294704955695
0.9195979899497502            -1.9476311669488875
1.0351758793969843            -2.895045936168475
1.150753768844222             -4.173035155499858
1.266331658291456             -5.884271491115142
1.3819095477386938            -8.16248204130852
1.4974874371859315            -11.182296008692521
1.6130653266331656            -15.171692769837271
1.7286432160804033            -20.427985047281005
1.8442211055276374            -27.338799835791182
1.959798994974875             -36.40963455024076
2.075376884422109             -48.29986629362443
2.190954773869347             -63.86973092722523
2.3065326633165846            -84.24161102112095
2.4221105527638187            -110.87999914706867
2.5376884422110564            -145.695833616466
2.6532663316582905            -191.1826397089959
2.768844221105528             -252.34283882192616
