-20.0                         0.5094204292334725
-19.884422110552762           0.5094210951040706
-19.768844221105528           0.5094203589711132
-19.65326633165829            0.5094195499477776
-19.537688442211056           0.5094203176174312
-19.42211055276382            0.5094203429898301
-19.306532663316585           0.509420479372912
-19.190954773869347           0.5094198062947518
-19.07537688442211            0.5094203953030157
-18.959798994974875           0.5094202208032164
-18.844221105527637           0.5094210354838289
-18.728643216080403           0.5094202598481368
-18.613065326633166           0.509420167234767
-18.49748743718593            0.5094201792727868
-18.381909547738694           0.50942148575074
-18.266331658291456           0.5094200380496494
-18.150753768844222           0.5094201189898867
-18.035175879396984           0.5094197619791017
-17.91959798994975            0.5094200622778827
-17.804020100502512           0.5094202370741734
-17.688442211055275           0.5094203000172615
-17.57286432160804            0.5094199548258267
-17.457286432160803           0.509419817955101
-17.34170854271357            0.5094200541429474
-17.22613065326633            0.5094202171936849
-17.110552763819094           0.509419773584413
-16.99497487437186            0.509419986696156
-16.87939698492462            0.509420018071712
-16.763819095477388           0.5094201009253367
-16.64824120603015            0.5094199502159518
-16.532663316582916           0.5094197339718776
-16.417085427135678           0.5094198409300245
-16.301507537688444           0.5094196369619126
-16.185929648241206           0.5094198139234579
-16.07035175879397            0.5094199105842837
-15.954773869346734           0.5094191804856383
-15.839195979899497           0.5094197121164991
-15.72361809045226            0.5094197317767403
-15.608040201005025           0.5094198058156519
-15.492462311557789           0.5094196521929
-15.376884422110553           0.5094194093778243
-15.261306532663315           0.5094197395540141
-15.145728643216081           0.5094196269886179
-15.030150753768844           0.5094201578331752
-14.914572864321608           0.5094194634199479
-14.798994974874372           0.5094190400489144
-14.683417085427136           0.5094196046215627
-14.5678391959799             0.5094195815046412
-14.452261306532662           0.5094195463362425
-14.336683417085428           0.5094194896846955
-14.22110552763819            0.5094194988610378
-14.105527638190955           0.509419470119195
-13.989949748743719           0.5094188343840914
-13.874371859296481           0.5094193499687886
-13.758793969849247           0.5094200369786405
-13.64321608040201            0.5094194278446996
-13.527638190954773           0.5094191303773616
-13.412060301507537           0.5094194169770352
-13.296482412060302           0.5094195634911295
-13.180904522613066           0.5094194284750213
-13.065326633165828           0.5094189887945362
-12.949748743718594           0.5094194406032063
-12.834170854271356           0.5094190130709781
-12.71859296482412            0.5094195343475505
-12.603015075376884           0.5094189059733994
-12.487437185929648           0.5094193845233943
-12.371859296482413           0.5094193220894518
-12.256281407035175           0.509419399604597
-12.14070351758794            0.5094192523130215
-12.025125628140703           0.5094193684038598
-11.909547738693467           0.5094191302511658
-11.793969849246231           0.5094190227554164
-11.678391959798995           0.5094192133507329
-11.56281407035176            0.5094191857253508
-11.447236180904522           0.5094193759199278
-11.331658291457286           0.5094192346850965
-11.21608040201005            0.5094191744570619
-11.100502512562814           0.5094195327327086
-10.984924623115578           0.5094192131663543
-10.869346733668342           0.5094191002130523
-10.753768844221106           0.5094186829192325
-10.638190954773869           0.5094191508458741
-10.522613065326633           0.5094190622625767
-10.407035175879397           0.5094191434434656
-10.291457286432161           0.5094194378256012
-10.175879396984925           0.5094190743706214
-10.06030150753769            0.509418971155326
-9.944723618090451            0.5094190428553502
-9.829145728643216            0.5094189821244274
-9.71356783919598             0.5094192274614637
-9.597989949748744            0.5094190070192801
-9.482412060301508            0.5094190047457805
-9.366834170854272            0.5094190266767291
-9.251256281407034            0.5094189930096653
-9.135678391959798            0.5094189799623133
-9.020100502512562            0.509419066923027
-8.904522613065327            0.5094188036788534
-8.78894472361809             0.509418682293805
-8.673366834170855            0.5094196353966811
-8.557788944723619            0.5094189226472609
-8.442211055276381            0.5094195875500892
-8.326633165829145            0.5094186921611641
-8.21105527638191             0.5094188886385344
-8.095477386934673            0.5094188831547612
-7.9798994974874375           0.5094188821804577
-7.864321608040202            0.5094188543806858
-7.748743718592964            0.5094188214374624
-7.633165829145728            0.5094188651199247
-7.517587939698492            0.5094187338335997
-7.402010050251256            0.5094189592262567
-7.28643216080402             0.5094188548020625
-7.170854271356784            0.5094188099979343
-7.055276381909547            0.5094186094392316
-6.939698492462311            0.5094187810120032
-6.824120603015075            0.50941880003689
-6.708542713567839            0.509418755729168
-6.592964824120603            0.5094187512544203
-6.477386934673367            0.5094186765961705
-6.361809045226131            0.5094187385795906
-6.246231155778894            0.509418667748168
-6.130653266331658            0.5094187467822389
-6.015075376884422            0.5094187491492109
-5.899497487437186            0.5094187850708226
-5.78391959798995             0.5094187147301746
-5.668341708542714            0.5094187155192463
-5.5527638190954764           0.5094186278636852
-5.4371859296482405           0.5094185302450067
-5.321608040201005            0.5094186398956675
-5.206030150753769            0.5094186443322227
-5.090452261306533            0.5094186633811968
-4.974874371859297            0.5094187186149344
-4.859296482412061            0.5094188221530728
-4.743718592964823            0.5094186594369999
-4.628140703517587            0.5094187129555354
-4.5125628140703515           0.5094186070543647
-4.396984924623116            0.5094186210850692
-4.28140703517588             0.5094186316816842
-4.165829145728644            0.5094186127812308
-4.050251256281406            0.5094185961575545
-3.934673366834172            0.5094186166896467
-3.8190954773869343           0.5094186203273493
-3.7035175879396967           0.5094185848752175
-3.5879396984924625           0.5094185836501193
-3.472361809045225            0.509418573065275
-3.3567839195979907           0.5094185852244618
-3.241206030150753            0.5094185512157069
-3.125628140703519            0.5094185476275989
-3.0100502512562812           0.5094185495080833
-2.8944723618090435           0.5094185280728017
-2.7788944723618094           0.5094184495416861
-2.6633165829145717           0.509418477036238
-2.5477386934673376           0.5094184726084537
-2.4321608040201              0.5094184163350722
-2.316582914572866            0.5094183155133671
-2.201005025125628            0.5094181315097994
-2.0854271356783904           0.5094177627540012
-1.9698492462311563           0.5094170403274142
-1.8542713567839186           0.5094156737339802
-1.7386934673366845           0.5094131537177762
-1.6231155778894468           0.5094082749890799
-1.5075376884422127           0.5093990985735317
-1.391959798994975            0.5093815603916049
-1.2763819095477373           0.5093482847075597
-1.1608040201005032           0.5092853383576633
-1.0452261306532655           0.5091666128719333
-0.9296482412060314           0.5089436871126091
-0.8140703517587937           0.5085273003962162
-0.698492462311556            0.5077545324229679
-0.5829145728643219           0.5063329643158693
-0.46733668341708423          0.5037452384382843
-0.3517587939698501           0.49909647754627684
-0.23618090452261245          0.4908785123461395
-0.12060301507537828          0.476627333720756
-0.005025125628140596         0.45245746663227615
0.11055276381909708           0.41247327150448526
0.22613065326633117           0.34807281989949496
0.34170854271356893           0.24716201386267148
0.457286432160803             0.09326965391052927
0.5728643216080407            -0.13549396308510764
0.6884422110552748            -0.4677452949884022
0.8040201005025125            -0.9405490903861929
0.9195979899497502            -1.6017151439460013
1.0351758793969843            -2.5128549189174207
1.150753768844222             -3.753459641523796
1.266331658291456             -5.426445899625905
1.3819095477386938            -7.665718758338699
1.4974874371859315            -10.64605601151821
1.6130653266331656            -14.595570639273282
1.7286432160804033            -19.811684874806243
1.8442211055276374            -26.682106365599825
1.959798994974875             -35.71238973708624
2.075376884422109             -47.56195295365485
2.190954773869347             -63.09106149808415
2.3065326633165846            -83.42211968475112
2.4221105527638187            -110.01963620442646
2.5376884422110564            -144.79456140907476
2.6532663316582905            -190.2404296264505
2.768844221105528             -251.3598991234337
