-20.0                         0.30998528645937
-19.884422110552762           0.3099855759722221
-19.768844221105528           0.30998524444066855
-19.65326633165829            0.30998483568875557
-19.537688442211056           0.3099852179145325
-19.42211055276382            0.3099852694508421
-19.306532663316585           0.3099852170688266
-19.190954773869347           0.30998524938000666
-19.07537688442211            0.3099851581007878
-18.959798994974875           0.3099851318741366
-18.844221105527637           0.3099852138642316
-18.728643216080403           0.30998510195989065
-18.613065326633166           0.3099850084603235
-18.49748743718593            0.30998505453619696
-18.381909547738694           0.309985321656512
-18.266331658291456           0.3099849805800635
-18.150753768844222           0.30998501785768273
-18.035175879396984           0.30998469347796975
-17.91959798994975            0.3099849439054835
-17.804020100502512           0.30998494076920924
-17.688442211055275           0.3099849597804729
-17.57286432160804            0.30998493867158894
-17.457286432160803           0.3099847919194737
-17.34170854271357            0.3099848729863368
-17.22613065326633            0.30998491856241556
-17.110552763819094           0.3099847802959241
-16.99497487437186            0.3099848018419521
-16.87939698492462            0.3099848600298435
-16.763819095477388           0.30998478725130785
-16.64824120603015            0.3099847950940329
-16.532663316582916           0.30998473718689923
-16.417085427135678           0.30998477105028727
-16.301507537688444           0.3099847543796391
-16.185929648241206           0.3099846841892818
-16.07035175879397            0.30998470673771494
-15.954773869346734           0.3099845279550691
-15.839195979899497           0.3099846309593556
-15.72361809045226            0.3099846190946709
-15.608040201005025           0.30998451496547796
-15.492462311557789           0.3099845502652095
-15.376884422110553           0.30998448992455746
-15.261306532663315           0.30998456899119703
-15.145728643216081           0.3099845198232393
-15.030150753768844           0.3099845740436636
-14.914572864321608           0.3099844320732759
-14.798994974874372           0.30998438356139907
-14.683417085427136           0.3099844626803459
-14.5678391959799             0.3099844793613277
-14.452261306532662           0.3099844547628022
-14.336683417085428           0.3099844014291688
-14.22110552763819            0.30998433140439835
-14.105527638190955           0.3099844054478351
-13.989949748743719           0.3099840908694494
-13.874371859296481           0.30998432329315284
-13.758793969849247           0.30998467366214244
-13.64321608040201            0.30998434652501256
-13.527638190954773           0.3099843532648212
-13.412060301507537           0.30998431672204074
-13.296482412060302           0.30998442769976764
-13.180904522613066           0.3099842794175462
-13.065326633165828           0.309984094396326
-12.949748743718594           0.30998428632589053
-12.834170854271356           0.30998405749339686
-12.71859296482412            0.3099842996430436
-12.603015075376884           0.3099840608571023
-12.487437185929648           0.30998421020308753
-12.371859296482413           0.3099842021218631
-12.256281407035175           0.3099842061535352
-12.14070351758794            0.3099841415515699
-12.025125628140703           0.309984254744306
-11.909547738693467           0.30998408000109373
-11.793969849246231           0.30998408798546334
-11.678391959798995           0.30998410263211656
-11.56281407035176            0.30998408860031845
-11.447236180904522           0.30998412157496696
-11.331658291457286           0.3099840822081453
-11.21608040201005            0.3099840594391567
-11.100502512562814           0.3099842618037413
-10.984924623115578           0.30998404806489943
-10.869346733668342           0.3099840009203161
-10.753768844221106           0.30998383793675316
-10.638190954773869           0.30998399750112837
-10.522613065326633           0.3099839895754387
-10.407035175879397           0.3099839700748386
-10.291457286432161           0.30998397981162923
-10.175879396984925           0.3099839479908693
-10.06030150753769            0.30998390259978487
-9.944723618090451            0.30998392079259335
-9.829145728643216            0.30998397071948874
-9.71356783919598             0.309983892626509
-9.597989949748744            0.3099838837005831
-9.482412060301508            0.3099838863254351
-9.366834170854272            0.30998386205047396
-9.251256281407034            0.3099838569720111
-9.135678391959798            0.30998385236104625
-9.020100502512562            0.309983840245604
-8.904522613065327            0.3099838438224756
-8.78894472361809             0.30998374481907254
-8.673366834170855            0.30998410015301725
-8.557788944723619            0.30998377230279134
-8.442211055276381            0.3099840678498574
-8.326633165829145            0.3099837287356651
-8.21105527638191             0.3099838160574277
-8.095477386934673            0.30998373966565057
-7.9798994974874375           0.3099837409511296
-7.864321608040202            0.3099837297368742
-7.748743718592964            0.3099837197155868
-7.633165829145728            0.3099837103213863
-7.517587939698492            0.30998369920707913
-7.402010050251256            0.3099836845011493
-7.28643216080402             0.3099836923203981
-7.170854271356784            0.3099836733763923
-7.055276381909547            0.30998360257741475
-6.939698492462311            0.30998363891125424
-6.824120603015075            0.30998363024138725
-6.708542713567839            0.30998365319025634
-6.592964824120603            0.3099835766259006
-6.477386934673367            0.3099835087899639
-6.361809045226131            0.3099835365699739
-6.246231155778894            0.30998346425430795
-6.130653266331658            0.30998346905479923
-6.015075376884422            0.3099834205839836
-5.899497487437186            0.30998335901523516
-5.78391959798995             0.3099832728304393
-5.668341708542714            0.3099831691222915
-5.5527638190954764           0.3099830187898697
-5.4371859296482405           0.3099827855675443
-5.321608040201005            0.3099826072114316
-5.206030150753769            0.30998228301943637
-5.090452261306533            0.3099818660603384
-4.974874371859297            0.30998136427296663
-4.859296482412061            0.3099806842532164
-4.743718592964823            0.3099796774003116
-4.628140703517587            0.3099784606074165
-4.5125628140703515           0.3099767843611176
-4.396984924623116            0.30997461413411526
-4.28140703517588             0.3099717516807886
-4.165829145728644            0.30996796003472454
-4.050251256281406            0.30996297101610204
-3.934673366834172            0.30995633545472634
-3.8190954773869343           0.3099475869749072
-3.7035175879396967           0.3099360165786347
-3.5879396984924625           0.3099207294377143
-3.472361809045225            0.30990051913088973
-3.3567839195979907           0.3098738137437096
-3.241206030150753            0.3098385058828035
-3.125628140703519            0.3097918369995406
-3.0100502512562812           0.3097301708278476
-2.8944723618090435           0.30964865597001234
-2.7788944723618094           0.30954095938784626
-2.6633165829145717           0.30939870611384074
-2.5477386934673376           0.30921079485607206
-2.4321608040201              0.3089625827204449
-2.316582914572866            0.3086348127194625
-2.201005025125628            0.3082020727676194
-2.0854271356783904           0.3076308700623392
-1.9698492462311563           0.30687707797790426
-1.8542713567839186           0.30588260237371084
-1.7386934673366845           0.30457096081926494
-1.6231155778894468           0.30284142443182954
-1.5075376884422127           0.30056154971975674
-1.391959798994975            0.2975568832216083
-1.2763819095477373           0.29359786342346705
-1.1608040201005032           0.2883821685591565
-1.0452261306532655           0.2815113183546437
-0.9296482412060314           0.2724596053566831
-0.8140703517587937           0.26053242286156275
-0.698492462311556            0.24481034964975523
-0.5829145728643219           0.2240743547728234
-0.46733668341708423          0.19670443285203532
-0.3517587939698501           0.16054400898445317
-0.23618090452261245          0.11271799909543305
-0.12060301507537828          0.04939065958577205
-0.005025125628140596         -0.034554375638706135
0.11055276381909708           -0.14593266307091793
0.22613065326633117           -0.2938021432741091
0.34170854271356893           -0.49016213413312903
0.457286432160803             -0.7508497915864137
0.5728643216080407            -1.0966877997666797
0.6884422110552748            -1.5549562181117074
0.8040201005025125            -2.1612847582356745
0.9195979899497502            -2.9620911556760956
1.0351758793969843            -4.017740813451071
1.150753768844222             -5.406699451633191
1.266331658291456             -7.231110418458074
1.3819095477386938            -9.624296015777903
1.4974874371859315            -12.760526014438621
1.6130653266331656            -16.867442299652513
1.7286432160804033            -22.242073109557392
1.8442211055276374            -29.271830781926035
1.959798994974875             -38.46205710332298
2.075376884422109             -50.47201601637565
2.190954773869347             -66.16186019551657
2.3065326633165846            -86.6539104817549
2.4221105527638187            -113.41261330318675
2.5376884422110564            -148.34887227986323
2.6532663316582905            -193.95618649220788
2.768844221105528             -255.23628103298145
