-20.0                         1.4247764784359762
-19.884422110552762           1.4247777438427605
-19.768844221105528           1.4247763214545648
-19.65326633165829            1.4247753053386132
-19.537688442211056           1.4247765623482558
-19.42211055276382            1.4247761496901743
-19.306532663316585           1.424776384086673
-19.190954773869347           1.4247747094688397
-19.07537688442211            1.4247766888336533
-18.959798994974875           1.4247763065775754
-18.844221105527637           1.4247775123934818
-18.728643216080403           1.4247759461617984
-18.613065326633166           1.424776596897138
-18.49748743718593            1.4247761314642657
-18.381909547738694           1.424778803412915
-18.266331658291456           1.4247760613489544
-18.150753768844222           1.4247761256998974
-18.035175879396984           1.4247767182875848
-17.91959798994975            1.4247760392895386
-17.804020100502512           1.4247766662954215
-17.688442211055275           1.4247760318037215
-17.57286432160804            1.4247757931422833
-17.457286432160803           1.424775846853859
-17.34170854271357            1.4247758514275763
-17.22613065326633            1.4247757640251375
-17.110552763819094           1.424775823579523
-16.99497487437186            1.4247763234190962
-16.87939698492462            1.4247754160264248
-16.763819095477388           1.4247766376150084
-16.64824120603015            1.4247756571362389
-16.532663316582916           1.424776147278392
-16.417085427135678           1.4247758086118933
-16.301507537688444           1.424775122926667
-16.185929648241206           1.424775832099058
-16.07035175879397            1.4247761597707427
-15.954773869346734           1.4247745654704176
-15.839195979899497           1.4247757584382548
-15.72361809045226            1.4247759756494283
-15.608040201005025           1.4247769482783423
-15.492462311557789           1.4247757785376145
-15.376884422110553           1.4247759999163
-15.261306532663315           1.4247758379025923
-15.145728643216081           1.424775807673253
-15.030150753768844           1.4247766225031124
-14.914572864321608           1.4247754871772869
-14.798994974874372           1.4247747183705877
-14.683417085427136           1.4247758099506742
-14.5678391959799             1.4247757677298225
-14.452261306532662           1.4247757302555908
-14.336683417085428           1.4247755723000477
-14.22110552763819            1.424776399696049
-14.105527638190955           1.4247755307994845
-13.989949748743719           1.4247745216994083
-13.874371859296481           1.4247753393473117
-13.758793969849247           1.4247759562385045
-13.64321608040201            1.424775457641917
-13.527638190954773           1.4247746160469315
-13.412060301507537           1.4247755304033083
-13.296482412060302           1.4247750874086889
-13.180904522613066           1.424775729097409
-13.065326633165828           1.424775221594221
-12.949748743718594           1.4247754551527174
-12.834170854271356           1.4247750013921185
-12.71859296482412            1.4247756876145485
-12.603015075376884           1.4247749879291252
-12.487437185929648           1.424775507656454
-12.371859296482413           1.4247752034037207
-12.256281407035175           1.4247755963272355
-12.14070351758794            1.4247753767443976
-12.025125628140703           1.4247749685536233
-11.909547738693467           1.42477516471725
-11.793969849246231           1.4247752068276849
-11.678391959798995           1.4247753739724414
-11.56281407035176            1.4247752815078156
-11.447236180904522           1.4247757360043094
-11.331658291457286           1.42477533710975
-11.21608040201005            1.4247752641649378
-11.100502512562814           1.4247754942243331
-10.984924623115578           1.4247753280372648
-10.869346733668342           1.4247752032175978
-10.753768844221106           1.424774443349238
-10.638190954773869           1.4247753981220574
-10.522613065326633           1.4247750892429767
-10.407035175879397           1.424775330377862
-10.291457286432161           1.4247762261719015
-10.175879396984925           1.4247751594517042
-10.06030150753769            1.424775021038998
-9.944723618090451            1.4247752133369627
-9.829145728643216            1.4247746883710564
-9.71356783919598             1.42477573731275
-9.597989949748744            1.4247751892629343
-9.482412060301508            1.4247751371723922
-9.366834170854272            1.4247752580573763
-9.251256281407034            1.4247751435022162
-9.135678391959798            1.4247750538369952
-9.020100502512562            1.424775209443048
-8.904522613065327            1.4247745917369634
-8.78894472361809             1.4247745268679661
-8.673366834170855            1.4247763040926238
-8.557788944723619            1.4247751266043043
-8.442211055276381            1.424776235412086
-8.326633165829145            1.424774560913466
-8.21105527638191             1.4247747009349907
-8.095477386934673            1.4247752197169965
-7.9798994974874375           1.424775031243998
-7.864321608040202            1.424774995020632
-7.748743718592964            1.424774899826392
-7.633165829145728            1.424775062437188
-7.517587939698492            1.4247747789683907
-7.402010050251256            1.4247753472528344
-7.28643216080402             1.4247749963200267
-7.170854271356784            1.4247749251848199
-7.055276381909547            1.424774659994446
-6.939698492462311            1.4247749318249658
-6.824120603015075            1.4247749388637896
-6.708542713567839            1.424774723236319
-6.592964824120603            1.4247749333828854
-6.477386934673367            1.424774962777544
-6.361809045226131            1.4247749302329369
-6.246231155778894            1.4247747937181352
-6.130653266331658            1.424774865012738
-6.015075376884422            1.4247748504883846
-5.899497487437186            1.4247749066049749
-5.78391959798995             1.424774811348196
-5.668341708542714            1.424774847904407
-5.5527638190954764           1.4247746913949721
-5.4371859296482405           1.4247745195108041
-5.321608040201005            1.4247746614681156
-5.206030150753769            1.424774791135192
-5.090452261306533            1.4247749127619003
-4.974874371859297            1.4247747275791125
-4.859296482412061            1.424774976790692
-4.743718592964823            1.4247747761435263
-4.628140703517587            1.424774907149706
-4.5125628140703515           1.4247747498507424
-4.396984924623116            1.4247747387356784
-4.28140703517588             1.4247747635500307
-4.165829145728644            1.4247747497391372
-4.050251256281406            1.424774604534695
-3.934673366834172            1.4247747720839397
-3.8190954773869343           1.4247747967671467
-3.7035175879396967           1.4247747244108269
-3.5879396984924625           1.4247747509550157
-3.472361809045225            1.424774735354189
-3.3567839195979907           1.4247747463458538
-3.241206030150753            1.4247747153737018
-3.125628140703519            1.4247746810156607
-3.0100502512562812           1.4247746813659659
-2.8944723618090435           1.424774759036401
-2.7788944723618094           1.4247745521134223
-2.6633165829145717           1.4247746941948058
-2.5477386934673376           1.4247746721335457
-2.4321608040201              1.4247746631172598
-2.316582914572866            1.4247746718922205
-2.201005025125628            1.4247746823540797
-2.0854271356783904           1.4247746685561495
-1.9698492462311563           1.4247746288520775
-1.8542713567839186           1.4247745645150434
-1.7386934673366845           1.4247745939117544
-1.6231155778894468           1.424774539621665
-1.5075376884422127           1.4247746265240138
-1.391959798994975            1.424774581757273
-1.2763819095477373           1.4247745940522867
-1.1608040201005032           1.424774566003262
-1.0452261306532655           1.4247744236804232
-0.9296482412060314           1.4247739906657582
-0.8140703517587937           1.4247728643905317
-0.698492462311556            1.4247688955845839
-0.5829145728643219           1.4247573792756492
-0.46733668341708423          1.4247231895407657
-0.3517587939698501           1.42462346723142
-0.23618090452261245          1.4243390891691188
-0.12060301507537828          1.4235517970499136
-0.005025125628140596         1.421455689827445
0.11055276381909708           1.4161460644092407
0.22613065326633117           1.4034979786194197
0.34170854271356893           1.3754616218510731
0.457286432160803             1.3180278099013252
0.5728643216080407            1.2094186195919954
0.6884422110552748            1.0188828975589619
0.8040201005025125            0.7058265883058583
0.9195979899497502            0.21853881577873283
1.0351758793969843            -0.5081334163607952
1.150753768844222             -1.5565061345323947
1.266331658291456             -3.0315196279643173
1.3819095477386938            -5.068465161998291
1.4974874371859315            -7.843178029282554
1.6130653266331656            -11.584660750582522
1.7286432160804033            -16.591033862885055
1.8442211055276374            -23.25050000214956
1.959798994974875             -32.06895279722414
2.075376884422109             -43.70604546924039
2.190954773869347             -59.02221027503399
2.3065326633165846            -79.13997186233861
2.4221105527638187            -105.5239269488759
2.5376884422110564            -140.08509097227304
2.6532663316582905            -185.31704678659443
2.768844221105528             -246.22369309328298
