-20.0                         0.44821234484571715
-19.884422110552762           0.4482129629908104
-19.768844221105528           0.44821228091174375
-19.65326633165829            0.4482115191858776
-19.537688442211056           0.44821224196879067
-19.42211055276382            0.44821228524218865
-19.306532663316585           0.4482123815530091
-19.190954773869347           0.4482118427381247
-19.07537688442211            0.4482122967933052
-18.959798994974875           0.44821214893444533
-18.844221105527637           0.44821285449877185
-18.728643216080403           0.4482121863470443
-18.613065326633166           0.44821207341421787
-18.49748743718593            0.4482121017746635
-18.381909547738694           0.44821325359735836
-18.266331658291456           0.4482119691220644
-18.150753768844222           0.4482120485081323
-18.035175879396984           0.44821165507254657
-17.91959798994975            0.4482119843100987
-17.804020100502512           0.44821212445410985
-17.688442211055275           0.44821220052499355
-17.57286432160804            0.4482119103967434
-17.457286432160803           0.44821175121554857
-17.34170854271357            0.4482119735410987
-17.22613065326633            0.4482121338468635
-17.110552763819094           0.44821171089082845
-16.99497487437186            0.4482118887010595
-16.87939698492462            0.44821196178236894
-16.763819095477388           0.4482119870554971
-16.64824120603015            0.4482118826746348
-16.532663316582916           0.44821167172828114
-16.417085427135678           0.4482117747389309
-16.301507537688444           0.44821161960676803
-16.185929648241206           0.4482117371876741
-16.07035175879397            0.44821181701560187
-15.954773869346734           0.44821117326932824
-15.839195979899497           0.44821164031463295
-15.72361809045226            0.4482116538020787
-15.608040201005025           0.4482116661632677
-15.492462311557789           0.4482115752298877
-15.376884422110553           0.4482113415750665
-15.261306532663315           0.44821165531876656
-15.145728643216081           0.4482115477136022
-15.030150753768844           0.4482120067991911
-14.914572864321608           0.44821139654013636
-14.798994974874372           0.4482110267330875
-14.683417085427136           0.4482115205944578
-14.5678391959799             0.44821150951140526
-14.452261306532662           0.4482114753718635
-14.336683417085428           0.4482114158807468
-14.22110552763819            0.4482113845185424
-14.105527638190955           0.448211402980113
-13.989949748743719           0.4482108048062655
-13.874371859296481           0.4482112851947916
-13.758793969849247           0.44821195040056017
-13.64321608040201            0.4482113594641937
-13.527638190954773           0.4482111168373191
-13.412060301507537           0.448211343497119
-13.296482412060302           0.44821151136814946
-13.180904522613066           0.44821134109272065
-13.065326633165828           0.4482109274762491
-12.949748743718594           0.448211363708578
-12.834170854271356           0.4482109534373602
-12.71859296482412            0.44821144488645603
-12.603015075376884           0.44821085575693553
-12.487437185929648           0.4482112991421158
-12.371859296482413           0.4482112538551402
-12.256281407035175           0.44821130923804564
-12.14070351758794            0.4482111753568156
-12.025125628140703           0.4482113153783287
-11.909547738693467           0.44821106149252893
-11.793969849246231           0.44821096910176017
-11.678391959798995           0.4482111361148899
-11.56281407035176            0.44821111096474514
-11.447236180904522           0.44821127673160543
-11.331658291457286           0.4482111542581872
-11.21608040201005            0.4482110987290513
-11.100502512562814           0.44821145143535485
-10.984924623115578           0.448211130893577
-10.869346733668342           0.4482110250756751
-10.753768844221106           0.4482106425408662
-10.638190954773869           0.44821106596664356
-10.522613065326633           0.44821099372534
-10.407035175879397           0.4482110535765215
-10.291457286432161           0.4482112990861747
-10.175879396984925           0.44821099683250765
-10.06030150753769            0.4482109003398074
-9.944723618090451            0.4482109644654368
-9.829145728643216            0.44821093525971756
-9.71356783919598             0.4482111062798205
-9.597989949748744            0.4482109272532091
-9.482412060301508            0.44821092814757246
-9.366834170854272            0.44821093879167534
-9.251256281407034            0.4482109127455801
-9.135678391959798            0.4482109040466239
-9.020100502512562            0.4482109711882296
-8.904522613065327            0.44821075773288693
-8.78894472361809             0.448210631279003
-8.673366834170855            0.4482115011321289
-8.557788944723619            0.44821083847485166
-8.442211055276381            0.44821145542055674
-8.326633165829145            0.44821063818537477
-8.21105527638191             0.4482108305586957
-8.095477386934673            0.44821079459630786
-7.9798994974874375           0.4482108002455322
-7.864321608040202            0.44821077571757895
-7.748743718592964            0.4482107470905123
-7.633165829145728            0.44821078124478786
-7.517587939698492            0.4482106723189489
-7.402010050251256            0.44821085161456614
-7.28643216080402             0.44821077268734355
-7.170854271356784            0.44821073227669456
-7.055276381909547            0.4482105468072525
-6.939698492462311            0.4482107022336887
-6.824120603015075            0.4482107188901877
-6.708542713567839            0.44821068960180543
-6.592964824120603            0.44821066986153046
-6.477386934673367            0.44821059292947557
-6.361809045226131            0.44821065801671
-6.246231155778894            0.44821059078045933
-6.130653266331658            0.4482106659112605
-6.015075376884422            0.4482106666867091
-5.899497487437186            0.44821069649038736
-5.78391959798995             0.4482106368827911
-5.668341708542714            0.44821063604635225
-5.5527638190954764           0.44821056045974944
-5.4371859296482405           0.4482104654729199
-5.321608040201005            0.44821057206842785
-5.206030150753769            0.44821056932482156
-5.090452261306533            0.4482105790899205
-4.974874371859297            0.4482106417438726
-4.859296482412061            0.44821073256134414
-4.743718592964823            0.4482105787157489
-4.628140703517587            0.44821062732487105
-4.5125628140703515           0.4482105313438641
-4.396984924623116            0.44821054201670063
-4.28140703517588             0.44821055059702786
-4.165829145728644            0.44821053328909444
-4.050251256281406            0.44821052536305866
-3.934673366834172            0.4482105343661753
-3.8190954773869343           0.44821053633664915
-3.7035175879396967           0.4482105045071459
-3.5879396984924625           0.4482105016329599
-3.472361809045225            0.44821049071064706
-3.3567839195979907           0.44821049982357136
-3.241206030150753            0.44821046867141434
-3.125628140703519            0.4482104600009069
-3.0100502512562812           0.448210454588466
-2.8944723618090435           0.44821041661910743
-2.7788944723618094           0.4482103259630839
-2.6633165829145717           0.44821030751256064
-2.5477386934673376           0.44821023401516225
-2.4321608040201              0.4482100526566205
-2.316582914572866            0.4482097284204355
-2.201005025125628            0.44820914641225734
-2.0854271356783904           0.4482080750940117
-1.9698492462311563           0.448206110428127
-1.8542713567839186           0.4482025520924678
-1.7386934673366845           0.44819617079949736
-1.6231155778894468           0.44818453243536704
-1.5075376884422127           0.4481635658838921
-1.391959798994975            0.4481255894315332
-1.2763819095477373           0.44805708070991146
-1.1608040201005032           0.4479338464273478
-1.0452261306532655           0.44771284388017507
-0.9296482412060314           0.4473181797697964
-0.8140703517587937           0.44661694986079353
-0.698492462311556            0.44537873305678427
-0.5829145728643219           0.44321002492664935
-0.46733668341708423          0.43944838860771696
-0.3517587939698501           0.433001424675647
-0.23618090452261245          0.42210956921293696
-0.12060301507537828          0.40401525876260463
-0.005025125628140596         0.3745266245946852
0.11055276381909708           0.32747405855864403
0.22613065326633117           0.25406428520110524
0.34170854271356893           0.14213215064678889
0.457286432160803             -0.024734077144614893
0.5728643216080407            -0.2682542119021824
0.6884422110552748            -0.6168044386429591
0.8040201005025125            -1.1071825973555243
0.9195979899497502            -1.7869400477949997
1.0351758793969843            -2.7174609019980442
1.150753768844222             -3.978053105732912
1.266331658291456             -5.671498108026051
1.3819095477386938            -7.931602869511757
1.4974874371859315            -10.93306382761716
1.6130653266331656            -14.903921170118297
1.7286432160804033            -20.141537655063885
1.8442211055276374            -27.03357725016614
1.959798994974875             -36.08556367586729
2.075376884422109             -47.956892869613334
2.190954773869347             -63.50781437243778
2.3065326633165846            -83.86072081118836
2.4221105527638187            -110.48011222119251
2.5376884422110564            -145.27693249387895
2.6532663316582905            -190.74471110496935
2.768844221105528             -251.88597952544376
