-20.0                         1.4899247663528399
-19.884422110552762           1.4899260796489242
-19.768844221105528           1.4899246063516627
-19.65326633165829            1.4899235948997862
-19.537688442211056           1.4899248892350851
-19.42211055276382            1.4899244356401262
-19.306532663316585           1.4899246493269507
-19.190954773869347           1.489922952198344
-19.07537688442211            1.4899250003025015
-18.959798994974875           1.4899246117209337
-18.844221105527637           1.4899257924644378
-18.728643216080403           1.4899242120254845
-18.613065326633166           1.4899249277692401
-18.49748743718593            1.4899244176926938
-18.381909547738694           1.4899271509245267
-18.266331658291456           1.4899243619430453
-18.150753768844222           1.4899244241839191
-18.035175879396984           1.4899250985112926
-17.91959798994975            1.4899243268401572
-17.804020100502512           1.4899249814167521
-17.688442211055275           1.4899242825686665
-17.57286432160804            1.4899241043066644
-17.457286432160803           1.4899241483193442
-17.34170854271357            1.489924122705531
-17.22613065326633            1.4899240097106494
-17.110552763819094           1.4899241300499853
-16.99497487437186            1.4899246291609058
-16.87939698492462            1.4899236655251968
-16.763819095477388           1.4899249669336763
-16.64824120603015            1.4899239342468196
-16.532663316582916           1.4899244990004277
-16.417085427135678           1.4899241044282827
-16.301507537688444           1.4899234071989718
-16.185929648241206           1.4899241328871267
-16.07035175879397            1.4899244663953721
-15.954773869346734           1.4899228283303951
-15.839195979899497           1.4899240597609882
-15.72361809045226            1.4899242992784567
-15.608040201005025           1.4899253183518177
-15.492462311557789           1.4899240853960238
-15.376884422110553           1.4899243618178644
-15.261306532663315           1.489924139628402
-15.145728643216081           1.4899241174669273
-15.030150753768844           1.4899249185653058
-14.914572864321608           1.4899237880584102
-14.798994974874372           1.48992301176945
-14.683417085427136           1.4899241217563817
-14.5678391959799             1.4899240879498685
-14.452261306532662           1.4899240516569028
-14.336683417085428           1.4899238768752352
-14.22110552763819            1.4899247616095497
-14.105527638190955           1.489923838104784
-13.989949748743719           1.4899228049116118
-13.874371859296481           1.4899236377082268
-13.758793969849247           1.489924240180267
-13.64321608040201            1.489923761374719
-13.527638190954773           1.4899228909896174
-13.412060301507537           1.4899238393721965
-13.296482412060302           1.4899233491435198
-13.180904522613066           1.4899240465331631
-13.065326633165828           1.489923548328167
-12.949748743718594           1.4899237514406272
-12.834170854271356           1.4899233018630917
-12.71859296482412            1.4899239917344165
-12.603015075376884           1.4899233043586972
-12.487437185929648           1.4899238095058784
-12.371859296482413           1.4899234962352346
-12.256281407035175           1.489923899298786
-12.14070351758794            1.4899236842380943
-12.025125628140703           1.4899232371024018
-11.909547738693467           1.4899234658631106
-11.793969849246231           1.4899235366989296
-11.678391959798995           1.4899236844107233
-11.56281407035176            1.4899235864101905
-11.447236180904522           1.4899240568415941
-11.331658291457286           1.4899236401863485
-11.21608040201005            1.4899235692112343
-11.100502512562814           1.4899237840863842
-10.984924623115578           1.4899236314855013
-10.869346733668342           1.4899235089107568
-10.753768844221106           1.4899227292865562
-10.638190954773869           1.4899237122563176
-10.522613065326633           1.4899233905827303
-10.407035175879397           1.489923631185404
-10.291457286432161           1.4899245682996516
-10.175879396984925           1.4899234627517515
-10.06030150753769            1.489923322850754
-9.944723618090451            1.4899235264537631
-9.829145728643216            1.489922969570288
-9.71356783919598             1.4899240551386805
-9.597989949748744            1.489923500142428
-9.482412060301508            1.4899234456816903
-9.366834170854272            1.4899235690131334
-9.251256281407034            1.48992345203237
-9.135678391959798            1.4899233592403625
-9.020100502512562            1.4899235041507646
-8.904522613065327            1.4899228807238032
-8.78894472361809             1.4899228167140957
-8.673366834170855            1.489924640918626
-8.557788944723619            1.4899234381649185
-8.442211055276381            1.4899245710565958
-8.326633165829145            1.4899228519268577
-8.21105527638191             1.4899229870973905
-8.095477386934673            1.4899235388947474
-7.9798994974874375           1.48992333597646
-7.864321608040202            1.489923302312192
-7.748743718592964            1.4899232029942844
-7.633165829145728            1.4899233726321761
-7.517587939698492            1.4899230887676331
-7.402010050251256            1.4899236614642646
-7.28643216080402             1.4899233021957892
-7.170854271356784            1.489923230843532
-7.055276381909547            1.4899229665336007
-6.939698492462311            1.4899232404013956
-6.824120603015075            1.4899232449694775
-6.708542713567839            1.4899230190818933
-6.592964824120603            1.4899232440718981
-6.477386934673367            1.4899232834117635
-6.361809045226131            1.4899232423009345
-6.246231155778894            1.4899231005178382
-6.130653266331658            1.4899231689510457
-6.015075376884422            1.4899231506028736
-5.899497487437186            1.4899232051538593
-5.78391959798995             1.4899231154007193
-5.668341708542714            1.48992315429742
-5.5527638190954764           1.4899229990545566
-5.4371859296482405           1.489922817869437
-5.321608040201005            1.4899229648021264
-5.206030150753769            1.4899231032533444
-5.090452261306533            1.4899232270061293
-4.974874371859297            1.4899230235085708
-4.859296482412061            1.4899232809759617
-4.743718592964823            1.4899230803331895
-4.628140703517587            1.4899232170790964
-4.5125628140703515           1.4899230609006466
-4.396984924623116            1.489923044527169
-4.28140703517588             1.489923069182909
-4.165829145728644            1.4899230572071627
-4.050251256281406            1.4899229032787633
-3.934673366834172            1.4899230791753653
-3.8190954773869343           1.489923105370368
-3.7035175879396967           1.4899230310458995
-3.5879396984924625           1.48992305964189
-3.472361809045225            1.4899230438873525
-3.3567839195979907           1.489923052471499
-3.241206030150753            1.4899230267302337
-3.125628140703519            1.489922987496861
-3.0100502512562812           1.4899229873119666
-2.8944723618090435           1.4899230727221915
-2.7788944723618094           1.4899228562058677
-2.6633165829145717           1.48992300570748
-2.5477386934673376           1.4899229792160804
-2.4321608040201              1.4899229694779945
-2.316582914572866            1.489922979328135
-2.201005025125628            1.4899229886687249
-2.0854271356783904           1.4899229748364098
-1.9698492462311563           1.4899229354583048
-1.8542713567839186           1.4899228702429699
-1.7386934673366845           1.489922900860236
-1.6231155778894468           1.4899228442898436
-1.5075376884422127           1.489922934137908
-1.391959798994975            1.489922888535127
-1.2763819095477373           1.489922907881873
-1.1608040201005032           1.4899228958903477
-1.0452261306532655           1.4899227998055007
-0.9296482412060314           1.4899224962906044
-0.8140703517587937           1.489921756080905
-0.698492462311556            1.489918862914555
-0.5829145728643219           1.4899103527630935
-0.46733668341708423          1.4898843688180106
-0.3517587939698501           1.4898064417532966
-0.23618090452261245          1.4895779592952263
-0.12060301507537828          1.488927662553493
-0.005025125628140596         1.4871483563360182
0.11055276381909708           1.4825194503240506
0.22613065326633117           1.4712088073921017
0.34170854271356893           1.4455423273929815
0.457286432160803             1.3918682186205846
0.5728643216080407            1.2886120705261794
0.6884422110552748            1.1049999363335516
0.8040201005025125            0.8002290228538099
0.9195979899497502            0.322297323103668
1.0351758793969843            -0.3942313769382727
1.150753768844222             -1.4319016818875947
1.266331658291456             -2.895815644256285
1.3819095477386938            -4.9213713049177015
1.4974874371859315            -7.6844806106204295
1.6130653266331656            -11.414207496477502
1.7286432160804033            -16.408719166515876
1.8442211055276374            -23.05625035878205
1.959798994974875             -31.862716068295175
2.075376884422109             -43.487783992516604
2.190954773869347             -58.791896458873055
2.3065326633165846            -78.89758527549384
2.4221105527638187            -105.26945233872036
2.5376884422110564            -139.81851688145753
2.6532663316582905            -185.0383645681378
2.768844221105528             -245.9329644500669
