-20.0                         0.29168763559289146
-19.884422110552762           0.29168798455192263
-19.768844221105528           0.29168759142415523
-19.65326633165829            0.2916871172159524
-19.537688442211056           0.29168756561353915
-19.42211055276382            0.29168762784465974
-19.306532663316585           0.291687581491327
-19.190954773869347           0.29168756866295054
-19.07537688442211            0.2916875190348853
-18.959798994974875           0.29168748075712303
-18.844221105527637           0.2916876383805137
-18.728643216080403           0.29168746034064585
-18.613065326633166           0.2916873531179679
-18.49748743718593            0.2916874049866573
-18.381909547738694           0.2916877968493496
-18.266331658291456           0.29168732229394473
-18.150753768844222           0.2916873708348434
-18.035175879396984           0.2916869996363475
-17.91959798994975            0.29168729220955786
-17.804020100502512           0.2916873029303883
-17.688442211055275           0.2916873378650236
-17.57286432160804            0.29168729309553043
-17.457286432160803           0.2916871265794202
-17.34170854271357            0.2916872313976993
-17.22613065326633            0.29168730106840246
-17.110552763819094           0.2916871122698
-16.99497487437186            0.29168715201474826
-16.87939698492462            0.2916872334394643
-16.763819095477388           0.29168715400360545
-16.64824120603015            0.2916871590605965
-16.532663316582916           0.29168707638239066
-16.417085427135678           0.29168712081318227
-16.301507537688444           0.2916871015256518
-16.185929648241206           0.29168703589987827
-16.07035175879397            0.29168706517503684
-15.954773869346734           0.2916868210182031
-15.839195979899497           0.29168697667176174
-15.72361809045226            0.2916869682086366
-15.608040201005025           0.2916868537845442
-15.492462311557789           0.29168689603920894
-15.376884422110553           0.29168680470477565
-15.261306532663315           0.29168692512165295
-15.145728643216081           0.29168686564208174
-15.030150753768844           0.2916869689650686
-14.914572864321608           0.2916867682404687
-14.798994974874372           0.2916866767955198
-14.683417085427136           0.2916868126007656
-14.5678391959799             0.29168683210881724
-14.452261306532662           0.2916868054000534
-14.336683417085428           0.29168674667124933
-14.22110552763819            0.2916866630452502
-14.105527638190955           0.2916867527379317
-13.989949748743719           0.29168638316117035
-13.874371859296481           0.29168666076623856
-13.758793969849247           0.2916870847061393
-13.64321608040201            0.2916866960529889
-13.527638190954773           0.29168667962634276
-13.412060301507537           0.2916866667904935
-13.296482412060302           0.2916868060685767
-13.180904522613066           0.29168662973650133
-13.065326633165828           0.2916864003105958
-12.949748743718594           0.29168664601704736
-12.834170854271356           0.29168637886988147
-12.71859296482412            0.2916866695467921
-12.603015075376884           0.29168636523245933
-12.487437185929648           0.2916865666663706
-12.371859296482413           0.2916865587726334
-12.256281407035175           0.2916865647231488
-12.14070351758794            0.29168649003989044
-12.025125628140703           0.29168662700723685
-11.909547738693467           0.29168641979811955
-11.793969849246231           0.29168641766640685
-11.678391959798995           0.2916864517353224
-11.56281407035176            0.2916864361741857
-11.447236180904522           0.29168648770428895
-11.331658291457286           0.29168643824732693
-11.21608040201005            0.29168641068114126
-11.100502512562814           0.2916866523571898
-10.984924623115578           0.29168640552715236
-10.869346733668342           0.29168634819691525
-10.753768844221106           0.2916861488231424
-10.638190954773869           0.29168635084491024
-10.522613065326633           0.29168633733324945
-10.407035175879397           0.291686323199455
-10.291457286432161           0.29168636025042205
-10.175879396984925           0.2916862999424498
-10.06030150753769            0.29168624562604756
-9.944723618090451            0.2916862714022005
-9.829145728643216            0.29168632398251904
-9.71356783919598             0.29168625608590787
-9.597989949748744            0.29168623361544316
-9.482412060301508            0.2916862382357664
-9.366834170854272            0.29168621449073373
-9.251256281407034            0.29168620931648714
-9.135678391959798            0.2916862059163917
-9.020100502512562            0.29168619943760227
-8.904522613065327            0.29168618503436533
-8.78894472361809             0.2916860718844203
-8.673366834170855            0.291686511326915
-8.557788944723619            0.29168612460802784
-8.442211055276381            0.2916864769253155
-8.326633165829145            0.29168606065027325
-8.21105527638191             0.29168617439320166
-8.095477386934673            0.29168608876667484
-7.9798994974874375           0.2916860943337692
-7.864321608040202            0.29168608232904225
-7.748743718592964            0.29168607062941093
-7.633165829145728            0.2916860667929272
-7.517587939698492            0.29168604799437875
-7.402010050251256            0.29168605020182403
-7.28643216080402             0.2916860557194236
-7.170854271356784            0.29168603619308925
-7.055276381909547            0.291685948341161
-6.939698492462311            0.29168600788054455
-6.824120603015075            0.2916860080314797
-6.708542713567839            0.2916860348817903
-6.592964824120603            0.2916859685478808
-6.477386934673367            0.2916859060544757
-6.361809045226131            0.2916859598127359
-6.246231155778894            0.29168590692681906
-6.130653266331658            0.2916859500833462
-6.015075376884422            0.2916859426926362
-5.899497487437186            0.2916859385728569
-5.78391959798995             0.29168591884796574
-5.668341708542714            0.29168590834652997
-5.5527638190954764           0.29168587460670037
-5.4371859296482405           0.2916857929223099
-5.321608040201005            0.29168584026025324
-5.206030150753769            0.2916857947475568
-5.090452261306533            0.2916857451374747
-4.974874371859297            0.29168573766192185
-4.859296482412061            0.29168570157051227
-4.743718592964823            0.291685512859463
-4.628140703517587            0.2916853968187212
-4.5125628140703515           0.2916851512890267
-4.396984924623116            0.29168487007433
-4.28140703517588             0.2916844844459251
-4.165829145728644            0.2916839364836614
-4.050251256281406            0.2916831987855644
-3.934673366834172            0.2916821269312347
-3.8190954773869343           0.2916806576194431
-3.7035175879396967           0.2916785986186093
-3.5879396984924625           0.2916757380545608
-3.472361809045225            0.2916717433788984
-3.3567839195979907           0.2916661805771772
-3.241206030150753            0.29165840404813037
-3.125628140703519            0.2916475519345768
-3.0100502512562812           0.2916324208481315
-2.8944723618090435           0.29161128009552156
-2.7788944723618094           0.2915817978107435
-2.6633165829145717           0.2915407151754793
-2.5477386934673376           0.2914834207038282
-2.4321608040201              0.29140350289279393
-2.316582914572866            0.29129210354262425
-2.201005025125628            0.29113687232207935
-2.0854271356783904           0.29092064022907427
-1.9698492462311563           0.2906195623836028
-1.8542713567839186           0.29020057961013973
-1.7386934673366845           0.2896178818137198
-1.6231155778894468           0.28880797107096773
-1.5075376884422127           0.28768321483784753
-1.391959798994975            0.28612244506226897
-1.2763819095477373           0.283958725393103
-1.1608040201005032           0.28096228599555406
-1.0452261306532655           0.27681734133925323
-0.9296482412060314           0.2710907181590298
-0.8140703517587937           0.2631891358031367
-0.698492462311556            0.2523013545164499
-0.5829145728643219           0.23732043044708512
-0.46733668341708423          0.21673818520355526
-0.3517587939698501           0.1885043948178635
-0.23618090452261245          0.14983863389481802
-0.12060301507537828          0.0969813293552252
-0.005025125628140596         0.024867042135090434
0.11055276381909708           -0.07329991650237751
0.22613065326633117           -0.20659251316233648
0.34170854271356893           -0.3870608454364119
0.457286432160803             -0.6306259082718935
0.5728643216080407            -0.9582211897080618
0.6884422110552748            -1.3972559453355688
0.8040201005025125            -1.9834978725612715
0.9195979899497502            -2.7635019770492946
1.0351758793969843            -3.7977610080956876
1.150753768844222             -5.164849041817839
1.266331658291456             -6.966993815561787
1.3819095477386938            -9.33758456322094
1.4974874371859315            -12.450953199012517
1.6130653266331656            -16.534801717835123
1.7286432160804033            -21.88620997932638
1.8442211055276374            -28.892629888028548
1.959798994974875             -38.059432316304786
2.075376884422109             -50.04590259323623
2.190954773869347             -65.7122092514769
2.3065326633165846            -86.18068497818736
2.4221105527638187            -112.9157851020608
2.5376884422110564            -147.8284199610517
2.6532663316582905            -193.41209372434244
2.768844221105528             -254.6686679676548
