-20.0                         0.48595861499743886
-19.884422110552762           0.4859592633041749
-19.768844221105528           0.48595854718226644
-19.65326633165829            0.4859577552349031
-19.537688442211056           0.4859585065265056
-19.42211055276382            0.4859585390207911
-19.306532663316585           0.48595866057666526
-19.190954773869347           0.485958037417089
-19.07537688442211            0.48595857579599
-18.959798994974875           0.48595841119468614
-18.844221105527637           0.48595918630716933
-18.728643216080403           0.4859584503570794
-18.613065326633166           0.48595834916499764
-18.49748743718593            0.4859583677597761
-18.381909547738694           0.48595961723099934
-18.266331658291456           0.48595822954913964
-18.150753768844222           0.48595831004176526
-18.035175879396984           0.48595793814460575
-17.91959798994975            0.4859582505319315
-17.804020100502512           0.4859584122265297
-17.688442211055275           0.4859584811522176
-17.57286432160804            0.48595815590936153
-17.457286432160803           0.4859580101892589
-17.34170854271357            0.48595824187094344
-17.22613065326633            0.48595840460414114
-17.110552763819094           0.4859579672129496
-16.99497487437186            0.48595816703427036
-16.87939698492462            0.48595821552796026
-16.763819095477388           0.4859582755692278
-16.64824120603015            0.48595814303253626
-16.532663316582916           0.4859579274192062
-16.417085427135678           0.48595803353762573
-16.301507537688444           0.48595784821335214
-16.185929648241206           0.4859580027413363
-16.07035175879397            0.48595809285159935
-15.954773869346734           0.48595739485735473
-15.839195979899497           0.4859579025640034
-15.72361809045226            0.4859579198143123
-15.608040201005025           0.48595796981852785
-15.492462311557789           0.48595784066537684
-15.376884422110553           0.4859576001884286
-15.261306532663315           0.48595792552144523
-15.145728643216081           0.48595781451796294
-15.030150753768844           0.48595831928386707
-14.914572864321608           0.48595765561975046
-14.798994974874372           0.4859572517644985
-14.683417085427136           0.4859577904422376
-14.5678391959799             0.4859577718447543
-14.452261306532662           0.4859577370498241
-14.336683417085428           0.4859576793666679
-14.22110552763819            0.48595767238558385
-14.105527638190955           0.48595766227902204
-13.989949748743719           0.48595704026078107
-13.874371859296481           0.4859575429843861
-13.758793969849247           0.48595822278581013
-13.64321608040201            0.4859576196331601
-13.527638190954773           0.4859573425785799
-13.412060301507537           0.485957606783699
-13.296482412060302           0.48595776220331127
-13.180904522613066           0.4859576128991832
-13.065326633165828           0.48595718247234015
-12.949748743718594           0.48595762939232234
-12.834170854271356           0.4859572078467096
-12.71859296482412            0.4859577184456253
-12.603015075376884           0.4859571038640566
-12.487437185929648           0.48595757002025597
-12.371859296482413           0.4859575142983749
-12.256281407035175           0.4859575831168651
-12.14070351758794            0.4859574408229566
-12.025125628140703           0.4859575666083624
-11.909547738693467           0.4859573217792432
-11.793969849246231           0.4859572194875321
-11.678391959798995           0.48595740170330876
-11.56281407035176            0.4859573750391182
-11.447236180904522           0.48595755615867353
-11.331658291457286           0.4859574220259234
-11.21608040201005            0.4859573634757993
-11.100502512562814           0.4859577202204412
-10.984924623115578           0.48595739983396685
-10.869346733668342           0.4859572893961805
-10.753768844221106           0.4859568849050298
-10.638190954773869           0.4859573363148205
-10.522613065326633           0.4859572539353825
-10.407035175879397           0.4859573270861149
-10.291457286432161           0.4859576031952879
-10.175879396984925           0.4859572627462431
-10.06030150753769            0.4859571619382065
-9.944723618090451            0.48595723081836995
-9.829145728643216            0.4859571821960417
-9.71356783919598             0.48595739938985477
-9.597989949748744            0.48595719442076624
-9.482412060301508            0.48595719339332233
-9.366834170854272            0.4859572110590755
-9.251256281407034            0.4859571803075352
-9.135678391959798            0.4859571690055137
-9.020100502512562            0.4859572485975955
-8.904522613065327            0.4859570038321114
-8.78894472361809             0.4859568804152015
-8.673366834170855            0.4859578028043571
-8.557788944723619            0.4859571084433325
-8.442211055276381            0.4859577557442233
-8.326633165829145            0.4859568892051222
-8.21105527638191             0.4859570845312557
-8.095477386934673            0.4859570670489353
-7.9798994974874375           0.48595706882133016
-7.864321608040202            0.4859570422415208
-7.748743718592964            0.4859570109359919
-7.633165829145728            0.48595705102848774
-7.517587939698492            0.4859569280437306
-7.402010050251256            0.48595713625041076
-7.28643216080402             0.48595704145105517
-7.170854271356784            0.48595699825918715
-7.055276381909547            0.48595680308805195
-6.939698492462311            0.48595696882594913
-6.824120603015075            0.4859569870335581
-6.708542713567839            0.4859569483592422
-6.592964824120603            0.4859569380682777
-6.477386934673367            0.4859568623801637
-6.361809045226131            0.4859569256723223
-6.246231155778894            0.48595685621901846
-6.130653266331658            0.48595693390138894
-6.015075376884422            0.4859569356873789
-5.899497487437186            0.4859569693956927
-5.78391959798995             0.4859569029911388
-5.668341708542714            0.48595690312617257
-5.5527638190954764           0.4859568199273745
-5.4371859296482405           0.4859567232614895
-5.321608040201005            0.48595683190761246
-5.206030150753769            0.4859568335466373
-5.090452261306533            0.48595684900494707
-4.974874371859297            0.48595690743578457
-4.859296482412061            0.4859570062006217
-4.743718592964823            0.4859568466123842
-4.628140703517587            0.485956898278872
-4.5125628140703515           0.4859567960185731
-4.396984924623116            0.485956808860524
-4.28140703517588             0.48595681870899826
-4.165829145728644            0.4859568003876283
-4.050251256281406            0.4859567871169395
-3.934673366834172            0.4859568032507132
-3.8190954773869343           0.4859568062844103
-3.7035175879396967           0.48595677220975403
-3.5879396984924625           0.48595677040463725
-3.472361809045225            0.48595675981172887
-3.3567839195979907           0.4859567710437047
-3.241206030150753            0.485956738427868
-3.125628140703519            0.4859567336070818
-3.0100502512562812           0.48595673386104354
-2.8944723618090435           0.48595670802872526
-2.7788944723618094           0.4859566282913901
-2.6633165829145717           0.4859566442554504
-2.5477386934673376           0.48595662391839745
-2.4321608040201              0.4859565378401353
-2.316582914572866            0.4859563826069848
-2.201005025125628            0.48595609961039515
-2.0854271356783904           0.4859555530163865
-1.9698492462311563           0.48595450985373506
-1.8542713567839186           0.4859525659757421
-1.7386934673366845           0.4859490079449787
-1.6231155778894468           0.48594227640478166
-1.5075376884422127           0.48592980459690566
-1.391959798994975            0.4859064436809698
-1.2763819095477373           0.4858629360658033
-1.1608040201005032           0.4857821465576427
-1.0452261306532655           0.48563257528764714
-0.9296482412060314           0.4853568786720506
-0.8140703517587937           0.4848513331521884
-0.698492462311556            0.4839301926018126
-0.5829145728643219           0.4822661467815856
-0.46733668341708423          0.47929071865244227
-0.3517587939698501           0.47403797620652627
-0.23618090452261245          0.46490742216856906
-0.12060301507537828          0.44932497660080806
-0.005025125628140596         0.4232878258532082
0.11055276381909708           0.38079294574796163
0.22613065326633117           0.3131609201371065
0.34170854271356893           0.20826574011479368
0.457286432160803             0.049654937360395515
0.5728643216080407            -0.1844989828017032
0.6884422110552748            -0.5227222406443448
0.8040201005025125            -1.0019785062212407
0.9195979899497502            -1.669979499986479
1.0351758793969843            -2.5882504678886344
1.150753768844222             -3.8362132480146194
1.266331658291456             -5.5167333730168355
1.3819095477386938            -7.763678978545624
1.4974874371859315            -10.751797384326055
1.6130653266331656            -14.709174401539318
1.7286432160804033            -19.93321011657192
1.8442211055276374            -26.811595945055803
1.959798994974875             -35.84987504919707
2.075376884422109             -47.70745723568884
2.190954773869347             -63.2446020903254
2.3065326633165846            -83.5837096081677
2.4221105527638187            -110.1892852835133
2.5376884422110564            -144.97227708375382
2.6532663316582905            -190.42621754652833
2.768844221105528             -251.55371821891111
