-20.0                         0.7763877744524847
-19.884422110552762           0.7763886126955413
-19.768844221105528           0.776387674934373
-19.65326633165829            0.7763867312537504
-19.537688442211056           0.7763876506618315
-19.42211055276382            0.7763875780292926
-19.306532663316585           0.776387836056894
-19.190954773869347           0.7763867018279086
-19.07537688442211            0.7763877980058128
-18.959798994974875           0.7763875316110962
-18.844221105527637           0.7763886539910894
-18.728643216080403           0.7763875168543124
-18.613065326633166           0.7763875761834135
-18.49748743718593            0.7763874896468055
-18.381909547738694           0.7763893248511522
-18.266331658291456           0.7763873345742627
-18.150753768844222           0.7763874143771805
-18.035175879396984           0.7763872781701353
-17.91959798994975            0.7763873783575356
-17.804020100502512           0.7763876944368162
-17.688442211055275           0.7763876266266959
-17.57286432160804            0.7763871446022252
-17.457286432160803           0.7763871116041106
-17.34170854271357            0.7763873458701712
-17.22613065326633            0.7763874722259303
-17.110552763819094           0.77638706097935
-16.99497487437186            0.776387407781917
-16.87939698492462            0.7763871837319596
-16.763819095477388           0.7763875705138522
-16.64824120603015            0.7763871865910521
-16.532663316582916           0.7763870585546874
-16.417085427135678           0.7763871227586271
-16.301507537688444           0.7763867216922696
-16.185929648241206           0.7763871223403859
-16.07035175879397            0.7763872992600004
-15.954773869346734           0.7763862556882127
-15.839195979899497           0.7763870181788168
-15.72361809045226            0.7763870725335612
-15.608040201005025           0.7763874346670434
-15.492462311557789           0.776386981009048
-15.376884422110553           0.7763867845195839
-15.261306532663315           0.7763870791837548
-15.145728643216081           0.7763869701712727
-15.030150753768844           0.7763877075082146
-14.914572864321608           0.7763867564889223
-14.798994974874372           0.7763861677603884
-14.683417085427136           0.7763869604102432
-14.5678391959799             0.7763868987467016
-14.452261306532662           0.7763868603020349
-14.336683417085428           0.7763868046737655
-14.22110552763819            0.7763870320316513
-14.105527638190955           0.7763867642769754
-13.989949748743719           0.7763860021841561
-13.874371859296481           0.7763866333482079
-13.758793969849247           0.7763873460489887
-13.64321608040201            0.776386719817902
-13.527638190954773           0.7763862246140028
-13.412060301507537           0.7763867332080228
-13.296482412060302           0.7763867397566608
-13.180904522613066           0.7763868075000557
-13.065326633165828           0.7763863014698689
-12.949748743718594           0.7763867504067545
-12.834170854271356           0.7763862867719484
-12.71859296482412            0.7763868914023221
-12.603015075376884           0.7763861727971896
-12.487437185929648           0.7763867317606203
-12.371859296482413           0.7763865871791545
-12.256281407035175           0.7763867732912444
-12.14070351758794            0.7763865794359635
-12.025125628140703           0.7763865592394733
-11.909547738693467           0.7763864285884363
-11.793969849246231           0.7763863025849125
-11.678391959798995           0.776386546305714
-11.56281407035176            0.7763865052500911
-11.447236180904522           0.7763867847250701
-11.331658291457286           0.7763865660486675
-11.21608040201005            0.7763864936198386
-11.100502512562814           0.7763868398184851
-10.984924623115578           0.7763865502496031
-10.869346733668342           0.7763864208458227
-10.753768844221106           0.776385882840657
-10.638190954773869           0.7763865143474575
-10.522613065326633           0.7763863572397506
-10.407035175879397           0.7763865171720273
-10.291457286432161           0.7763869986121564
-10.175879396984925           0.7763863972845176
-10.06030150753769            0.7763862758651457
-9.944723618090451            0.7763863774805213
-9.829145728643216            0.776386178773621
-9.71356783919598             0.7763867170837983
-9.597989949748744            0.7763863494041523
-9.482412060301508            0.7763863316207553
-9.366834170854272            0.7763863961259723
-9.251256281407034            0.7763863309899526
-9.135678391959798            0.7763862940707772
-9.020100502512562            0.7763864453711231
-8.904522613065327            0.7763860132253441
-8.78894472361809             0.7763859158597752
-8.673366834170855            0.776387160409776
-8.557788944723619            0.7763862777383639
-8.442211055276381            0.7763871051527883
-8.326633165829145            0.7763859352089048
-8.21105527638191             0.7763861255900203
-8.095477386934673            0.776386272090757
-7.9798994974874375           0.7763862272973217
-7.864321608040202            0.7763861886752941
-7.748743718592964            0.7763861374088343
-7.633165829145728            0.7763862191839611
-7.517587939698492            0.7763860118715874
-7.402010050251256            0.7763863985187479
-7.28643216080402             0.7763861964244344
-7.170854271356784            0.7763861377502044
-7.055276381909547            0.776385896789516
-6.939698492462311            0.7763861164043913
-6.824120603015075            0.7763861390295226
-6.708542713567839            0.7763860373965541
-6.592964824120603            0.7763860973034546
-6.477386934673367            0.7763860431606852
-6.361809045226131            0.7763860841195276
-6.246231155778894            0.776385996555613
-6.130653266331658            0.7763860827256085
-6.015075376884422            0.7763860884026534
-5.899497487437186            0.7763861411695047
-5.78391959798995             0.7763860395711905
-5.668341708542714            0.7763860497051147
-5.5527638190954764           0.7763859228282973
-5.4371859296482405           0.7763858136017667
-5.321608040201005            0.7763859290598432
-5.206030150753769            0.7763859680800443
-5.090452261306533            0.7763860277014195
-4.974874371859297            0.7763860270786407
-4.859296482412061            0.7763861797486945
-4.743718592964823            0.77638599472292
-4.628140703517587            0.7763860691583223
-4.5125628140703515           0.7763859322265659
-4.396984924623116            0.7763859520041295
-4.28140703517588             0.7763859696767419
-4.165829145728644            0.7763859470043859
-4.050251256281406            0.7763858919692863
-3.934673366834172            0.7763859609050087
-3.8190954773869343           0.7763859707116874
-3.7035175879396967           0.7763859218359864
-3.5879396984924625           0.7763859276522902
-3.472361809045225            0.7763859156577866
-3.3567839195979907           0.7763859336855025
-3.241206030150753            0.7763858860662368
-3.125628140703519            0.7763858834055751
-3.0100502512562812           0.7763858877917785
-2.8944723618090435           0.7763858935515177
-2.7788944723618094           0.7763857820306588
-2.6633165829145717           0.7763858522597963
-2.5477386934673376           0.7763858658581417
-2.4321608040201              0.7763858603595266
-2.316582914572866            0.776385859540073
-2.201005025125628            0.7763858674298924
-2.0854271356783904           0.7763858511744349
-1.9698492462311563           0.776385799692206
-1.8542713567839186           0.7763857111524346
-1.7386934673366845           0.7763856427109093
-1.6231155778894468           0.7763853988091075
-1.5075376884422127           0.7763849935207777
-1.391959798994975            0.7763839228397547
-1.2763819095477373           0.7763815327759431
-1.1608040201005032           0.7763761428986435
-1.0452261306532655           0.7763640004644172
-0.9296482412060314           0.776336861909928
-0.8140703517587937           0.7762765425067223
-0.698492462311556            0.7761430250037274
-0.5829145728643219           0.7758510852502033
-0.46733668341708423          0.7752199756405066
-0.3517587939698501           0.7738770380656358
-0.23618090452261245          0.7710764747307483
-0.12060301507537828          0.7653823959985676
-0.005025125628140596         0.754159222012395
0.11055276381909708           0.7328343991862482
0.22613065326633117           0.6939570172785245
0.34170854271356893           0.6261464233165042
0.457286432160803             0.5130401149766719
0.5728643216080407            0.33226316577794623
0.6884422110552748            0.05428914117783292
0.8040201005025125            -0.35905001747484866
0.9195979899497502            -0.9566617830339551
1.0351758793969843            -1.8011238624377854
1.150753768844222             -2.9726989573226
1.266331658291456             -4.574864582699979
1.3819095477386938            -6.741922870123883
1.4974874371859315            -9.648969600816828
1.6130653266331656            -13.524395120897369
1.7286432160804033            -18.66584456760112
1.8442211055276374            -25.46118692411893
1.959798994974875             -34.416089455556936
2.075376884422109             -46.19004953486534
2.190954773869347             -61.64338962824585
2.3065326633165846            -81.89855555277877
2.4221105527638187            -108.42008657915888
2.5376884422110564            -143.11895579535053
2.6532663316582905            -188.48871455297163
2.768844221105528             -249.53246193750408
