-20.0                         0.9188871525755038
-19.884422110552762           0.9188880780114489
-19.768844221105528           0.9188870374748793
-19.65326633165829            0.9188860533727666
-19.537688442211056           0.9188870442215056
-19.42211055276382            0.9188869085419026
-19.306532663316585           0.9188871966757646
-19.190954773869347           0.9188858830254483
-19.07537688442211            0.9188872097147925
-18.959798994974875           0.9188869069044625
-18.844221105527637           0.9188881129956912
-18.728643216080403           0.9188868333946281
-18.613065326633166           0.9188870044625226
-18.49748743718593            0.9188868490425617
-18.381909547738694           0.9188889096332166
-18.266331658291456           0.9188867002363003
-18.150753768844222           0.9188867774592844
-18.035175879396984           0.9188867842013962
-17.91959798994975            0.9188867421012042
-17.804020100502512           0.9188871304821722
-17.688442211055275           0.9188869587908508
-17.57286432160804            0.9188864659825452
-17.457286432160803           0.9188864781953606
-17.34170854271357            0.9188866815181685
-17.22613065326633            0.9188867702399987
-17.110552763819094           0.9188864294242142
-16.99497487437186            0.918886833085325
-16.87939698492462            0.9188864511488588
-16.763819095477388           0.9188870194627721
-16.64824120603015            0.918886500150584
-16.532663316582916           0.9188864732839152
-16.417085427135678           0.9188864800372586
-16.301507537688444           0.9188859904515767
-16.185929648241206           0.9188864856538093
-16.07035175879397            0.9188867055536815
-15.954773869346734           0.9188855201373619
-15.839195979899497           0.9188863878046358
-15.72361809045226            0.9188864679341321
-15.608040201005025           0.9188869824655057
-15.492462311557789           0.9188863631378237
-15.376884422110553           0.9188862305480755
-15.261306532663315           0.9188864577373901
-15.145728643216081           0.9188863615711617
-15.030150753768844           0.9188871578913356
-14.914572864321608           0.9188861223422219
-14.798994974874372           0.9188854735473663
-14.683417085427136           0.918886355160313
-14.5678391959799             0.918886284653737
-14.452261306532662           0.918886245092261
-14.336683417085428           0.9188861794932491
-14.22110552763819            0.9188865374397553
-14.105527638190955           0.9188861334482541
-13.989949748743719           0.918885314113576
-13.874371859296481           0.9188859938645904
-13.758793969849247           0.9188866970378289
-13.64321608040201            0.9188860845578852
-13.527638190954773           0.9188855011154586
-13.412060301507537           0.9188861115333616
-13.296482412060302           0.9188860265125933
-13.180904522613066           0.9188862181828652
-13.065326633165828           0.9188856958364844
-12.949748743718594           0.9188861155506174
-12.834170854271356           0.9188856465691686
-12.71859296482412            0.9188862789469889
-12.603015075376884           0.9188855435779267
-12.487437185929648           0.9188861152942845
-12.371859296482413           0.9188859273515724
-12.256281407035175           0.9188861713303041
-12.14070351758794            0.9188859606187008
-12.025125628140703           0.9188858577004215
-11.909547738693467           0.918885796235544
-11.793969849246231           0.9188856851485666
-11.678391959798995           0.9188859330733212
-11.56281407035176            0.9188858825583538
-11.447236180904522           0.9188862038362039
-11.331658291457286           0.9188859449209786
-11.21608040201005            0.9188858693894716
-11.100502512562814           0.9188861969339719
-10.984924623115578           0.9188859312242251
-10.869346733668342           0.9188857989550278
-10.753768844221106           0.9188852067511206
-10.638190954773869           0.9188859159859718
-10.522613065326633           0.9188857231220543
-10.407035175879397           0.9188859147550453
-10.291457286432161           0.9188864888534948
-10.175879396984925           0.9188857729340147
-10.06030150753769            0.9188856460179796
-9.944723618090451            0.918885764383293
-9.829145728643216            0.9188854927234744
-9.71356783919598             0.9188861672588914
-9.597989949748744            0.918885740164214
-9.482412060301508            0.918885713868016
-9.366834170854272            0.9188857963160442
-9.251256281407034            0.9188857165431177
-9.135678391959798            0.9188856659020631
-9.020100502512562            0.9188858365034628
-8.904522613065327            0.9188853398169388
-8.78894472361809             0.9188852533621221
-8.673366834170855            0.9188866289699595
-8.557788944723619            0.918885672141548
-8.442211055276381            0.9188865704015987
-8.326633165829145            0.9188852766042492
-8.21105527638191             0.9188854571181722
-8.095477386934673            0.9188856892313139
-7.9798994974874375           0.9188856150424439
-7.864321608040202            0.9188855732588445
-7.748743718592964            0.9188855121585845
-7.633165829145728            0.918885613080711
-7.517587939698492            0.9188853768981892
-7.402010050251256            0.9188858270753156
-7.28643216080402             0.9188855816307908
-7.170854271356784            0.9188855181121147
-7.055276381909547            0.9188852653078647
-6.939698492462311            0.9188855021939352
-6.824120603015075            0.9188855235948352
-6.708542713567839            0.9188853946303324
-6.592964824120603            0.9188854880805295
-6.477386934673367            0.9188854492236295
-6.361809045226131            0.9188854761193277
-6.246231155778894            0.9188853786491539
-6.130653266331658            0.918885464447914
-6.015075376884422            0.9188854690245405
-5.899497487437186            0.9188855261626508
-5.78391959798995             0.9188854169916026
-5.668341708542714            0.9188854329501045
-5.5527638190954764           0.918885292337662
-5.4371859296482405           0.9188851740978501
-5.321608040201005            0.9188852923774206
-5.206030150753769            0.9188853511295494
-5.090452261306533            0.9188854300690777
-4.974874371859297            0.9188853912340618
-4.859296482412061            0.918885567526964
-4.743718592964823            0.9188853760392932
-4.628140703517587            0.9188854622925183
-4.5125628140703515           0.9188853150577071
-4.396984924623116            0.9188853326522756
-4.28140703517588             0.9188853531591227
-4.165829145728644            0.918885330490217
-4.050251256281406            0.9188852551644477
-3.934673366834172            0.9188853482603632
-3.8190954773869343           0.9188853612637111
-3.7035175879396967           0.9188853064310383
-3.5879396984924625           0.9188853165807381
-3.472361809045225            0.9188853036434099
-3.3567839195979907           0.9188853227749743
-3.241206030150753            0.9188852727372372
-3.125628140703519            0.9188852664631878
-3.0100502512562812           0.9188852703994498
-2.8944723618090435           0.9188852906783406
-2.7788944723618094           0.9188851581742157
-2.6633165829145717           0.9188852439452107
-2.5477386934673376           0.9188852513344946
-2.4321608040201              0.9188852459220679
-2.316582914572866            0.9188852477480415
-2.201005025125628            0.9188852599779257
-2.0854271356783904           0.9188852482973399
-1.9698492462311563           0.9188852083709507
-1.8542713567839186           0.9188851470432458
-1.7386934673366845           0.9188851509120642
-1.6231155778894468           0.9188850631496983
-1.5075376884422127           0.9188850146753993
-1.391959798994975            0.9188847099597937
-1.2763819095477373           0.9188840186446663
-1.1608040201005032           0.9188823200427569
-1.0452261306532655           0.9188781557892928
-0.9296482412060314           0.9188681055641977
-0.8140703517587937           0.9188440080067033
-0.698492462311556            0.9187861115207127
-0.5829145728643219           0.9186493862529418
-0.46733668341708423          0.9183298658249714
-0.3517587939698501           0.9175952989658256
-0.23618090452261245          0.9159419450596402
-0.12060301507537828          0.9123200341325957
-0.005025125628140596         0.904650144261608
0.11055276381909708           0.8890599400304624
0.22613065326633117           0.8588346427018738
0.34170854271356893           0.8031887205416597
0.457286432160803             0.7060448833490311
0.5728643216080407            0.5449365917401964
0.6884422110552748            0.2899348150035378
0.8040201005025125            -0.09769810616137661
0.9195979899497502            -0.6674654629698644
1.0351758793969843            -1.4824751234245184
1.150753768844222             -2.623410854409619
1.266331658291456             -4.19405260406749
1.3819095477386938            -6.328911450676745
1.4974874371859315            -9.203244692594279
1.6130653266331656            -13.045579854304327
1.7286432160804033            -18.153670399196795
1.8442211055276374            -24.915462493421032
1.959798994974875             -33.836676509200664
2.075376884422109             -45.57684681033401
2.190954773869347             -60.99632215852381
2.3065326633165846            -81.21756738324673
2.4221105527638187            -107.70513568491437
2.5376884422110564            -142.37001046302328
2.6532663316582905            -187.7057507640978
2.768844221105528             -248.71565289227794
