-20.0                         0.8351937945142366
-19.884422110552762           0.8351946685794374
-19.768844221105528           0.8351936884847454
-19.65326633165829            0.8351927259631118
-19.537688442211056           0.8351936750558179
-19.42211055276382            0.8351935772557132
-19.306532663316585           0.8351938505350175
-19.190954773869347           0.8351926372553417
-19.07537688442211            0.835193831501579
-18.959798994974875           0.8351935491412044
-18.844221105527637           0.835194711731083
-18.728643216080403           0.835193512133861
-18.613065326633166           0.8351936155427776
-18.49748743718593            0.83519350183414
-18.381909547738694           0.8351954336600662
-18.266331658291456           0.8351933482893521
-18.150753768844222           0.8351934271082634
-18.035175879396984           0.8351933482976417
-17.91959798994975            0.835193392280687
-17.804020100502512           0.8351937383970611
-17.688442211055275           0.835193629938142
-17.57286432160804            0.8351931385057783
-17.457286432160803           0.8351931255629098
-17.34170854271357            0.8351933490818504
-17.22613065326633            0.8351934609274289
-17.110552763819094           0.8351930753483764
-16.99497487437186            0.8351934469875643
-16.87939698492462            0.8351931584489879
-16.763819095477388           0.8351936192205843
-16.64824120603015            0.8351931798280892
-16.532663316582916           0.8351930899031202
-16.417085427135678           0.8351931330368548
-16.301507537688444           0.8351926938033281
-16.185929648241206           0.8351931355485871
-16.07035175879397            0.8351933304677093
-15.954773869346734           0.8351922266503995
-15.839195979899497           0.8351930336043601
-15.72361809045226            0.8351930979151103
-15.608040201005025           0.8351935236330102
-15.492462311557789           0.8351930015652075
-15.376884422110553           0.8351928288276079
-15.261306532663315           0.8351930988595698
-15.145728643216081           0.8351929944850404
-15.030150753768844           0.8351937597829605
-14.914572864321608           0.8351927701687142
-14.798994974874372           0.8351921548212815
-14.683417085427136           0.8351929863003672
-14.5678391959799             0.8351929199539009
-14.452261306532662           0.8351928809863071
-14.336683417085428           0.835192822193617
-14.22110552763819            0.8351931027897845
-14.105527638190955           0.8351927790274394
-13.989949748743719           0.8351919928643184
-13.874371859296481           0.8351926448347149
-13.758793969849247           0.8351933548726584
-13.64321608040201            0.8351927329437173
-13.527638190954773           0.8351922002078666
-13.412060301507537           0.8351927519243966
-13.296482412060302           0.83519272160727
-13.180904522613066           0.8351928397853222
-13.065326633165828           0.8351923257464547
-12.949748743718594           0.835192764342477
-12.834170854271356           0.835192297703597
-12.71859296482412            0.8351929147657806
-12.603015075376884           0.8351921872894842
-12.487437185929648           0.8351927534705973
-12.371859296482413           0.835192590704032
-12.256281407035175           0.8351928011006412
-12.14070351758794            0.835192599567374
-12.025125628140703           0.8351925456993793
-11.909547738693467           0.8351924430675968
-11.793969849246231           0.8351923213982434
-11.678391959798995           0.8351925685767636
-11.56281407035176            0.835192523809502
-11.447236180904522           0.8351928208665074
-11.331658291457286           0.8351925855290375
-11.21608040201005            0.8351925115955153
-11.100502512562814           0.835192850774349
-10.984924623115578           0.8351925706572572
-10.869346733668342           0.8351924396981554
-10.753768844221106           0.8351918787619909
-10.638190954773869           0.8351925428874353
-10.522613065326633           0.8351923709483976
-10.407035175879397           0.8351925448872767
-10.291457286432161           0.8351930648623005
-10.175879396984925           0.8351924153610757
-10.06030150753769            0.8351922914299422
-9.944723618090451            0.8351923997982443
-9.829145728643216            0.8351921709036519
-9.71356783919598             0.8351927671260874
-9.597989949748744            0.8351923734131594
-9.482412060301508            0.8351923521010828
-9.366834170854272            0.8351924244188005
-9.251256281407034            0.8351923530179679
-9.135678391959798            0.8351923104131983
-9.020100502512562            0.8351924709671247
-8.904522613065327            0.8351920102659833
-8.78894472361809             0.8351919176401594
-8.673366834170855            0.8351932176769092
-8.557788944723619            0.8351923034596601
-8.442211055276381            0.8351931610168464
-8.326633165829145            0.8351919386624674
-8.21105527638191             0.8351921252447231
-8.095477386934673            0.8351923070208013
-7.9798994974874375           0.8351922504376862
-7.864321608040202            0.8351922102706006
-7.748743718592964            0.835192154951583
-7.633165829145728            0.8351922447085769
-7.517587939698492            0.8351920245762001
-7.402010050251256            0.835192439213499
-7.28643216080402             0.8351922184882691
-7.170854271356784            0.8351921576319467
-7.055276381909547            0.8351919111822386
-6.939698492462311            0.8351921384379208
-6.824120603015075            0.8351921607720003
-6.708542713567839            0.8351920476536026
-6.592964824120603            0.8351921214531821
-6.477386934673367            0.8351920733393294
-6.361809045226131            0.8351921086735232
-6.246231155778894            0.8351920171003253
-6.130653266331658            0.8351921033894673
-6.015075376884422            0.8351921088640493
-5.899497487437186            0.8351921637527724
-5.78391959798995             0.8351920583169037
-5.668341708542714            0.8351920708152816
-5.5527638190954764           0.8351919377197248
-5.4371859296482405           0.8351918250804357
-5.321608040201005            0.8351919415842728
-5.206030150753769            0.835191988680175
-5.090452261306533            0.8351920565725806
-4.974874371859297            0.835192040612386
-4.859296482412061            0.8351922032135889
-4.743718592964823            0.8351920152219329
-4.628140703517587            0.8351920944654606
-4.5125628140703515           0.8351919528140532
-4.396984924623116            0.835191972092832
-4.28140703517588             0.835191991014387
-4.165829145728644            0.835191968182364
-4.050251256281406            0.8351919047449421
-3.934673366834172            0.8351919838134395
-3.8190954773869343           0.8351919949366087
-3.7035175879396967           0.8351919435269481
-3.5879396984924625           0.8351919510943745
-3.472361809045225            0.8351919387143375
-3.3567839195979907           0.8351919573687632
-3.241206030150753            0.8351919083139884
-3.125628140703519            0.8351919044418635
-3.0100502512562812           0.8351919086928538
-2.8944723618090435           0.8351919203180048
-2.7788944723618094           0.8351918001362428
-2.6633165829145717           0.8351918767885529
-2.5477386934673376           0.835191888007012
-2.4321608040201              0.8351918827077079
-2.316582914572866            0.8351918832572115
-2.201005025125628            0.8351918937032966
-2.0854271356783904           0.8351918807180779
-1.9698492462311563           0.8351918369441438
-1.8542713567839186           0.8351917660404066
-1.7386934673366845           0.8351917413287576
-1.6231155778894468           0.8351915914024413
-1.5075376884422127           0.8351913954129093
-1.391959798994975            0.8351907702596972
-1.2763819095477373           0.8351893489846356
-1.1608040201005032           0.8351860306193555
-1.0452261306532655           0.8351782891318172
-0.9296482412060314           0.8351604115611674
-0.8140703517587937           0.8351193639956316
-0.698492462311556            0.8350253363665575
-0.5829145728643219           0.8348129015394781
-0.46733668341708423          0.8343382717137929
-0.3517587939698501           0.8332947471745722
-0.23618090452261245          0.831047335833354
-0.12060301507537828          0.8263321065040231
-0.005025125628140596         0.8167540310569368
0.11055276381909708           0.7980341204332586
0.22613065326633117           0.7630196441813772
0.34170854271356893           0.7005605738623403
0.457286432160803             0.5943937831697124
0.5728643216080407            0.42209194388811416
0.6884422110552748            0.15395499336335253
0.8040201005025125            -0.2484216914956767
0.9195979899497502            -0.8341899993903045
1.0351758793969843            -1.6661443857765121
1.150753768844222             -2.8247197600031124
1.266331658291456             -4.4135175696769
1.3819095477386938            -6.5669259330681315
1.4974874371859315            -9.460107520267643
1.6130653266331656            -13.3215097594466
1.7286432160804033            -18.448823005729977
1.8442211055276374            -25.229948551276166
1.959798994974875             -34.17057595033283
2.075376884422109             -45.93021813463343
2.190954773869347             -61.369208649281745
2.3065326633165846            -81.61000133219513
2.4221105527638187            -108.11714133659129
2.5376884422110564            -142.80160610839275
2.6532663316582905            -188.15695025326784
2.768844221105528             -249.18635640986588
