-20.0                         0.48759995838164943
-19.884422110552762           0.4876006079430187
-19.768844221105528           0.48759989039617524
-19.65326633165829            0.48759909721500416
-19.537688442211056           0.4875998496820658
-19.42211055276382            0.48759988168802326
-19.306532663316585           0.4876000043027101
-19.190954773869347           0.48759937759130223
-19.07537688442211            0.4875999195537665
-18.959798994974875           0.4875997542480163
-18.844221105527637           0.48760053221455263
-18.728643216080403           0.48759979343128107
-18.613065326633166           0.4875996928085817
-18.49748743718593            0.4875997109565969
-18.381909547738694           0.487600964499846
-18.266331658291456           0.48759957252455766
-18.150753768844222           0.4875996530538051
-18.035175879396984           0.4875992821635403
-17.91959798994975            0.4875995937430429
-17.804020100502512           0.48759975636066394
-17.688442211055275           0.4875998249045779
-17.57286432160804            0.487599498220535
-17.457286432160803           0.4875993531094368
-17.34170854271357            0.48759958513743124
-17.22613065326633            0.4875997479203776
-17.110552763819094           0.48759931002962836
-16.99497487437186            0.48759951078981506
-16.87939698492462            0.4875995581286438
-16.763819095477388           0.48759961973736576
-16.64824120603015            0.48759948594556907
-16.532663316582916           0.4875992702337572
-16.417085427135678           0.4875993764375807
-16.301507537688444           0.4875991898053772
-16.185929648241206           0.4875993459161958
-16.07035175879397            0.48759943648077325
-15.954773869346734           0.4875987362040618
-15.839195979899497           0.4875992456148232
-15.72361809045226            0.4875992630316515
-15.608040201005025           0.4875993147029469
-15.492462311557789           0.48759918385443723
-15.376884422110553           0.4875989431691889
-15.261306532663315           0.4875992688965296
-15.145728643216081           0.4875991577707917
-15.030150753768844           0.48759966441543945
-14.914572864321608           0.48759899854304206
-14.798994974874372           0.4875985932845977
-14.683417085427136           0.4875991338188842
-14.5678391959799             0.48759911490105307
-14.452261306532662           0.4875990800792576
-14.336683417085428           0.4875990224710921
-14.22110552763819            0.48759901659698424
-14.105527638190955           0.48759900520691213
-13.989949748743719           0.48759838220460766
-13.874371859296481           0.4875988858509188
-13.758793969849247           0.4875995661986826
-13.64321608040201            0.4875989625910181
-13.527638190954773           0.4875986840856343
-13.412060301507537           0.48759894987913427
-13.296482412060302           0.4875991047025767
-13.180904522613066           0.4875989563692094
-13.065326633165828           0.48759852526783665
-12.949748743718594           0.48759897257002005
-12.834170854271356           0.4875985505824301
-12.71859296482412            0.4875990619560595
-12.603015075376884           0.4875984463632764
-12.487437185929648           0.48759891342700357
-12.371859296482413           0.48759885724076774
-12.256281407035175           0.4875989266595952
-12.14070351758794            0.4875987840106411
-12.025125628140703           0.4875989091370998
-11.909547738693467           0.4875986647512948
-11.793969849246231           0.4875985620727845
-11.678391959798995           0.48759874489998095
-11.56281407035176            0.487598718169191
-11.447236180904522           0.4875988999341268
-11.331658291457286           0.48759876530141893
-11.21608040201005            0.48759870662930055
-11.100502512562814           0.4875990635031302
-10.984924623115578           0.4875987431578452
-10.869346733668342           0.48759863253588703
-10.753768844221106           0.48759822713013623
-10.638190954773869           0.48759867971487025
-10.522613065326633           0.4875985968993562
-10.407035175879397           0.4875986706176265
-10.291457286432161           0.4875989480218251
-10.175879396984925           0.4875986059467136
-10.06030150753769            0.4875985049639661
-9.944723618090451            0.4875985740442837
-9.829145728643216            0.48759852457568553
-9.71356783919598             0.4875987437517948
-9.597989949748744            0.48759853768469674
-9.482412060301508            0.4875985365712322
-9.366834170854272            0.4875985545378806
-9.251256281407034            0.48759852358206823
-9.135678391959798            0.48759851216091354
-9.020100502512562            0.48759859227758007
-8.904522613065327            0.48759834619604053
-8.78894472361809             0.4875982229184003
-8.673366834170855            0.48759914749981137
-8.557788944723619            0.4875984518227923
-8.442211055276381            0.4875991003834973
-8.326633165829145            0.48759823178579
-8.21105527638191             0.4875984272077788
-8.095477386934673            0.4875984105530951
-7.9798994974874375           0.48759841214127736
-7.864321608040202            0.4875983854747659
-7.748743718592964            0.48759835405412405
-7.633165829145728            0.48759839439999186
-7.517587939698492            0.48759827082411655
-7.402010050251256            0.48759848025177577
-7.28643216080402             0.4875983847732574
-7.170854271356784            0.48759834146588005
-7.055276381909547            0.48759814590318784
-6.939698492462311            0.48759831206234083
-6.824120603015075            0.48759833033057565
-6.708542713567839            0.4875982912575536
-6.592964824120603            0.487598281374772
-6.477386934673367            0.4875982057528003
-6.361809045226131            0.4875982689577793
-6.246231155778894            0.4875981994082004
-6.130653266331658            0.4875982771905407
-6.015075376884422            0.48759827901840624
-5.899497487437186            0.48759831288658967
-5.78391959798995             0.4875982461996891
-5.668341708542714            0.48759824637928223
-5.5527638190954764           0.4875981628621934
-5.4371859296482405           0.4875980661279662
-5.321608040201005            0.4875981748502218
-5.206030150753769            0.4875981766832183
-5.090452261306533            0.4875981923916447
-4.974874371859297            0.4875982506120827
-4.859296482412061            0.4875983497145766
-4.743718592964823            0.4875981898975581
-4.628140703517587            0.48759824169454624
-4.5125628140703515           0.48759813917339445
-4.396984924623116            0.4875981521023979
-4.28140703517588             0.48759816200410466
-4.165829145728644            0.487598143640916
-4.050251256281406            0.4875981301362308
-3.934673366834172            0.48759814657838774
-3.8190954773869343           0.4875981496553326
-3.7035175879396967           0.48759811548341114
-3.5879396984924625           0.48759811371991696
-3.472361809045225            0.4875981031306436
-3.3567839195979907           0.48759811443397727
-3.241206030150753            0.4875980817273009
-3.125628140703519            0.48759807701231567
-3.0100502512562812           0.48759807741133165
-2.8944723618090435           0.4875980519381371
-2.7788944723618094           0.48759797237869645
-2.6633165829145717           0.4875979893176905
-2.5477386934673376           0.4875979703904614
-2.4321608040201              0.4875978869129583
-2.316582914572866            0.4875977363859487
-2.201005025125628            0.48759746187907954
-2.0854271356783904           0.48759693043304747
-1.9698492462311563           0.4875959143694627
-1.8542713567839186           0.4875940188638293
-1.7386934673366845           0.48759054706157734
-1.6231155778894468           0.48758396816895816
-1.5075376884422127           0.4875717655774772
-1.391959798994975            0.4875488763995316
-1.2763819095477373           0.4875061907249007
-1.1608040201005032           0.4874268224215803
-1.0452261306532655           0.48727968703734215
-0.9296482412060314           0.48700812193387893
-0.8140703517587937           0.4865094965441135
-0.698492462311556            0.4855997725243143
-0.5829145728643219           0.48395422321464004
-0.46733668341708423          0.48100811683862643
-0.3517587939698501           0.47580067090501027
-0.23618090452261245          0.46673800550186645
-0.12060301507537828          0.45125384081521513
-0.005025125628140596         0.42535358114857535
0.11055276381909708           0.38304162548298465
0.22613065326633117           0.31564381688262333
0.34170854271356893           0.21103619424996486
0.457286432160803             0.05276481846046986
0.5728643216080407            -0.1810022702149879
0.6884422110552748            -0.5187976741578173
0.8040201005025125            -0.9975921773740766
0.9195979899497502            -1.6651043938830985
1.0351758793969843            -2.582865631741397
1.150753768844222             -3.8303026122323733
1.266331658291456             -5.510284465130014
1.3819095477386938            -7.756681933143911
1.4974874371859315            -10.744244493165262
1.6130653266331656            -14.701059883339884
1.7286432160804033            -19.92452976282117
1.8442211055276374            -26.802346701239987
1.959798994974875             -35.840054676605526
2.075376884422109             -47.69706407665352
2.190954773869347             -63.23363490747177
2.3065326633165846            -83.57216747212497
2.4221105527638187            -110.17716749293474
2.5376884422110564            -144.95958310744987
2.6532663316582905            -190.412946981077
2.768844221105528             -251.53987399780559
