-20.0                         0.31707679938239103
-19.884422110552762           0.31707726682573684
-19.768844221105528           0.3170767491487467
-19.65326633165829            0.31707614680832813
-19.537688442211056           0.3170767204636228
-19.42211055276382            0.3170767901315671
-19.306532663316585           0.3170767830122715
-19.190954773869347           0.31707660116022773
-19.07537688442211            0.31707671046518116
-18.959798994974875           0.3170766347514087
-18.844221105527637           0.317077000864932
-18.728643216080403           0.3170766413349161
-18.613065326633166           0.31707651471456416
-18.49748743718593            0.31707656785967026
-18.381909547738694           0.31707726033487577
-18.266331658291456           0.31707646489259655
-18.150753768844222           0.3170765315959249
-18.035175879396984           0.3170761068605683
-17.91959798994975            0.31707645182864225
-17.804020100502512           0.31707650533872994
-17.688442211055275           0.31707657206364886
-17.57286432160804            0.31707644453098116
-17.457286432160803           0.31707625750575624
-17.34170854271357            0.31707641534456854
-17.22613065326633            0.31707653437250977
-17.110552763819094           0.3170762328569973
-16.99497487437186            0.3170763206791801
-16.87939698492462            0.31707643374157185
-16.763819095477388           0.317076363536932
-16.64824120603015            0.3170763459535428
-16.532663316582916           0.317076201306644
-16.417085427135678           0.3170762719690131
-16.301507537688444           0.31707622251284695
-16.185929648241206           0.31707620202950537
-16.07035175879397            0.3170762469771249
-15.954773869346734           0.3170758476975431
-15.839195979899497           0.31707612682269853
-15.72361809045226            0.3170761263535706
-15.608040201005025           0.31707602513323874
-15.492462311557789           0.3170760500913464
-15.376884422110553           0.31707588815000765
-15.261306532663315           0.3170761016394954
-15.145728643216081           0.31707601963955484
-15.030150753768844           0.31707625782189836
-14.914572864321608           0.31707590138863684
-14.798994974874372           0.31707569934872026
-14.683417085427136           0.31707597696969075
-14.5678391959799             0.31707599243141266
-14.452261306532662           0.3170759620109337
-14.336683417085428           0.31707589791806423
-14.22110552763819            0.3170758065572466
-14.105527638190955           0.3170759010038226
-13.989949748743719           0.3170754270491751
-13.874371859296481           0.3170757940314174
-13.758793969849247           0.31707634614906277
-13.64321608040201            0.3170758503017184
-13.527638190954773           0.317075756627092
-13.412060301507537           0.3170758241168402
-13.296482412060302           0.3170760022849917
-13.180904522613066           0.31707579398413926
-13.065326633165828           0.317075477974458
-12.949748743718594           0.31707582359264247
-12.834170854271356           0.3170754858185393
-12.71859296482412            0.31707586977608887
-12.603015075376884           0.3170754326547511
-12.487437185929648           0.31707574380499354
-12.371859296482413           0.3170757298121689
-12.256281407035175           0.31707574532276445
-12.14070351758794            0.3170756480694669
-12.025125628140703           0.3170758123525106
-11.909547738693467           0.3170755594061956
-11.793969849246231           0.3170755229533944
-11.678391959798995           0.31707560962492687
-11.56281407035176            0.31707559039354194
-11.447236180904522           0.3170756864159399
-11.331658291457286           0.31707561120524597
-11.21608040201005            0.31707557195156544
-11.100502512562814           0.3170758778832598
-10.984924623115578           0.31707558213934783
-10.869346733668342           0.3170755030279562
-10.753768844221106           0.317075226632388
-10.638190954773869           0.3170755197674311
-10.522613065326633           0.3170754874050399
-10.407035175879397           0.3170754951313452
-10.291457286432161           0.31707560782281785
-10.175879396984925           0.31707546422000416
-10.06030150753769            0.31707539123446343
-9.944723618090451            0.31707543306385977
-9.829145728643216            0.31707547017066495
-9.71356783919598             0.31707546637902206
-9.597989949748744            0.31707539440609744
-9.482412060301508            0.31707540028935166
-9.366834170854272            0.317075384780953
-9.251256281407034            0.3170753751020155
-9.135678391959798            0.3170753724652694
-9.020100502512562            0.31707538833699805
-8.904522613065327            0.3170753089005111
-8.78894472361809             0.31707517968014926
-8.673366834170855            0.3170757984039966
-8.557788944723619            0.31707529252566463
-8.442211055276381            0.3170757592178732
-8.326633165829145            0.3170751767234194
-8.21105527638191             0.3170753354802209
-8.095477386934673            0.31707524878341103
-7.9798994974874375           0.3170752599994528
-7.864321608040202            0.3170752439401359
-7.748743718592964            0.3170752261924196
-7.633165829145728            0.31707523569632806
-7.517587939698492            0.31707518704622256
-7.402010050251256            0.31707524573387963
-7.28643216080402             0.3170752279351597
-7.170854271356784            0.31707520051035115
-7.055276381909547            0.3170750690816202
-6.939698492462311            0.3170751701966183
-6.824120603015075            0.31707517761689696
-6.708542713567839            0.3170751870746282
-6.592964824120603            0.31707513247340263
-6.477386934673367            0.31707505883631876
-6.361809045226131            0.31707512385584086
-6.246231155778894            0.3170750656214696
-6.130653266331658            0.31707512490626466
-6.015075376884422            0.31707512156771794
-5.899497487437186            0.3170751322910849
-5.78391959798995             0.31707510277966744
-5.668341708542714            0.3170750995376344
-5.5527638190954764           0.3170750575786639
-5.4371859296482405           0.31707497414441654
-5.321608040201005            0.31707506295566806
-5.206030150753769            0.31707504638462153
-5.090452261306533            0.317075037694224
-4.974874371859297            0.3170750993909793
-4.859296482412061            0.3170751557138603
-4.743718592964823            0.3170750357065764
-4.628140703517587            0.31707506946582803
-4.5125628140703515           0.31707500074091155
-4.396984924623116            0.31707499747240975
-4.28140703517588             0.31707499529509015
-4.165829145728644            0.3170749746474992
-4.050251256281406            0.31707497197313567
-3.934673366834172            0.31707493620538624
-3.8190954773869343           0.31707490289487195
-3.7035175879396967           0.3170748334896956
-3.5879396984924625           0.31707475250663614
-3.472361809045225            0.31707462399009945
-3.3567839195979907           0.31707444280779906
-3.241206030150753            0.3170741363611989
-3.125628140703519            0.3170736725413342
-3.0100502512562812           0.31707296230017756
-2.8944723618090435           0.3170718220967314
-2.7788944723618094           0.31707004841906344
-2.6633165829145717           0.3170673544195602
-2.5477386934673376           0.3170631411856459
-2.4321608040201              0.317056524431064
-2.316582914572866            0.31704620235365044
-2.201005025125628            0.3170301059565613
-2.0854271356783904           0.3170050052083499
-1.9698492462311563           0.31696587884946004
-1.8542713567839186           0.31690495938128965
-1.7386934673366845           0.3168102250009501
-1.6231155778894468           0.3166629345397444
-1.5075376884422127           0.31643437312841155
-1.391959798994975            0.31608005606889045
-1.2763819095477373           0.315531826545641
-1.1608040201005032           0.31468540644304943
-1.0452261306532655           0.3133819034381962
-0.9296482412060314           0.3113806287369414
-0.8140703517587937           0.30831912191898814
-0.698492462311556            0.30365546223048656
-0.5829145728643219           0.29658678411398093
-0.46733668341708423          0.28593439899243706
-0.3517587939698501           0.26998735450734546
-0.23618090452261245          0.24629201373911375
-0.12060301507537828          0.2113757473822125
-0.005025125628140596         0.16039107759552745
0.11055276381909708           0.0866653577212803
0.22613065326633117           -0.018863385441537175
0.34170854271356893           -0.1683501531092528
0.457286432160803             -0.37792571828173627
0.5728643216080407            -0.6688145976404957
0.6884422110552748            -1.0687674449805789
0.8040201005025125            -1.6139120661840671
0.9195979899497502            -2.351154415507305
1.0351758793969843            -3.34130581017521
1.150753768844222             -4.663206475487133
1.266331658291456             -6.419287929344327
1.3819095477386938            -8.743096780553993
1.4974874371859315            -11.80910636829488
1.6130653266331656            -15.84515253969432
1.7286432160804033            -21.14842854159325
1.8442211055276374            -28.106472189892237
1.959798994974875             -37.224716870488635
2.075376884422109             -49.162493499827676
2.190954773869347             -64.78000419781219
2.3065326633165846            -85.19960661762848
2.4221105527638187            -111.88577477486513
2.5376884422110564            -146.74943307050353
2.6532663316582905            -192.2840963023696
2.768844221105528             -253.49190917368497
