-20.0                         1.4649682867206661
-19.884422110552762           1.464969581577163
-19.768844221105528           1.4649681278006539
-19.65326633165829            1.4649671143979333
-19.537688442211056           1.464968394348301
-19.42211055276382            1.4649679565536573
-19.306532663316585           1.4649681784488757
-19.190954773869347           1.4649664894363748
-19.07537688442211            1.4649685115587978
-18.959798994974875           1.4649681253308906
-18.844221105527637           1.4649693162104371
-18.728643216080403           1.4649677406311588
-18.613065326633166           1.4649684314914253
-18.49748743718593            1.464967938586375
-18.381909547738694           1.464970648771774
-18.266331658291456           1.4649678772672419
-18.150753768844222           1.464967940331612
-18.035175879396984           1.464968583214246
-17.91959798994975            1.464967847250781
-17.804020100502512           1.464968491379378
-17.688442211055275           1.4649678172175629
-17.57286432160804            1.4649676151879079
-17.457286432160803           1.464967663322417
-17.34170854271357            1.4649676492989854
-17.22613065326633            1.4649675461697882
-17.110552763819094           1.4649676430948537
-16.99497487437186            1.4649681428446144
-16.87939698492462            1.4649672003507066
-16.763819095477388           1.4649684713753803
-16.64824120603015            1.4649674584186578
-16.532663316582916           1.4649679945439515
-16.417085427135678           1.4649676216046597
-16.301507537688444           1.4649669284348177
-16.185929648241206           1.4649676480345009
-16.07035175879397            1.464967979567546
-15.954773869346734           1.4649663580580448
-15.839195979899497           1.4649675748192184
-15.72361809045226            1.4649678056865478
-15.608040201005025           1.4649688073397125
-15.492462311557789           1.4649675983460422
-15.376884422110553           1.464967853506346
-15.261306532663315           1.4649676545282346
-15.145728643216081           1.4649676293318434
-15.030150753768844           1.4649684360327297
-14.914572864321608           1.464967303287181
-14.798994974874372           1.464966529684798
-14.683417085427136           1.464967632802945
-14.5678391959799             1.4649675956954427
-14.452261306532662           1.464967558922043
-14.336683417085428           1.4649673906791174
-14.22110552763819            1.4649682535883808
-14.105527638190955           1.464967350817355
-13.989949748743719           1.4649663268552156
-13.874371859296481           1.464967153902894
-13.758793969849247           1.4649677619562158
-13.64321608040201            1.4649672754598517
-13.527638190954773           1.4649664160078706
-13.412060301507537           1.4649673514753052
-13.296482412060302           1.4649668793369672
-13.180904522613066           1.4649675554944184
-13.065326633165828           1.464967053537366
-12.949748743718594           1.4649672684489399
-12.834170854271356           1.4649668172304369
-12.71859296482412            1.4649675057697886
-12.603015075376884           1.4649668135112996
-12.487437185929648           1.4649673244108499
-12.371859296482413           1.4649670144132403
-12.256281407035175           1.4649674138642967
-12.14070351758794            1.4649671969315037
-12.025125628140703           1.4649667646828555
-11.909547738693467           1.4649669809946382
-11.793969849246231           1.4649670406244946
-11.678391959798995           1.4649671959978632
-11.56281407035176            1.4649671001021578
-11.447236180904522           1.4649675644578117
-11.331658291457286           1.4649671545999248
-11.21608040201005            1.4649670828205916
-11.100502512562814           1.46496730357716
-10.984924623115578           1.4649671457615965
-10.869346733668342           1.4649670223033648
-10.753768844221106           1.4649662502070293
-10.638190954773869           1.4649672224749963
-10.522613065326633           1.4649669056263939
-10.407035175879397           1.4649671466064778
-10.291457286432161           1.4649680678946257
-10.175879396984925           1.4649669770460563
-10.06030150753769            1.464966837730792
-9.944723618090451            1.4649670369584646
-9.829145728643216            1.4649664922796601
-9.71356783919598             1.4649675641092563
-9.597989949748744            1.4649670115747226
-9.482412060301508            1.4649669579873665
-9.366834170854272            1.4649670804407557
-9.251256281407034            1.464966964335162
-9.135678391959798            1.4649668726790959
-9.020100502512562            1.4649670219019229
-8.904522613065327            1.4649664004442338
-8.78894472361809             1.4649663361545007
-8.673366834170855            1.464968142459526
-8.557788944723619            1.464966949320047
-8.442211055276381            1.4649680730476442
-8.326633165829145            1.4649663709246985
-8.21105527638191             1.4649665079333942
-8.095477386934673            1.4649670472140837
-7.9798994974874375           1.4649668497989485
-7.864321608040202            1.4649668151090574
-7.748743718592964            1.4649667173603613
-7.633165829145728            1.4649668843356793
-7.517587939698492            1.464966600479235
-7.402010050251256            1.4649671717492807
-7.28643216080402             1.4649668155390843
-7.170854271356784            1.4649667442555006
-7.055276381909547            1.4649664795529307
-6.939698492462311            1.464966752702898
-6.824120603015075            1.4649667582247028
-6.708542713567839            1.4649665362463595
-6.592964824120603            1.464966755554068
-6.477386934673367            1.4649667910592146
-6.361809045226131            1.464966753253068
-6.246231155778894            1.4649666134904753
-6.130653266331658            1.4649666830388637
-6.015075376884422            1.4649666661829561
-5.899497487437186            1.4649667213663473
-5.78391959798995             1.464966629423123
-5.668341708542714            1.4649666674367157
-5.5527638190954764           1.4649665116262656
-5.4371859296482405           1.4649663340646515
-5.321608040201005            1.4649664790371049
-5.206030150753769            1.4649666141411923
-5.090452261306533            1.4649667371730057
-4.974874371859297            1.4649665406526164
-4.859296482412061            1.4649667949863414
-4.743718592964823            1.4649665943118861
-4.628140703517587            1.4649667288674617
-4.5125628140703515           1.4649665722061695
-4.396984924623116            1.4649665578728326
-4.28140703517588             1.4649665826095584
-4.165829145728644            1.4649665699190533
-4.050251256281406            1.4649664193240852
-3.934673366834172            1.4649665920540162
-3.8190954773869343           1.4649666176710594
-3.7035175879396967           1.464966544094288
-3.5879396984924625           1.4649665719088945
-3.472361809045225            1.4649665562062937
-3.3567839195979907           1.4649665657472741
-3.241206030150753            1.464966537937195
-3.125628140703519            1.464966500595835
-3.0100502512562812           1.4649665006152384
-2.8944723618090435           1.4649665830565555
-2.7788944723618094           1.4649663702153755
-2.6633165829145717           1.464966516870245
-2.5477386934673376           1.4649664920915377
-2.4321608040201              1.4649664826364888
-2.316582914572866            1.464966492069662
-2.201005025125628            1.4649665018600908
-2.0854271356783904           1.4649664880296085
-1.9698492462311563           1.4649664485100735
-1.8542713567839186           1.4649663836217555
-1.7386934673366845           1.46496641376644
-1.6231155778894468           1.464966358100888
-1.5075376884422127           1.4649664468615533
-1.391959798994975            1.4649664016747597
-1.2763819095477373           1.4649664186256774
-1.1608040201005032           1.4649664013050459
-1.0452261306532655           1.4649662897468645
-0.9296482412060314           1.46496594272098
-0.8140703517587937           1.4649650709153137
-0.698492462311556            1.4649618083717932
-0.5829145728643219           1.464952255784183
-0.46733668341708423          1.4649233991903279
-0.3517587939698501           1.4648377695646904
-0.23618090452261245          1.4645893456702115
-0.12060301507537828          1.4638897116615595
-0.005025125628140596         1.461995243784663
0.11055276381909708           1.4571166241807614
0.22613065326633117           1.4453111064393511
0.34170854271356893           1.4187608701801997
0.457286432160803             1.363675440330212
0.5728643216080407            1.258399488181249
0.6884422110552748            1.072165308588339
0.8040201005025125            0.7642489852078418
0.9195979899497502            0.2827601020457625
1.0351758793969843            -0.4376285319922998
1.150753768844222             -1.4793734302203747
1.266331658291456             -2.947514311120619
1.3819095477386938            -4.977408116529801
1.4974874371859315            -7.744937347611098
1.6130653266331656            -11.479142386936541
1.7286432160804033            -16.47817256111615
1.8442211055276374            -23.13025032280102
1.959798994974875             -31.941282498152766
2.075376884422109             -43.570931254433404
2.190954773869347             -58.87963507437716
2.3065326633165846            -78.98992303380265
2.4221105527638187            -105.36639505371211
2.5376884422110564            -139.92006891976143
2.6532663316582905            -185.14452922495266
2.768844221105528             -246.0437182189111
