-20.0                         0.307800665495587
-19.884422110552762           0.3078009593987537
-19.768844221105528           0.30780062333388986
-19.65326633165829            0.3078002096997655
-19.537688442211056           0.3078005969023702
-19.42211055276382            0.30780064935114176
-19.306532663316585           0.30780059714925445
-19.190954773869347           0.30780062698507626
-19.07537688442211            0.3078005379525807
-18.959798994974875           0.30780051098264927
-18.844221105527637           0.30780059785349806
-18.728643216080403           0.30780048165634794
-18.613065326633166           0.3078003870943317
-18.49748743718593            0.3078004337041956
-18.381909547738694           0.30780070938198606
-18.266331658291456           0.3078003591305874
-18.150753768844222           0.30780039727727093
-18.035175879396984           0.3078000690669727
-17.91959798994975            0.30780032290344017
-17.804020100502512           0.3078003206317251
-17.688442211055275           0.3078003407556908
-17.57286432160804            0.3078003182807544
-17.457286432160803           0.307800169918079
-17.34170854271357            0.3078002526616633
-17.22613065326633            0.30780029993959057
-17.110552763819094           0.3078001581768221
-16.99497487437186            0.3078001809477838
-16.87939698492462            0.30780024088284436
-16.763819095477388           0.30780016746187316
-16.64824120603015            0.30780017523556075
-16.532663316582916           0.3078001156983802
-16.417085427135678           0.3078001502865227
-16.301507537688444           0.30780013361821595
-16.185929648241206           0.30780006342838356
-16.07035175879397            0.307800086471596
-15.954773869346734           0.3077999031511575
-15.839195979899497           0.30780000981189204
-15.72361809045226            0.3077999981835563
-15.608040201005025           0.30779989302375516
-15.492462311557789           0.3077999290747746
-15.376884422110553           0.30779986662900033
-15.261306532663315           0.3077999485441309
-15.145728643216081           0.3077998986483842
-15.030150753768844           0.3077999560479978
-14.914572864321608           0.3077998101930259
-14.798994974874372           0.30779975885571137
-14.683417085427136           0.3077998417796357
-14.5678391959799             0.3077998587583221
-14.452261306532662           0.30779983400008687
-14.336683417085428           0.30779978021970444
-14.22110552763819            0.3077997090723116
-14.105527638190955           0.30779978446614786
-13.989949748743719           0.3077994657645733
-13.874371859296481           0.30779970154149877
-13.758793969849247           0.30780005749920564
-13.64321608040201            0.30779972568439684
-13.527638190954773           0.30779973107823194
-13.412060301507537           0.3077996959058111
-13.296482412060302           0.30779980908614846
-13.180904522613066           0.3077996585681577
-13.065326633165828           0.30779947028155524
-12.949748743718594           0.3077996661910487
-12.834170854271356           0.3077994344787728
-12.71859296482412            0.30779968024185667
-12.603015075376884           0.3077994367106046
-12.487437185929648           0.30779958978126126
-12.371859296482413           0.30779958175671923
-12.256281407035175           0.30779958590791345
-12.14070351758794            0.30779952057821336
-12.025125628140703           0.30779963568110846
-11.909547738693467           0.30779945839926415
-11.793969849246231           0.307799465820262
-11.678391959798995           0.30779948172380306
-11.56281407035176            0.30779946758870136
-11.447236180904522           0.3077995018438083
-11.331658291457286           0.3077994617862118
-11.21608040201005            0.3077994386929574
-11.100502512562814           0.3077996440913809
-10.984924623115578           0.30779942773819174
-10.869346733668342           0.3077993798677851
-10.753768844221106           0.3077992142486696
-10.638190954773869           0.30779937687772996
-10.522613065326633           0.3077993686247005
-10.407035175879397           0.3077993494092201
-10.291457286432161           0.307799360909803
-10.175879396984925           0.3077993272799653
-10.06030150753769            0.3077992812447145
-9.944723618090451            0.3077992999866855
-9.829145728643216            0.3077993503125811
-9.71356783919598             0.30779927253580097
-9.597989949748744            0.3077992628442503
-9.482412060301508            0.307799265642703
-9.366834170854272            0.30779924134071107
-9.251256281407034            0.3077992362965441
-9.135678391959798            0.3077992317879211
-9.020100502512562            0.3077992199850455
-8.904522613065327            0.3077992225599968
-8.78894472361809             0.3077991223955411
-8.673366834170855            0.30779948382482336
-8.557788944723619            0.307799151649287
-8.442211055276381            0.30779945140690246
-8.326633165829145            0.30779910675768185
-8.21105527638191             0.30779919610727124
-8.095477386934673            0.30779911893724293
-7.9798994974874375           0.3077991206041638
-7.864321608040202            0.30779910942779787
-7.748743718592964            0.30779909940517985
-7.633165829145728            0.3077990905123767
-7.517587939698492            0.3077990791407813
-7.402010050251256            0.307799065644776
-7.28643216080402             0.3077990737412067
-7.170854271356784            0.30779905515942485
-7.055276381909547            0.3077989836588167
-6.939698492462311            0.3077990222869275
-6.824120603015075            0.3077990150880598
-6.708542713567839            0.3077990395314457
-6.592964824120603            0.3077989649896302
-6.477386934673367            0.3077988993160179
-6.361809045226131            0.3077989314091177
-6.246231155778894            0.30779886351439484
-6.130653266331658            0.3077988750363843
-6.015075376884422            0.3077988345987817
-5.899497487437186            0.3077987836726496
-5.78391959798995             0.3077987107550232
-5.668341708542714            0.30779862459998714
-5.5527638190954764           0.3077984966466288
-5.4371859296482405           0.3077982921714015
-5.321608040201005            0.3077981530874275
-5.206030150753769            0.30779787837548966
-5.090452261306533            0.3077975255632372
-4.974874371859297            0.3077971076901148
-4.859296482412061            0.30779653576544236
-4.743718592964823            0.3077956666481584
-4.628140703517587            0.3077946297160866
-4.5125628140703515           0.3077931846725338
-4.396984924623116            0.3077913135444324
-4.28140703517588             0.3077888367116041
-4.165829145728644            0.30778554167598193
-4.050251256281406            0.3077811921297767
-3.934673366834172            0.30777537874414373
-3.8190954773869343           0.307767686839161
-3.7035175879396967           0.30775747246358315
-3.5879396984924625           0.3077439243803329
-3.472361809045225            0.3077259415107706
-3.3567839195979907           0.3077020858597146
-3.241206030150753            0.30767041874304474
-3.125628140703519            0.3076283951191363
-3.0100502512562812           0.30757264690454483
-2.8944723618090435           0.30749865881836014
-2.7788944723618094           0.3074005187345949
-2.6633165829145717           0.3072703766758981
-2.5477386934673376           0.3070977820279047
-2.4321608040201              0.30686889662241174
-2.316582914572866            0.30656545455096307
-2.201005025125628            0.30616325693878504
-2.0854271356783904           0.305630287877769
-1.9698492462311563           0.3049242072758889
-1.8542713567839186           0.3039890670471863
-1.7386934673366845           0.30275094246030126
-1.6231155778894468           0.301112124098579
-1.5075376884422127           0.2989437017901994
-1.391959798994975            0.2960753069253821
-1.2763819095477373           0.2922820457318232
-1.1608040201005032           0.28726685586168993
-1.0452261306532655           0.2806370906936331
-0.9296482412060314           0.27187340085070566
-0.8140703517587937           0.2602879690955652
-0.698492462311556            0.2449684544792616
-0.5829145728643219           0.2247030051665029
-0.46733668341708423          0.19787863948178785
-0.3517587939698501           0.1623453457074852
-0.23618090452261245          0.11523378506593403
-0.12060301507537828          0.052712751339839596
-0.005025125628140596         -0.03033118567089007
0.11055276381909708           -0.14071259768787658
0.22613065326633117           -0.2874906378559601
0.34170854271356893           -0.4826681129639568
0.457286432160803             -0.7420878108975363
0.5728643216080407            -1.0865798413858507
0.6884422110552748            -1.5434329620504696
0.8040201005025125            -2.148286245422424
0.9195979899497502            -2.9475668192815694
1.0351758793969843            -4.001648868911313
1.150753768844222             -5.389005633416029
1.266331658291456             -7.211786349686493
1.3819095477386938            -9.603318030509058
1.4974874371859315            -12.737874866016398
1.6130653266331656            -16.843103045085517
1.7286432160804033            -22.216034517421317
1.8442211055276374            -29.244084475684023
1.959798994974875             -38.43259681159139
2.075376884422109             -50.440837019543736
2.190954773869347             -66.12895892686106
2.3065326633165846            -86.61928423705298
2.4221105527638187            -113.37626002700115
2.5376884422110564            -148.31079040687445
2.6532663316582905            -193.91637482860958
2.768844221105528             -255.19474836966486
