-20.0                         1.02785417261596
-19.884422110552762           1.0278551664852429
-19.768844221105528           1.0278540462974672
-19.65326633165829            1.0278530423109953
-19.537688442211056           1.0278540876783455
-19.42211055276382            1.0278538991290451
-19.306532663316585           1.0278541951900189
-19.190954773869347           1.0278527705595115
-19.07537688442211            1.0278542580884338
-18.959798994974875           1.0278539323066713
-18.844221105527637           1.0278551734150554
-18.728643216080403           1.0278538043640508
-18.613065326633166           1.0278540706273018
-18.49748743718593            1.027853856005445
-18.381909547738694           1.0278560707957485
-18.266331658291456           1.0278537175354423
-18.150753768844222           1.0278537924310602
-18.035175879396984           1.0278539163916482
-17.91959798994975            1.0278537525743776
-17.804020100502512           1.0278541950805262
-17.688442211055275           1.0278539332752303
-17.57286432160804            1.0278534588354065
-17.457286432160803           1.027853496827675
-17.34170854271357            1.0278536665902165
-17.22613065326633            1.02785372180075
-17.110552763819094           1.0278534512840038
-16.99497487437186            1.0278538902984156
-16.87939698492462            1.0278533865867805
-16.763819095477388           1.0278540971403325
-16.64824120603015            1.0278534735016975
-16.532663316582916           1.0278535417132857
-16.417085427135678           1.0278534907855137
-16.301507537688444           1.0278529430209586
-16.185929648241206           1.0278534993230148
-16.07035175879397            1.0278537497900602
-15.954773869346734           1.0278524647458511
-15.839195979899497           1.0278534077397035
-15.72361809045226            1.0278535114499563
-15.608040201005025           1.0278541373783312
-15.492462311557789           1.027853392763349
-15.376884422110553           1.0278533220772368
-15.261306532663315           1.027853481832841
-15.145728643216081           1.0278533984649099
-15.030150753768844           1.0278542213225925
-14.914572864321608           1.0278531402859312
-14.798994974874372           1.0278524547417247
-14.683417085427136           1.0278533938088485
-14.5678391959799             1.0278533221613966
-14.452261306532662           1.0278532821448254
-14.336683417085428           1.0278532036972998
-14.22110552763819            1.0278536638993845
-14.105527638190955           1.0278531556555568
-13.989949748743719           1.0278522944088206
-13.874371859296481           1.0278530076838475
-13.758793969849247           1.0278536976840171
-13.64321608040201            1.0278531024054602
-13.527638190954773           1.0278524570431296
-13.412060301507537           1.027853139749597
-13.296482412060302           1.0278529805639287
-13.180904522613066           1.0278532696585363
-13.065326633165828           1.0278527414531544
-12.949748743718594           1.0278531303860212
-12.834170854271356           1.027852661081049
-12.71859296482412            1.0278533099614013
-12.603015075376884           1.0278525714028626
-12.487437185929648           1.0278531431175137
-12.371859296482413           1.0278529242485666
-12.256281407035175           1.027853209228529
-12.14070351758794            1.0278529897845197
-12.025125628140703           1.0278528217130891
-11.909547738693467           1.027852815266182
-11.793969849246231           1.0278527250686746
-11.678391959798995           1.0278529672656018
-11.56281407035176            1.027852908535174
-11.447236180904522           1.0278532601982924
-11.331658291457286           1.027852970787235
-11.21608040201005            1.0278528940494926
-11.100502512562814           1.0278532041042987
-10.984924623115578           1.027852958405932
-10.869346733668342           1.0278528257764368
-10.753768844221106           1.0278521947844843
-10.638190954773869           1.0278529607356994
-10.522613065326633           1.027852741085998
-10.407035175879397           1.0278529517139392
-10.291457286432161           1.0278535955176846
-10.175879396984925           1.0278527967370186
-10.06030150753769            1.0278526667170345
-9.944723618090451            1.0278527989397939
-9.829145728643216            1.0278524719609603
-9.71356783919598             1.027853241288126
-9.597989949748744            1.0278527769007726
-9.482412060301508            1.0278527442770244
-9.366834170854272            1.0278528382091416
-9.251256281407034            1.0278527485818443
-9.135678391959798            1.0278526878420975
-9.020100502512562            1.0278528660392419
-8.904522613065327            1.0278523300999165
-8.78894472361809             1.0278522505919052
-8.673366834170855            1.0278537197028155
-8.557788944723619            1.0278527106754112
-8.442211055276381            1.0278536587766973
-8.326633165829145            1.0278522764922067
-8.21105527638191             1.027852448418099
-8.095477386934673            1.0278527455915374
-7.9798994974874375           1.0278526474293517
-7.864321608040202            1.0278526046086116
-7.748743718592964            1.0278525359852795
-7.633165829145728            1.0278526510924058
-7.517587939698492            1.027852397711088
-7.402010050251256            1.027852886906971
-7.28643216080402             1.0278526124286027
-7.170854271356784            1.027852546146592
-7.055276381909547            1.0278522872567561
-6.939698492462311            1.027852534798855
-6.824120603015075            1.0278525541984251
-6.708542713567839            1.0278524053589713
-6.592964824120603            1.027852524213711
-6.477386934673367            1.0278524984393873
-6.361809045226131            1.027852513679063
-6.246231155778894            1.0278524082296878
-6.130653266331658            1.0278524923927275
-6.015075376884422            1.027852494746858
-5.899497487437186            1.0278525536140048
-5.78391959798995             1.0278524424384958
-5.668341708542714            1.0278524629863177
-5.5527638190954764           1.0278523148128518
-5.4371859296482405           1.0278521878994349
-5.321608040201005            1.0278523092239682
-5.206030150753769            1.0278523833323017
-5.090452261306533            1.0278524751607567
-4.974874371859297            1.027852405307703
-4.859296482412061            1.0278525986941807
-4.743718592964823            1.0278524036830865
-4.628140703517587            1.0278524993263538
-4.5125628140703515           1.0278523466807425
-4.396984924623116            1.0278523605208616
-4.28140703517588             1.0278523827413524
-4.165829145728644            1.0278523609283905
-4.050251256281406            1.0278522702567396
-3.934673366834172            1.02785238089242
-3.8190954773869343           1.0278523963671946
-3.7035175879396967           1.0278523373499435
-3.5879396984924625           1.027852350976933
-3.472361809045225            1.0278523373249326
-3.3567839195979907           1.0278523563175732
-3.241206030150753            1.0278523068480743
-3.125628140703519            1.0278522963440107
-3.0100502512562812           1.027852299700249
-2.8944723618090435           1.0278523317133024
-2.7788944723618094           1.02785218318135
-2.6633165829145717           1.0278522808843236
-2.5477386934673376           1.0278522827519654
-2.4321608040201              1.027852276891127
-2.316582914572866            1.0278522800808245
-2.201005025125628            1.0278522932150043
-2.0854271356783904           1.0278522813075457
-1.9698492462311563           1.0278522421370193
-1.8542713567839186           1.0278521832209269
-1.7386934673366845           1.0278522011009572
-1.6231155778894468           1.0278521423448632
-1.5075376884422127           1.0278521725258936
-1.391959798994975            1.0278520383362282
-1.2763819095477373           1.0278517644733043
-1.1608040201005032           1.0278510351887067
-1.0452261306532655           1.0278491207364184
-0.9296482412060314           1.0278442458226502
-0.8140703517587937           1.0278319494232262
-0.698492462311556            1.0278005155045238
-0.5829145728643219           1.0277221713673166
-0.46733668341708423          1.02752860567991
-0.3517587939698501           1.0270582807688722
-0.23618090452261245          1.0259399995352916
-0.12060301507537828          1.0233545012507232
-0.005025125628140596         1.017585388186997
0.11055276381909708           1.0052616197379267
0.22613065326633117           0.9802496335871258
0.34170854271356893           0.9322918256141509
0.457286432160803             0.8456273564046347
0.5728643216080407            0.6978026304024002
0.6884422110552748            0.45862530684034053
0.8040201005025125            0.08893187507734956
0.9195979899497502            -0.4612450527127684
1.0351758793969843            -1.2554312315683738
1.150753768844222             -2.374642312636044
1.266331658291456             -3.922895397832499
1.3819095477386938            -6.034863491317597
1.4974874371859315            -8.885926835555553
1.6130653266331656            -12.704715942611758
1.7286432160804033            -17.789064866846154
1.8442211055276374            -24.52697672604019
1.959798994974875             -33.424210778935034
2.075376884422109             -45.14032830303616
2.190954773869347             -60.53569709699927
2.3065326633165846            -80.73279570156087
2.4221105527638187            -107.19618733295474
2.5376884422110564            -141.83686278785183
2.6532663316582905            -187.14838662304513
2.768844221105528             -248.13419560584578
