-20.0                         0.34863438918924344
-19.884422110552762           0.3486349059428365
-19.768844221105528           0.34863433540257177
-19.65326633165829            0.34863368015765867
-19.537688442211056           0.34863430379343785
-19.42211055276382            0.3486343697018491
-19.306532663316585           0.3486343905577585
-19.190954773869347           0.3486341073530982
-19.07537688442211            0.34863431303409126
-18.959798994974875           0.3486342164308686
-18.844221105527637           0.348634687978294
-18.728643216080403           0.3486342353149638
-18.613065326633166           0.3486341065656976
-18.49748743718593            0.34863415543709336
-18.381909547738694           0.3486349906036838
-18.266331658291456           0.34863404293234407
-18.150753768844222           0.3486341151354351
-18.035175879396984           0.3486336871325474
-17.91959798994975            0.34863403852818253
-17.804020100502512           0.3486341163404693
-17.688442211055275           0.3486341923734628
-17.57286432160804            0.3486340168872287
-17.457286432160803           0.34863383154989147
-17.34170854271357            0.3486340122219042
-17.22613065326633            0.34863414902098167
-17.110552763819094           0.3486338016500621
-16.99497487437186            0.3486339150618655
-16.87939698492462            0.3486340283177741
-16.763819095477388           0.3486339764172915
-16.64824120603015            0.3486339393122086
-16.532663316582916           0.34863376822472264
-16.417085427135678           0.3486338509071002
-16.301507537688444           0.3486337757650349
-16.185929648241206           0.3486337906047499
-16.07035175879397            0.3486338443820264
-15.954773869346734           0.3486333707318848
-15.839195979899497           0.34863370791727427
-15.72361809045226            0.34863371136756727
-15.608040201005025           0.34863363381108264
-15.492462311557789           0.3486336341894793
-15.376884422110553           0.3486334439915898
-15.261306532663315           0.3486336954725731
-15.145728643216081           0.3486336041217226
-15.030150753768844           0.3486339106360282
-14.914572864321608           0.34863347607264694
-14.798994974874372           0.34863322099067506
-14.683417085427136           0.34863356641327387
-14.5678391959799             0.34863357572770065
-14.452261306532662           0.34863354398418445
-14.336683417085428           0.34863348013572776
-14.22110552763819            0.3486333979127302
-14.105527638190955           0.34863347925972615
-13.989949748743719           0.3486329637135777
-13.874371859296481           0.3486333678916745
-13.758793969849247           0.3486339639571952
-13.64321608040201            0.3486334312168136
-13.527638190954773           0.3486332941662112
-13.412060301507537           0.3486334074529365
-13.296482412060302           0.3486335910935216
-13.180904522613066           0.3486333837184878
-13.065326633165828           0.34863303371704985
-12.949748743718594           0.3486334148585137
-12.834170854271356           0.34863305077117823
-12.71859296482412            0.3486334716541646
-12.603015075376884           0.348632981349732
-12.487437185929648           0.34863333797174095
-12.371859296482413           0.34863331730853486
-12.256281407035175           0.348633341380224
-12.14070351758794            0.3486332332421228
-12.025125628140703           0.3486333978980722
-11.909547738693467           0.34863313651528954
-11.793969849246231           0.3486330819520492
-11.678391959798995           0.348633194446504
-11.56281407035176            0.3486331734840125
-11.447236180904522           0.34863329082807176
-11.331658291457286           0.3486332021450196
-11.21608040201005            0.3486331575335682
-11.100502512562814           0.34863348348776496
-10.984924623115578           0.34863317486274814
-10.869346733668342           0.34863308660515463
-10.753768844221106           0.34863277638731943
-10.638190954773869           0.34863311028834637
-10.522613065326633           0.34863306689113155
-10.407035175879397           0.3486330886783132
-10.291457286432161           0.34863324066156287
-10.175879396984925           0.34863305157818564
-10.06030150753769            0.34863297071416854
-9.944723618090451            0.34863301959268767
-9.829145728643216            0.3486330409169637
-9.71356783919598             0.34863308291970285
-9.597989949748744            0.3486329809879521
-9.482412060301508            0.34863298610323556
-9.366834170854272            0.34863297725629544
-9.251256281407034            0.34863296361039664
-9.135678391959798            0.3486329601189941
-9.020100502512562            0.3486329901518702
-8.904522613065327            0.34863287235972656
-8.78894472361809             0.3486327413982102
-8.673366834170855            0.34863343961286025
-8.557788944723619            0.34863288304819734
-8.442211055276381            0.34863339834393714
-8.326633165829145            0.34863274173982367
-8.21105527638191             0.348632914845099
-8.095477386934673            0.3486328373786384
-7.9798994974874375           0.3486328489246562
-7.864321608040202            0.3486328304930921
-7.748743718592964            0.34863280961907755
-7.633165829145728            0.3486328262280596
-7.517587939698492            0.3486327602715066
-7.402010050251256            0.3486328529245539
-7.28643216080402             0.3486328189150086
-7.170854271356784            0.3486327875196132
-7.055276381909547            0.3486326377586472
-6.939698492462311            0.34863275682796957
-6.824120603015075            0.34863276738771787
-6.708542713567839            0.34863276592960674
-6.592964824120603            0.34863272029581005
-6.477386934673367            0.3486326439421955
-6.361809045226131            0.34863271065162754
-6.246231155778894            0.34863264972984753
-6.130653266331658            0.3486327146200561
-6.015075376884422            0.34863271236413773
-5.899497487437186            0.34863272898638065
-5.78391959798995             0.3486326907834992
-5.668341708542714            0.3486326879666948
-5.5527638190954764           0.34863263617014156
-5.4371859296482405           0.348632548157022
-5.321608040201005            0.3486326442780145
-5.206030150753769            0.34863263085194873
-5.090452261306533            0.3486326264559206
-4.974874371859297            0.3486326921681691
-4.859296482412061            0.3486327589962874
-4.743718592964823            0.3486326274553669
-4.628140703517587            0.3486326665749325
-4.5125628140703515           0.34863259068236185
-4.396984924623116            0.34863259345772457
-4.28140703517588             0.3486325973912352
-4.165829145728644            0.3486325822232712
-4.050251256281406            0.348632586076842
-3.934673366834172            0.34863257297478983
-3.8190954773869343           0.3486325665415701
-3.7035175879396967           0.34863253343030715
-3.5879396984924625           0.34863251417227537
-3.472361809045225            0.34863247991984997
-3.3567839195979907           0.3486324461892816
-3.241206030150753            0.34863236072552367
-3.125628140703519            0.3486322443165428
-3.0100502512562812           0.3486320669003661
-2.8944723618090435           0.3486317449213747
-2.7788944723618094           0.3486312177580558
-2.6633165829145717           0.34863044787775255
-2.5477386934673376           0.34862917076704936
-2.4321608040201              0.34862703347018914
-2.316582914572866            0.3486235342092086
-2.201005025125628            0.3486178064665907
-2.0854271356783904           0.3486084196901466
-1.9698492462311563           0.34859304068755037
-1.8542713567839186           0.3485678937177294
-1.7386934673366845           0.34852685469354744
-1.6231155778894468           0.3484598049685854
-1.5075376884422127           0.34835058424689264
-1.391959798994975            0.34817275565877953
-1.2763819095477373           0.34788386038462504
-1.1608040201005032           0.34741567956398567
-1.0452261306532655           0.34665909791328786
-0.9296482412060314           0.3454407964728387
-0.8140703517587937           0.343487324569558
-0.698492462311556            0.3403709740225336
-0.5829145728643219           0.33543036529157444
-0.46733668341708423          0.327654544382071
-0.3517587939698501           0.31552099317134136
-0.23618090452261245          0.2967737927946777
-0.12060301507537828          0.2681300241098235
-0.005025125628140596         0.22490262333324337
0.11055276381909708           0.1605287519490454
0.22613065326633117           0.06598956973283342
0.34170854271356893           -0.07089969942864129
0.457286432160803             -0.26636698693339733
0.5728643216080407            -0.5417858694899045
0.6884422110552748            -0.9250871472376764
0.8040201005025125            -1.4525890666562933
0.9195979899497502            -2.171381201686938
1.0351758793969843            -3.1424390009594414
1.150753768844222             -4.4447378330924385
1.266331658291456             -6.180811220339143
1.3819095477386938            -8.484282763051679
1.4974874371859315            -11.529693010838342
1.6130653266331656            -15.544940168829886
1.7286432160804033            -20.8272696409728
1.8442211055276374            -27.7642583349079
1.959798994974875             -36.86136780746711
2.075376884422109             -48.77794935696256
2.190954773869347             -64.37422002795604
2.3065326633165846            -84.7725485148477
2.4221105527638187            -111.43741706727268
2.5376884422110564            -146.27975626536158
2.6532663316582905            -191.79308556691427
2.768844221105528             -252.97967299278045
