-20.0                         0.36001337581553605
-19.884422110552762           0.36001390697427066
-19.768844221105528           0.3600133208382183
-19.65326633165829            0.360012650209144
-19.537688442211056           0.36001328822915507
-19.42211055276382            0.36001335217593444
-19.306532663316585           0.3600133824297597
-19.190954773869347           0.360013066447292
-19.07537688442211            0.36001330350408467
-18.959798994974875           0.3600132002462151
-18.844221105527637           0.3600137040696641
-18.728643216080403           0.3600132225289103
-18.613065326633166           0.36001309416643906
-18.49748743718593            0.3600131411526468
-18.381909547738694           0.36001401963682994
-18.266331658291456           0.36001302577983035
-18.150753768844222           0.3600130993420556
-18.035175879396984           0.36001267276898874
-17.91959798994975            0.3600130240534444
-17.804020100502512           0.3600131097146335
-17.688442211055275           0.36001318757323114
-17.57286432160804            0.36001299683624577
-17.457286432160803           0.36001281332724644
-17.34170854271357            0.36001300052067864
-17.22613065326633            0.3600131418783046
-17.110552763819094           0.36001278187516444
-16.99497487437186            0.36001290346320286
-16.87939698492462            0.3600130146357476
-16.763819095477388           0.36001297023157447
-16.64824120603015            0.36001292595004025
-16.532663316582916           0.36001274764255325
-16.417085427135678           0.36001283374852927
-16.301507537688444           0.36001274945907913
-16.185929648241206           0.36001277651765107
-16.07035175879397            0.3600128332807207
-15.954773869346734           0.36001233682152284
-15.839195979899497           0.36001269165222033
-15.72361809045226            0.36001269634151717
-15.608040201005025           0.36001262808670453
-15.492462311557789           0.36001261895146924
-15.376884422110553           0.36001242111578974
-15.261306532663315           0.360012683056675
-15.145728643216081           0.36001258908262945
-15.030150753768844           0.3600129165561597
-14.914572864321608           0.36001245800605225
-14.798994974874372           0.36001218692909936
-14.683417085427136           0.36001255286709527
-14.5678391959799             0.36001255988092923
-14.452261306532662           0.36001252777324205
-14.336683417085428           0.36001246426434985
-14.22110552763819            0.3600123864889647
-14.105527638190955           0.36001246196263126
-13.989949748743719           0.3600119344468903
-13.874371859296481           0.36001234949331884
-13.758793969849247           0.36001295718751464
-13.64321608040201            0.36001241466658424
-13.527638190954773           0.36001226384607754
-13.412060301507537           0.36001239176790856
-13.296482412060302           0.36001257550019916
-13.180904522613066           0.36001237037289935
-13.065326633165828           0.3600120107677778
-12.949748743718594           0.36001240133559903
-12.834170854271356           0.3600120299902426
-12.71859296482412            0.36001246138368415
-12.603015075376884           0.36001195604010156
-12.487437185929648           0.3600123256791097
-12.371859296482413           0.36001230246334104
-12.256281407035175           0.3600123297701875
-12.14070351758794            0.3600122182505001
-12.025125628140703           0.36001238155853876
-11.909547738693467           0.3600121191292045
-11.793969849246231           0.36001205908504524
-11.678391959798995           0.3600121793497052
-11.56281407035176            0.36001215785299145
-11.447236180904522           0.3600122817197824
-11.331658291457286           0.36001218874795665
-11.21608040201005            0.36001214255525416
-11.100502512562814           0.36001247352315896
-10.984924623115578           0.36001216200754416
-10.869346733668342           0.36001207112250533
-10.753768844221106           0.3600117508373799
-10.638190954773869           0.36001209699087533
-10.522613065326633           0.36001205000202713
-10.407035175879397           0.3600120764691832
-10.291457286432161           0.36001224074090915
-10.175879396984925           0.3600120371577217
-10.06030150753769            0.36001195400779923
-9.944723618090451            0.36001200498863317
-9.829145728643216            0.3600120206063375
-9.71356783919598             0.3600120781586854
-9.597989949748744            0.36001196646679834
-9.482412060301508            0.3600119712002865
-9.366834170854272            0.3600119646661049
-9.251256281407034            0.36001194960532984
-9.135678391959798            0.36001194568006595
-9.020100502512562            0.3600119803789711
-8.904522613065327            0.3600118502432849
-8.78894472361809             0.3600117192940212
-8.673366834170855            0.3600124412665029
-8.557788944723619            0.36001186976075933
-8.442211055276381            0.3600123993786233
-8.326633165829145            0.36001172058655795
-8.21105527638191             0.36001189729534483
-8.095477386934673            0.3600118238136316
-7.9798994974874375           0.3600118351150818
-7.864321608040202            0.36001181591266157
-7.748743718592964            0.36001179405021266
-7.633165829145728            0.36001181291232837
-7.517587939698492            0.3600117414025205
-7.402010050251256            0.3600118450852628
-7.28643216080402             0.36001180561108875
-7.170854271356784            0.36001177299408454
-7.055276381909547            0.3600116179521066
-6.939698492462311            0.36001174227144433
-6.824120603015075            0.36001175374438893
-6.708542713567839            0.36001174874687036
-6.592964824120603            0.36001170619449924
-6.477386934673367            0.36001162933150566
-6.361809045226131            0.36001169623067075
-6.246231155778894            0.3600116344932736
-6.130653266331658            0.36001170095982105
-6.015075376884422            0.3600116990743252
-5.899497487437186            0.3600117175110697
-5.78391959798995             0.3600116765139311
-5.668341708542714            0.3600116738736259
-5.5527638190954764           0.3600116189532423
-5.4371859296482405           0.36001152976589307
-5.321608040201005            0.36001162773750806
-5.206030150753769            0.360011615456723
-5.090452261306533            0.36001161259861225
-4.974874371859297            0.360011678839141
-4.859296482412061            0.3600117488195631
-4.743718592964823            0.3600116138861106
-4.628140703517587            0.3600116543376176
-4.5125628140703515           0.360011575809688
-4.396984924623116            0.3600115798001058
-4.28140703517588             0.3600115845830028
-4.165829145728644            0.36001156950407487
-4.050251256281406            0.3600115726911661
-3.934673366834172            0.36001156314895105
-3.8190954773869343           0.3600115593537326
-3.7035175879396967           0.36001152882862764
-3.5879396984924625           0.3600115155541685
-3.472361809045225            0.3600114905242893
-3.3567839195979907           0.36001147219327895
-3.241206030150753            0.36001140934497045
-3.125628140703519            0.36001133150101094
-3.0100502512562812           0.3600112151387503
-2.8944723618090435           0.3600109906457842
-2.7788944723618094           0.3600106156525045
-2.6633165829145717           0.3600100925787082
-2.5477386934673376           0.3600092048561553
-2.4321608040201              0.36000768375121267
-2.316582914572866            0.3600051580485753
-2.201005025125628            0.3600009648597603
-2.0854271356783904           0.35999398940597366
-1.9698492462311563           0.3599823886252918
-1.8542713567839186           0.3599631422347829
-1.7386934673366845           0.35993128556562104
-1.6231155778894468           0.3598784582524504
-1.5075376884422127           0.3597911603774641
-1.391959798994975            0.3596469263264728
-1.2763819095477373           0.3594091748006384
-1.1608040201005032           0.3590182583922009
-1.0452261306532655           0.3583773646879922
-0.9296482412060314           0.357330492079607
-0.8140703517587937           0.35562798932998757
-0.698492462311556            0.3528739130761443
-0.5829145728643219           0.34844780915596474
-0.46733668341708423          0.34138916206735587
-0.3517587939698501           0.33023432750101034
-0.23618090452261245          0.312791545515537
-0.12060301507537828          0.28584187444771697
-0.005025125628140596         0.24475472170690313
0.11055276381909708           0.18300837865899094
0.22613065326633117           0.09160345980976495
0.34170854271356893           -0.04164995811978278
0.457286432160803             -0.2330081521928258
0.5728643216080407            -0.5038910708757488
0.6884422110552748            -0.8822866941954244
0.8040201005025125            -1.4045740238792066
0.9195979899497502            -2.117901106188454
1.0351758793969843            -3.0832954093244327
1.150753768844222             -4.379774917526383
1.266331658291456             -6.109905150974936
1.3819095477386938            -8.407333657074798
1.4974874371859315            -11.446621661939167
1.6130653266331656            -15.455686408234032
1.7286432160804033            -20.73178914515718
1.8442211055276374            -27.662518606242475
1.959798994974875             -36.75334483821162
2.075376884422109             -48.663625262871705
2.190954773869347             -64.25358139791567
2.3065326633165846            -84.64558524078463
2.4221105527638187            -111.30412150083188
2.5376884422110564            -146.1401226020094
2.6532663316582905            -191.64710939143782
2.768844221105528             -252.82738656061966
