-20.0                         0.6032391779731607
-19.884422110552762           0.6032399082979484
-19.768844221105528           0.6032390976605236
-19.65326633165829            0.603238230430838
-19.537688442211056           0.6032390567358276
-19.42211055276382            0.6032390509447602
-19.306532663316585           0.6032392399690879
-19.190954773869347           0.6032383839094623
-19.07537688442211            0.6032391642259445
-18.959798994974875           0.6032389534200062
-18.844221105527637           0.6032399031703151
-18.728643216080403           0.6032389837411797
-18.613065326633166           0.6032389340645865
-18.49748743718593            0.6032389163437601
-18.381909547738694           0.6032404297469073
-18.266331658291456           0.603238766143207
-18.150753768844222           0.603238847649561
-18.035175879396984           0.6032385590210859
-17.91959798994975            0.6032388008075685
-17.804020100502512           0.6032390265054627
-17.688442211055275           0.603239055386638
-17.57286432160804            0.6032386437799596
-17.457286432160803           0.6032385440762829
-17.34170854271357            0.6032387897415212
-17.22613065326633            0.6032389470042891
-17.110552763819094           0.6032384957181814
-16.99497487437186            0.6032387594494064
-16.87939698492462            0.603238711421191
-16.763819095477388           0.6032388931049814
-16.64824120603015            0.6032386652464546
-16.532663316582916           0.6032384616585182
-16.417085427135678           0.6032385641508131
-16.301507537688444           0.6032382872213379
-16.185929648241206           0.6032385495915737
-16.07035175879397            0.6032386735410173
-15.954773869346734           0.6032378241300052
-15.839195979899497           0.603238443979176
-15.72361809045226            0.6032384741127935
-15.608040201005025           0.6032386475530334
-15.492462311557789           0.6032383919669769
-15.376884422110553           0.6032381518123503
-15.261306532663315           0.6032384864402309
-15.145728643216081           0.6032383711425051
-15.030150753768844           0.6032389916286394
-14.914572864321608           0.6032381895041397
-14.798994974874372           0.6032376978181034
-14.683417085427136           0.6032383544672179
-14.5678391959799             0.603238314840836
-14.452261306532662           0.6032382783494984
-14.336683417085428           0.6032382246142715
-14.22110552763819            0.6032383044494558
-14.105527638190955           0.6032381961638579
-13.989949748743719           0.6032375112882863
-13.874371859296481           0.6032380727157177
-13.758793969849247           0.603238778284411
-13.64321608040201            0.6032381543062584
-13.527638190954773           0.6032377810971752
-13.412060301507537           0.6032381516571982
-13.296482412060302           0.6032382557394864
-13.180904522613066           0.6032381851102709
-13.065326633165828           0.6032377152232659
-12.949748743718594           0.6032381763886966
-12.834170854271356           0.6032377306527221
-12.71859296482412            0.6032382877894104
-12.603015075376884           0.6032376159341192
-12.487437185929648           0.6032381336584063
-12.371859296482413           0.6032380431312798
-12.256281407035175           0.6032381574247266
-12.14070351758794            0.6032379916590762
-12.025125628140703           0.6032380642246941
-11.909547738693467           0.6032378585909659
-11.793969849246231           0.603237736658861
-11.678391959798995           0.6032379539329973
-11.56281407035176            0.6032379221792509
-11.447236180904522           0.6032381461127545
-11.331658291457286           0.603237977157693
-11.21608040201005            0.6032379114054479
-11.100502512562814           0.6032382704205069
-10.984924623115578           0.6032379579987479
-10.869346733668342           0.6032378370841761
-10.753768844221106           0.6032373731744628
-10.638190954773869           0.6032379025695371
-10.522613065326633           0.6032377896099729
-10.407035175879397           0.6032379011570675
-10.291457286432161           0.6032382646447972
-10.175879396984925           0.6032378133318246
-10.06030150753769            0.603237702092145
-9.944723618090451            0.6032377844865429
-9.829145728643216            0.6032376752007678
-9.71356783919598             0.603238029127965
-9.597989949748744            0.6032377512000561
-9.482412060301508            0.6032377436749132
-9.366834170854272            0.6032377818552312
-9.251256281407034            0.6032377366898019
-9.135678391959798            0.6032377159084175
-9.020100502512562            0.6032378295824857
-8.904522613065327            0.6032374989185157
-8.78894472361809             0.6032373861221254
-8.673366834170855            0.6032384514727803
-8.557788944723619            0.6032376723597537
-8.442211055276381            0.603238400762277
-8.326633165829145            0.6032373997911219
-8.21105527638191             0.603237597226042
-8.095477386934673            0.6032376426391234
-7.9798994974874375           0.6032376285603334
-7.864321608040202            0.6032375962972301
-7.748743718592964            0.6032375568990982
-7.633165829145728            0.6032376144200408
-7.517587939698492            0.6032374528091626
-7.402010050251256            0.6032377416712704
-7.28643216080402             0.6032376004740513
-7.170854271356784            0.6032375499499216
-7.055276381909547            0.60323733152351
-6.939698492462311            0.603237523175331
-6.824120603015075            0.6032375445386664
-6.708542713567839            0.6032374788774065
-6.592964824120603            0.6032374973410634
-6.477386934673367            0.6032374283136646
-6.361809045226131            0.6032374839772231
-6.246231155778894            0.6032374075257625
-6.130653266331658            0.6032374905653349
-6.015075376884422            0.6032374948335596
-5.899497487437186            0.6032375382462433
-5.78391959798995             0.6032374541917361
-5.668341708542714            0.6032374579196115
-5.5527638190954764           0.6032373542405649
-5.4371859296482405           0.603237252986587
-5.321608040201005            0.603237365389637
-5.206030150753769            0.6032373814789497
-5.090452261306533            0.6032374150476425
-4.974874371859297            0.6032374540811447
-4.859296482412061            0.6032375757964894
-4.743718592964823            0.6032374030010961
-4.628140703517587            0.60323746378988
-4.5125628140703515           0.6032373449903741
-4.396984924623116            0.6032373626244264
-4.28140703517588             0.6032373759831163
-4.165829145728644            0.6032373551721165
-4.050251256281406            0.603237325048259
-3.934673366834172            0.6032373629701423
-3.8190954773869343           0.6032373688569191
-3.7035175879396967           0.6032373282460243
-3.5879396984924625           0.6032373293171586
-3.472361809045225            0.6032373183625575
-3.3567839195979907           0.6032373332215544
-3.241206030150753            0.6032372933204927
-3.125628140703519            0.6032372916576363
-3.0100502512562812           0.6032372957114833
-2.8944723618090435           0.6032372850739436
-2.7788944723618094           0.6032371983595136
-2.6633165829145717           0.6032372477974247
-2.5477386934673376           0.6032372632524867
-2.4321608040201              0.6032372490089949
-2.316582914572866            0.6032372282880639
-2.201005025125628            0.6032371957089033
-2.0854271356783904           0.6032371059186596
-1.9698492462311563           0.6032369052413994
-1.8542713567839186           0.6032365136760192
-1.7386934673366845           0.6032358189884715
-1.6231155778894468           0.6032343226330669
-1.5075376884422127           0.6032313999231812
-1.391959798994975            0.6032253404807976
-1.2763819095477373           0.6032130455492265
-1.1608040201005032           0.6031881621527032
-1.0452261306532655           0.6031379259271533
-0.9296482412060314           0.6030370189522516
-0.8140703517587937           0.602835418903155
-0.698492462311556            0.6024351679624774
-0.5829145728643219           0.6016482295340813
-0.46733668341708423          0.6001182499695159
-0.3517587939698501           0.5971863826307596
-0.23618090452261245          0.5916684613765789
-0.12060301507537828          0.5815092142030838
-0.005025125628140596         0.5632853139484726
0.11055276381909708           0.5315523024829683
0.22613065326633117           0.4780629400897006
0.34170854271356893           0.3909043318608553
0.457286432160803             0.25357759975767974
0.5728643216080407            0.043976819756008534
0.6884422110552748            -0.2668570684944566
0.8040201005025125            -0.7163837208520974
0.9195979899497502            -1.3527993133563636
1.0351758793969843            -2.23805474377065
1.150753768844222             -3.451913310506712
1.266331658291456             -5.097490692985565
1.3819095477386938            -7.308834570858092
1.4974874371859315            -10.260838861724691
1.6130653266331656            -14.181719074321936
1.7286432160804033            -19.36898049192309
1.8442211055276374            -26.210391293565152
1.959798994974875             -35.21154863669005
2.075376884422109             -47.031900627299486
2.190954773869347             -62.53173446605525
2.3065326633165846            -82.83347033493496
2.4221105527638187            -109.4016286446307
2.5376884422110564            -144.14716847710736
2.6532663316582905            -189.56363070623502
2.768844221105528             -250.6538438470518
