-20.0                         0.3804609049913695
-19.884422110552762           0.3804614594932023
-19.768844221105528           0.3804608479194223
-19.65326633165829            0.38046015247864484
-19.537688442211056           0.38046081360142747
-19.42211055276382            0.3804608735044276
-19.306532663316585           0.38046092005204507
-19.190954773869347           0.3804605481769174
-19.07537688442211            0.3804608390135865
-18.959798994974875           0.38046072448310947
-18.844221105527637           0.38046128163889525
-18.728643216080403           0.3804607518932714
-18.613065326633166           0.38046062531963404
-18.49748743718593            0.3804606685773936
-18.381909547738694           0.3804616186232864
-18.266331658291456           0.38046054851820255
-18.150753768844222           0.3804606240425803
-18.035175879396984           0.3804602021819941
-17.91959798994975            0.3804605512416971
-17.804020100502512           0.3804606503416347
-17.688442211055275           0.38046073005772335
-17.57286432160804            0.3804605136431199
-17.457286432160803           0.3804603344284036
-17.34170854271357            0.3804605318951475
-17.22613065326633            0.3804606798815888
-17.110552763819094           0.3804603004828216
-16.99497487437186            0.38046043601256385
-16.87939698492462            0.3804605414453332
-16.763819095477388           0.38046051148939697
-16.64824120603015            0.3804604540015995
-16.532663316582916           0.38046026481701734
-16.417085427135678           0.38046035623348795
-16.301507537688444           0.38046025552391977
-16.185929648241206           0.3804603041534782
-16.07035175879397            0.38046036621514273
-15.954773869346734           0.3804598317861913
-15.839195979899497           0.38046021582497797
-15.72361809045226            0.38046022263351487
-15.608040201005025           0.3804601718621395
-15.492462311557789           0.3804601449312635
-15.376884422110553           0.3804599355623153
-15.261306532663315           0.3804602135438195
-15.145728643216081           0.3804601154870493
-15.030150753768844           0.3804604776447576
-14.914572864321608           0.38045997933045417
-14.798994974874372           0.38045968200060243
-14.683417085427136           0.3804600817147603
-14.5678391959799             0.3804600845409116
-14.452261306532662           0.38046005186201615
-14.336683417085428           0.3804599891348762
-14.22110552763819            0.3804599204352081
-14.105527638190955           0.3804599842943925
-13.989949748743719           0.3804594375468225
-13.874371859296481           0.3804598701949765
-13.758793969849247           0.3804604955036191
-13.64321608040201            0.3804599381544674
-13.527638190954773           0.380459764063428
-13.412060301507537           0.3804599168220036
-13.296482412060302           0.3804600991306149
-13.180904522613066           0.3804598996958971
-13.065326633165828           0.38045952488869905
-12.949748743718594           0.38045992969257336
-12.834170854271356           0.3804595470424687
-12.71859296482412            0.3804599951617649
-12.603015075376884           0.3804594660536597
-12.487437185929648           0.380459856402239
-12.371859296482413           0.38045982841267084
-12.256281407035175           0.3804598617629557
-12.14070351758794            0.3804597445635869
-12.025125628140703           0.3804599042073952
-11.909547738693467           0.3804596415291491
-11.793969849246231           0.38045957256096213
-11.678391959798995           0.38045970550730923
-11.56281407035176            0.38045968311014855
-11.447236180904522           0.38045981781476645
-11.331658291457286           0.38045971753783747
-11.21608040201005            0.38045966878800214
-11.100502512562814           0.38046000704446803
-10.984924623115578           0.3804596916903053
-10.869346733668342           0.38045959661863504
-10.753768844221106           0.38045925985485
-10.638190954773869           0.3804596261977242
-10.522613065326633           0.3804595730313957
-10.407035175879397           0.38045960762049924
-10.291457286432161           0.38045979254603407
-10.175879396984925           0.38045956431898575
-10.06030150753769            0.38045947749650066
-9.944723618090451            0.38045953192724047
-9.829145728643216            0.38045953724359166
-9.71356783919598             0.38045962203361555
-9.597989949748744            0.3804594936144961
-9.482412060301508            0.3804594975753418
-9.366834170854272            0.3804594951293095
-9.251256281407034            0.38045947752714554
-9.135678391959798            0.38045947269783104
-9.020100502512562            0.38045951543113765
-8.904522613065327            0.3804593643046275
-8.78894472361809             0.3804592338467909
-8.673366834170855            0.38045999480390696
-8.557788944723619            0.3804593989704761
-8.442211055276381            0.38045995190344617
-8.326633165829145            0.38045923666826814
-8.21105527638191             0.38045941862003557
-8.095477386934673            0.3804593529086771
-7.9798994974874375           0.38045936343196957
-7.864321608040202            0.3804593429082305
-7.748743718592964            0.3804593193672597
-7.633165829145728            0.3804593420513329
-7.517587939698492            0.38045926110788786
-7.402010050251256            0.3804593836524597
-7.28643216080402             0.38045933464399373
-7.170854271356784            0.38045929999678346
-7.055276381909547            0.38045913651124164
-6.939698492462311            0.3804592693065478
-6.824120603015075            0.38045928223949604
-6.708542713567839            0.3804592711934665
-6.592964824120603            0.3804592340674435
-6.477386934673367            0.38045915666920727
-6.361809045226131            0.3804592235805089
-6.246231155778894            0.38045916047531153
-6.130653266331658            0.38045922942357224
-6.015075376884422            0.38045922818771083
-5.899497487437186            0.3804592496282727
-5.78391959798995             0.3804592038937132
-5.668341708542714            0.3804592016054384
-5.5527638190954764           0.38045914141467313
-5.4371859296482405           0.38045905047212325
-5.321608040201005            0.38045915118133156
-5.206030150753769            0.3804591410099271
-5.090452261306533            0.380459140969122
-4.974874371859297            0.3804592074262005
-4.859296482412061            0.38045928268352347
-4.743718592964823            0.38045914237598166
-4.628140703517587            0.3804591849591649
-4.5125628140703515           0.3804591019403465
-4.396984924623116            0.38045910777980646
-4.28140703517588             0.38045911368854857
-4.165829145728644            0.38045909828452373
-4.050251256281406            0.3804590993869959
-3.934673366834172            0.380459094873349
-3.8190954773869343           0.38045909363467917
-3.7035175879396967           0.3804590645145577
-3.5879396984924625           0.38045905667551944
-3.472361809045225            0.3804590398382056
-3.3567839195979907           0.3804590359187885
-3.241206030150753            0.38045899310063575
-3.125628140703519            0.3804589520556458
-3.0100502512562812           0.38045889464870053
-2.8944723618090435           0.380458766371589
-2.7788944723618094           0.38045854201523843
-2.6633165829145717           0.38045827151222916
-2.5477386934673376           0.3804577881817114
-2.4321608040201              0.38045691922500946
-2.316582914572866            0.3804554436538959
-2.201005025125628            0.38045293758122706
-2.0854271356783904           0.380448663740445
-1.9698492462311563           0.38044137755497015
-1.8542713567839186           0.3804289999430677
-1.7386934673366845           0.3804080412071005
-1.6231155778894468           0.3803724226303562
-1.5075376884422127           0.38031217115463556
-1.391959798994975            0.38021019698328895
-1.2763819095477373           0.38003805043693106
-1.1608040201005032           0.37974820429604594
-1.0452261306532655           0.37926163559130116
-0.9296482412060314           0.37844795802170883
-0.8140703517587937           0.37709354623642044
-0.698492462311556            0.3748516781849943
-0.5829145728643219           0.3711668349480576
-0.46733668341708423          0.3651604557047499
-0.3517587939698501           0.35546686017023005
-0.23618090452261245          0.34000362043685234
-0.12060301507537828          0.3156634989137865
-0.005025125628140596         0.2779171559416484
0.11055276381909708           0.22031931448260939
0.22613065326633117           0.1339100303510322
0.34170854271356893           0.006495643187828341
0.457286432160803             -0.17822523011889374
0.5728643216080407            -0.44175006593533495
0.6884422110552748            -0.8121638995272162
0.8040201005025125            -1.3259493151465733
0.9195979899497502            -2.030354011083964
1.0351758793969843            -2.9864938899797897
1.150753768844222             -4.273459174321787
1.266331658291456             -5.9938694581071825
1.3819095477386938            -8.281412553966609
1.4974874371859315            -11.310684226951498
1.6130653266331656            -15.309633375170822
1.7286432160804033            -20.575547517474618
1.8442211055276374            -27.496034943461762
1.959798994974875             -36.576579707123344
2.075376884422109             -48.47654931437119
2.190954773869347             -64.05617263846284
2.3065326633165846            -84.4378271022025
2.4221105527638187            -111.08600145160634
2.5376884422110564            -145.91163113450827
2.6532663316582905            -191.40823927535013
2.768844221105528             -252.57819058072016
