-20.0                         0.876518164762264
-19.884422110552762           0.8765190641004486
-19.768844221105528           0.8765180542165629
-19.65326633165829            0.8765170803069057
-19.537688442211056           0.8765180500497071
-19.42211055276382            0.8765179338461009
-19.306532663316585           0.8765182154465232
-19.190954773869347           0.8765169508831407
-19.07537688442211            0.876518211536846
-18.959798994974875           0.8765179187571365
-18.844221105527637           0.8765191047502917
-18.728643216080403           0.876517864381549
-18.613065326633166           0.8765180005285882
-18.49748743718593            0.8765178666563894
-18.381909547738694           0.8765198632699296
-18.266331658291456           0.8765177150858006
-18.150753768844222           0.8765177931412197
-18.035175879396984           0.8765177560420876
-17.91959798994975            0.8765177583767457
-17.804020100502512           0.8765181254328963
-17.688442211055275           0.8765179864830175
-17.57286432160804            0.876517492639591
-17.457286432160803           0.8765174926536135
-17.34170854271357            0.8765177068730589
-17.22613065326633            0.8765178076280422
-17.110552763819094           0.8765174430317169
-16.99497487437186            0.8765178309873455
-16.87939698492462            0.8765174964731762
-16.763819095477388           0.8765180100776481
-16.64824120603015            0.8765175313167702
-16.532663316582916           0.8765174713208681
-16.417085427135678           0.8765174973989778
-16.301507537688444           0.8765170327053952
-16.185929648241206           0.8765175015745238
-16.07035175879397            0.8765177089503524
-15.954773869346734           0.8765165642607354
-15.839195979899497           0.8765174015390697
-15.72361809045226            0.8765174734144845
-15.608040201005025           0.8765179432785346
-15.492462311557789           0.8765173731306156
-15.376884422110553           0.8765172193404568
-15.261306532663315           0.8765174692881833
-15.145728643216081           0.8765173687553574
-15.030150753768844           0.8765181506018828
-14.914572864321608           0.8765171370412108
-14.798994974874372           0.8765165045654641
-14.683417085427136           0.8765173615063495
-14.5678391959799             0.8765172927404535
-14.452261306532662           0.8765172534558493
-14.336683417085428           0.8765171916402521
-14.22110552763819            0.8765175102414078
-14.105527638190955           0.8765171469003583
-13.989949748743719           0.8765163442240135
-13.874371859296481           0.8765170101579728
-13.758793969849247           0.8765177172126845
-13.64321608040201            0.8765170994974784
-13.527638190954773           0.8765165413519422
-13.412060301507537           0.8765171224237894
-13.296482412060302           0.8765170653875058
-13.180904522613066           0.8765172196487145
-13.065326633165828           0.8765167010734757
-12.949748743718594           0.8765171309151074
-12.834170854271356           0.8765166628613833
-12.71859296482412            0.8765172878063808
-12.603015075376884           0.8765165557852427
-12.487437185929648           0.8765171253528586
-12.371859296482413           0.8765169500297846
-12.256281407035175           0.8765171771875755
-12.14070351758794            0.876516970860397
-12.025125628140703           0.8765168929127317
-11.909547738693467           0.8765168104504327
-11.793969849246231           0.876516693381513
-11.678391959798995           0.8765169415174776
-11.56281407035176            0.8765168939782494
-11.447236180904522           0.8765172031020826
-11.331658291457286           0.8765169561046336
-11.21608040201005            0.8765168813058661
-11.100502512562814           0.876517214959734
-10.984924623115578           0.8765169418327716
-10.869346733668342           0.8765168101032507
-10.753768844221106           0.8765162335463617
-10.638190954773869           0.876516920124954
-10.522613065326633           0.876516737823281
-10.407035175879397           0.8765169208318067
-10.291457286432161           0.8765174676166471
-10.175879396984925           0.8765167850132382
-10.06030150753769            0.8765166595307923
-9.944723618090451            0.8765167727721908
-9.829145728643216            0.8765165227321087
-9.71356783919598             0.8765171582240323
-9.597989949748744            0.8765167474994618
-9.482412060301508            0.8765167237176331
-9.366834170854272            0.8765168011816076
-9.251256281407034            0.8765167255637544
-9.135678391959798            0.8765166789733365
-9.020100502512562            0.8765168449471283
-8.904522613065327            0.876516365815194
-8.78894472361809             0.8765162763241339
-8.673366834170855            0.8765176141316453
-8.557788944723619            0.8765166785678393
-8.442211055276381            0.8765175565174603
-8.326633165829145            0.8765162984641915
-8.21105527638191             0.8765164821288494
-8.095477386934673            0.8765166887658569
-7.9798994974874375           0.8765166235967242
-7.864321608040202            0.8765165825442846
-7.748743718592964            0.8765165243719348
-7.633165829145728            0.8765166196703246
-7.517587939698492            0.8765163912967806
-7.402010050251256            0.8765168241022212
-7.28643216080402             0.8765165909080572
-7.170854271356784            0.8765165286748045
-7.055276381909547            0.8765162788879344
-6.939698492462311            0.8765165110692961
-6.824120603015075            0.8765165330143588
-6.708542713567839            0.8765164120031059
-6.592964824120603            0.8765164955219297
-6.477386934673367            0.8765164518854869
-6.361809045226131            0.8765164831130445
-6.246231155778894            0.8765163886551256
-6.130653266331658            0.8765164747930074
-6.015075376884422            0.8765164799134753
-5.899497487437186            0.8765165360202525
-5.78391959798995             0.8765164284925836
-5.668341708542714            0.8765164426883867
-5.5527638190954764           0.87651630568989
-5.4371859296482405           0.8765161903977072
-5.321608040201005            0.8765163077272143
-5.206030150753769            0.8765163605582755
-5.090452261306533            0.8765164340198144
-4.974874371859297            0.8765164068964739
-4.859296482412061            0.8765165763211837
-4.743718592964823            0.8765163865067165
-4.628140703517587            0.8765164691874529
-4.5125628140703515           0.876516324617542
-4.396984924623116            0.8765163432028199
-4.28140703517588             0.8765163629357028
-4.165829145728644            0.8765163401282277
-4.050251256281406            0.8765162708101294
-3.934673366834172            0.8765163568639054
-3.8190954773869343           0.8765163689139369
-3.7035175879396967           0.8765163157891273
-3.5879396984924625           0.8765163246198323
-3.472361809045225            0.8765163119650301
-3.3567839195979907           0.8765163309170769
-3.241206030150753            0.876516281221542
-3.125628140703519            0.8765162762599585
-3.0100502512562812           0.8765162803717631
-2.8944723618090435           0.8765162962270254
-2.7788944723618094           0.876516169959515
-2.6633165829145717           0.8765162511123699
-2.5477386934673376           0.8765162604929491
-2.4321608040201              0.8765162551750597
-2.316582914572866            0.8765162564078574
-2.201005025125628            0.8765162679125065
-2.0854271356783904           0.8765162558633169
-1.9698492462311563           0.8765162146221831
-1.8542713567839186           0.8765161498760781
-1.7386934673366845           0.8765161424696577
-1.6231155778894468           0.8765160302022906
-1.5075376884422127           0.8765159219881323
-1.391959798994975            0.876515486896302
-1.2763819095477373           0.8765144933814576
-1.1608040201005032           0.8765121156949653
-1.0452261306532655           0.8765064316956528
-0.9296482412060314           0.8764930119904438
-0.8140703517587937           0.8764615199082226
-0.698492462311556            0.8763876545083
-0.5829145728643219           0.8762170286494044
-0.46733668341708423          0.8758271510474176
-0.3517587939698501           0.8749506374722215
-0.23618090452261245          0.8730208950764263
-0.12060301507537828          0.8688840505827885
-0.005025125628140596         0.8603048975749783
0.11055276381909708           0.8432071995275965
0.22613065326633117           0.8106529289060314
0.34170854271356893           0.7516670534779296
0.457286432160803             0.6500717963106729
0.5728643216080407            0.48341521329261833
0.6884422110552748            0.22188143308689315
0.8040201005025125            -0.1730991774145506
0.9195979899497502            -0.7508514740155398
1.0351758793969843            -1.574323892061221
1.150753768844222             -2.7240736153071703
1.266331658291456             -4.303789877589045
1.3819095477386938            -6.447921393243778
1.4974874371859315            -9.331677610869438
1.6130653266331656            -13.183545647131181
1.7286432160804033            -18.301247176500105
1.8442211055276374            -25.072705792363895
1.959798994974875             -34.00362638471472
2.075376884422109             -45.75353256189782
2.190954773869347             -61.18276545571759
2.3065326633165846            -81.41378438784302
2.4221105527638187            -107.91113852830634
2.5376884422110564            -142.5858082959559
2.6532663316582905            -187.93135051467377
2.768844221105528             -248.9510046510719
