-20.0                         0.29107382560594586
-19.884422110552762           0.29107420731376416
-19.768844221105528           0.2910737800335437
-19.65326633165829            0.29107327021244617
-19.537688442211056           0.29107375403709257
-19.42211055276382            0.2910738203844069
-19.306532663316585           0.2910737810107367
-19.190954773869347           0.2910737321856298
-19.07537688442211            0.2910737161924107
-18.959798994974875           0.29107366938671214
-18.844221105527637           0.2910738773133287
-18.728643216080403           0.2910736555452111
-18.613065326633166           0.29107354159590887
-18.49748743718593            0.29107359526623816
-18.381909547738694           0.29107406365524435
-18.266331658291456           0.29107350737262194
-18.150753768844222           0.29107356156888164
-18.035175879396984           0.29107316978462805
-17.91959798994975            0.2910734814488571
-17.804020100502512           0.2910735018895111
-17.688442211055275           0.29107354605035635
-17.57286432160804            0.2910734832377574
-17.457286432160803           0.2910733081313779
-17.34170854271357            0.29107342696740507
-17.22613065326633            0.29107351051801084
-17.110552763819094           0.29107329148578154
-16.99497487437186            0.29107334282956665
-16.87939698492462            0.29107343586672085
-16.763819095477388           0.2910733552722808
-16.64824120603015            0.2910733567556163
-16.532663316582916           0.2910732581964619
-16.417085427135678           0.2910733092180404
-16.301507537688444           0.2910732854451456
-16.185929648241206           0.2910732270676868
-16.07035175879397            0.29107326020501273
-15.954773869346734           0.2910729764726796
-15.839195979899497           0.29107316388190024
-15.72361809045226            0.29107315746456597
-15.608040201005025           0.2910730414876339
-15.492462311557789           0.29107308384500635
-15.376884422110553           0.2910729736131789
-15.261306532663315           0.2910731189121754
-15.145728643216081           0.2910730533878972
-15.030150753768844           0.29107318926359443
-14.914572864321608           0.29107295050639687
-14.798994974874372           0.29107283145717666
-14.683417085427136           0.2910730029449559
-14.5678391959799             0.2910730227471777
-14.452261306532662           0.29107299493850464
-14.336683417085428           0.2910729339349972
-14.22110552763819            0.291072844939044
-14.105527638190955           0.29107294013356877
-13.989949748743719           0.2910725410276625
-13.874371859296481           0.2910728433770585
-13.758793969849247           0.2910733055252791
-13.64321608040201            0.29107288494834843
-13.527638190954773           0.2910728512236861
-13.412060301507537           0.29107285622262713
-13.296482412060302           0.29107300912262984
-13.180904522613066           0.2910728200878903
-13.065326633165828           0.2910725662751608
-12.949748743718594           0.2910728410158832
-12.834170854271356           0.29107255348041794
-12.71859296482412            0.2910728704621769
-12.603015075376884           0.29107252932083716
-12.487437185929648           0.2910727606290407
-12.371859296482413           0.29107275211815986
-12.256281407035175           0.29107275965427476
-12.14070351758794            0.2910726791364211
-12.025125628140703           0.29107282678168994
-11.909547738693467           0.2910726039451644
-11.793969849246231           0.29107259404076213
-11.678391959798995           0.2910726409476702
-11.56281407035176            0.29107262444252746
-11.447236180904522           0.29107268729041047
-11.331658291457286           0.29107263153642843
-11.21608040201005            0.2910726009834724
-11.100502512562814           0.2910728624750454
-10.984924623115578           0.2910725997227011
-10.869346733668342           0.291072536507551
-10.753768844221106           0.29107231644547665
-10.638190954773869           0.29107254275394817
-10.522613065326633           0.29107252508077186
-10.407035175879397           0.29107251540536794
-10.291457286432161           0.29107257060564434
-10.175879396984925           0.29107249086853526
-10.06030150753769            0.2910724314803723
-9.944723618090451            0.291072461570479
-9.829145728643216            0.2910725128379074
-9.71356783919598             0.29107245647713764
-9.597989949748744            0.29107242344611767
-9.482412060301508            0.2910724288124205
-9.366834170854272            0.2910724063088336
-9.251256281407034            0.2910724005246197
-9.135678391959798            0.29107239761675363
-9.020100502512562            0.2910723957278135
-8.904522613065327            0.291072367283383
-8.78894472361809             0.29107224800565723
-8.673366834170855            0.291072735390257
-8.557788944723619            0.291072316033659
-8.442211055276381            0.2910726996962459
-8.326633165829145            0.29107223912425173
-8.21105527638191             0.2910723665190731
-8.095477386934673            0.29107227784450646
-7.9798994974874375           0.2910722854125856
-7.864321608040202            0.29107227251136425
-7.748743718592964            0.2910722593420964
-7.633165829145728            0.29107225868539593
-7.517587939698492            0.2910722333359908
-7.402010050251256            0.29107224764339595
-7.28643216080402             0.29107224885996996
-7.170854271356784            0.29107222743353106
-7.055276381909547            0.29107212786306247
-6.939698492462311            0.29107219857923344
-6.824120603015075            0.2910722007527247
-6.708542713567839            0.2910722242740215
-6.592964824120603            0.29107215997153474
-6.477386934673367            0.29107209411416235
-6.361809045226131            0.2910721523389316
-6.246231155778894            0.2910720985635741
-6.130653266331658            0.29107214723776487
-6.015075376884422            0.29107214218518984
-5.899497487437186            0.29107214355428235
-5.78391959798995             0.2910721245699678
-5.668341708542714            0.2910721195691793
-5.5527638190954764           0.2910720892545678
-5.4371859296482405           0.29107201319356046
-5.321608040201005            0.2910720818558361
-5.206030150753769            0.29107205644974515
-5.090452261306533            0.291072034919384
-4.974874371859297            0.291072071370357
-4.859296482412061            0.29107209326723593
-4.743718592964823            0.29107196844017125
-4.628140703517587            0.2910719555523311
-4.5125628140703515           0.2910718438398271
-4.396984924623116            0.2910717546832028
-4.28140703517588             0.2910716328160876
-4.165829145728644            0.2910714460817148
-4.050251256281406            0.29107120584165763
-3.934673366834172            0.2910708186717102
-3.8190954773869343           0.29107028880550817
-3.7035175879396967           0.29106951614855
-3.5879396984924625           0.29106842108586234
-3.472361809045225            0.29106684351764145
-3.3567839195979907           0.2910645881015465
-3.241206030150753            0.29106132782336186
-3.125628140703519            0.29105664050733665
-3.0100502512562812           0.29104991029948935
-2.8944723618090435           0.29104019918777607
-2.7788944723618094           0.2910262424858801
-2.6633165829145717           0.2910062206906085
-2.5477386934673376           0.29097743183775826
-2.4321608040201              0.2909360135631522
-2.316582914572866            0.2908764931583277
-2.201005025125628            0.290790989999341
-2.0854271356783904           0.29066820767614543
-1.9698492462311563           0.290491974306153
-1.8542713567839186           0.2902391918492994
-1.7386934673366845           0.2898768873860514
-1.6231155778894468           0.28935794816600235
-1.5075376884422127           0.2886154831201875
-1.391959798994975            0.28755425129087114
-1.2763819095477373           0.28603933604405185
-1.1608040201005032           0.2838799152304884
-1.0452261306532655           0.28080676286850415
-0.9296482412060314           0.27644126709475053
-0.8140703517587937           0.27025259775802873
-0.698492462311556            0.26149904646370115
-0.5829145728643219           0.24914859228619454
-0.46733668341708423          0.23177057592936975
-0.3517587939698501           0.20739103126069577
-0.23618090452261245          0.17329966781700856
-0.12060301507537828          0.12579544362305828
-0.005025125628140596         0.059854359435384225
0.11055276381909708           -0.031299584627306296
0.22613065326633117           -0.15674434370527873
0.34170854271356893           -0.32856012737443974
0.457286432160803             -0.5627208214551042
0.5728643216080407            -0.8802307731445576
0.6884422110552748            -1.3085816804604808
0.8040201005025125            -1.8836284922249875
0.9195979899497502            -2.652011983812497
1.0351758793969843            -3.6743035432391373
1.150753768844222             -5.029143521517267
1.266331658291456             -6.818810820696023
1.3819095477386938            -9.176734703148846
1.4974874371859315            -12.27728363328659
1.6130653266331656            -16.348194570942738
1.7286432160804033            -21.686577195047004
1.8442211055276374            -28.6799061326339
1.959798994974875             -37.83356887354753
2.075376884422109             -49.806862914509345
2.190954773869347             -65.45996578129218
2.3065326633165846            -85.91521686212431
2.4221105527638187            -112.63707651082217
2.5376884422110564            -147.53645885251493
2.6532663316582905            -193.10687092185893
2.768844221105528             -254.3502508822277
