-20.0                         0.12705225605043205
-19.884422110552762           0.12705277464623824
-19.768844221105528           0.1270522048489296
-19.65326633165829            0.1270515433586783
-19.537688442211056           0.12705217759139512
-19.42211055276382            0.12705225860008798
-19.306532663316585           0.1270522511809532
-19.190954773869347           0.12705205138127776
-19.07537688442211            0.1270521754298694
-18.959798994974875           0.12705209341652315
-18.844221105527637           0.12705250595788478
-18.728643216080403           0.1270521063926054
-18.613065326633166           0.1270519661163546
-18.49748743718593            0.1270520271786995
-18.381909547738694           0.12705280321558937
-18.266331658291456           0.12705191741547603
-18.150753768844222           0.12705199393754468
-18.035175879396984           0.1270515221114071
-17.91959798994975            0.12705190889377468
-17.804020100502512           0.12705196989160117
-17.688442211055275           0.12705204939782885
-17.57286432160804            0.12705191019946468
-17.457286432160803           0.12705170245640163
-17.34170854271357            0.12705187972689846
-17.22613065326633            0.1270520171450515
-17.110552763819094           0.12705167877679607
-16.99497487437186            0.1270517777787571
-16.87939698492462            0.12705191215580625
-16.763819095477388           0.1270518312551027
-16.64824120603015            0.12705181615530833
-16.532663316582916           0.12705165407934146
-16.417085427135678           0.12705173386540627
-16.301507537688444           0.12705168564392258
-16.185929648241206           0.12705166173674592
-16.07035175879397            0.12705171192446002
-15.954773869346734           0.12705126898045857
-15.839195979899497           0.1270515829539576
-15.72361809045226            0.12705158447637932
-15.608040201005025           0.12705146857114955
-15.492462311557789           0.12705150415806296
-15.376884422110553           0.12705132105088332
-15.261306532663315           0.1270515645736966
-15.145728643216081           0.12705147470313427
-15.030150753768844           0.12705174321019927
-14.914572864321608           0.12705134810206972
-14.798994974874372           0.12705112076990405
-14.683417085427136           0.12705143464457094
-14.5678391959799             0.12705145431150505
-14.452261306532662           0.12705142217766044
-14.336683417085428           0.12705135244920698
-14.22110552763819            0.12705124734000112
-14.105527638190955           0.12705135902954548
-13.989949748743719           0.1270508369407471
-13.874371859296481           0.1270512434271807
-13.758793969849247           0.12705185915888004
-13.64321608040201            0.1270513097457551
-13.527638190954773           0.12705120573743714
-13.412060301507537           0.12705128355636988
-13.296482412060302           0.12705148718094678
-13.180904522613066           0.12705125229182804
-13.065326633165828           0.12705090135559363
-12.949748743718594           0.1270512902606374
-12.834170854271356           0.12705091790949988
-12.71859296482412            0.1270513442138232
-12.603015075376884           0.12705085686615472
-12.487437185929648           0.12705120690034044
-12.371859296482413           0.12705119440851576
-12.256281407035175           0.1270512106503864
-12.14070351758794            0.12705110517649304
-12.025125628140703           0.12705129231914536
-11.909547738693467           0.1270510097442046
-11.793969849246231           0.12705096888410222
-11.678391959798995           0.12705106787559628
-11.56281407035176            0.1270510477672165
-11.447236180904522           0.12705115625377264
-11.331658291457286           0.1270510745561071
-11.21608040201005            0.12705103202505705
-11.100502512562814           0.12705137337092898
-10.984924623115578           0.12705104647034998
-10.869346733668342           0.1270509595739743
-10.753768844221106           0.12705065460074924
-10.638190954773869           0.12705098061659167
-10.522613065326633           0.12705094591150143
-10.407035175879397           0.12705095530904575
-10.291457286432161           0.1270510833002837
-10.175879396984925           0.1270509245353429
-10.06030150753769            0.1270508446217416
-9.944723618090451            0.12705089229469355
-9.829145728643216            0.12705093598154024
-9.71356783919598             0.12705093087563238
-9.597989949748744            0.12705085294192112
-9.482412060301508            0.12705086095601079
-9.366834170854272            0.12705084442637904
-9.251256281407034            0.12705083541516027
-9.135678391959798            0.12705083414382376
-9.020100502512562            0.12705085225323115
-8.904522613065327            0.12705076510458468
-8.78894472361809             0.12705062238278697
-8.673366834170855            0.12705130816619467
-8.557788944723619            0.12705075117289752
-8.442211055276381            0.1270512670379953
-8.326633165829145            0.12705062334347275
-8.21105527638191             0.12705080308421146
-8.095477386934673            0.12705070520888442
-7.9798994974874375           0.12705071988598138
-7.864321608040202            0.12705070318789205
-7.748743718592964            0.12705068431148236
-7.633165829145728            0.1270506962065751
-7.517587939698492            0.12705064331484497
-7.402010050251256            0.12705070881851288
-7.28643216080402             0.12705069080437928
-7.170854271356784            0.12705066131317494
-7.055276381909547            0.1270505149856403
-6.939698492462311            0.12705062945142803
-6.824120603015075            0.1270506389022019
-6.708542713567839            0.12705064898079918
-6.592964824120603            0.12705059043291878
-6.477386934673367            0.1270505092591187
-6.361809045226131            0.12705058239293918
-6.246231155778894            0.12705051969515455
-6.130653266331658            0.12705058593508928
-6.015075376884422            0.12705058286858062
-5.899497487437186            0.12705059583462705
-5.78391959798995             0.12705056418795727
-5.668341708542714            0.12705056115023156
-5.5527638190954764           0.1270505156353432
-5.4371859296482405           0.12705042369479583
-5.321608040201005            0.12705052384676854
-5.206030150753769            0.12705050596089376
-5.090452261306533            0.1270504965274998
-4.974874371859297            0.12705056806646045
-4.859296482412061            0.12705063141544143
-4.743718592964823            0.12705049919175823
-4.628140703517587            0.12705053840114988
-4.5125628140703515           0.1270504654268947
-4.396984924623116            0.1270504657715164
-4.28140703517588             0.1270504691482192
-4.165829145728644            0.127050454982185
-4.050251256281406            0.127050465482807
-3.934673366834172            0.12705044518023476
-3.8190954773869343           0.12705043868463708
-3.7035175879396967           0.12705040830141043
-3.5879396984924625           0.12705039031261625
-3.472361809045225            0.12705035872126694
-3.3567839195979907           0.1270503289145692
-3.241206030150753            0.1270502533870814
-3.125628140703519            0.12705014643339657
-3.0100502512562812           0.12704998655984875
-2.8944723618090435           0.1270496885273925
-2.7788944723618094           0.12704920857576746
-2.6633165829145717           0.12704850420632954
-2.5477386934673376           0.12704733474713242
-2.4321608040201              0.12704536057952742
-2.316582914572866            0.12704211109563643
-2.201005025125628            0.12703676186803034
-2.0854271356783904           0.12702794332435036
-1.9698492462311563           0.12701340065227776
-1.8542713567839186           0.12698945698721809
-1.7386934673366845           0.12695008993304646
-1.6231155778894468           0.12688525160901137
-1.5075376884422127           0.12677872726254155
-1.391959798994975            0.12660368779625228
-1.2763819095477373           0.1263165240366506
-1.1608040201005032           0.1258463172578017
-1.0452261306532655           0.12507822784996653
-0.9296482412060314           0.12382764606761779
-0.8140703517587937           0.12180005109083263
-0.698492462311556            0.11853034715918291
-0.5829145728643219           0.113293983563826
-0.46733668341708423          0.10497864219819458
-0.3517587939698501           0.0919080029234664
-0.23618090452261245          0.07160681865453114
-0.12060301507537828          0.04050039310334469
-0.005025125628140596         -0.00645732666519746
0.11055276381909708           -0.07623339744273895
0.22613065326633117           -0.17825749949696323
0.34170854271356893           -0.32508307896738065
0.457286432160803             -0.5332171724820833
0.5728643216080407            -0.8241889540158569
0.6884422110552748            -1.2259485174885967
0.8040201005025125            -1.774706143924655
0.9195979899497502            -2.5173422276149444
1.0351758793969843            -3.5145582515057407
1.150753768844222             -4.845031766979556
1.266331658291456             -6.611009380931059
1.3819095477386938            -8.945849961215725
1.4974874371859315            -12.023843244312689
1.6130653266331656            -16.072651663417627
1.7286432160804033            -21.389314187805347
1.8442211055276374            -28.361238691932748
1.959798994974875             -37.49375254498613
2.075376884422109             -49.446101623755354
2.190954773869347             -65.07842058975305
2.3065326633165846            -85.51301402276444
2.4221105527638187            -112.21431444163562
2.5376884422110564            -147.0932139555595
2.6532663316582905            -192.64320232485005
2.768844221105528             -253.86631830570832
