-20.0                         0.8645175777565822
-19.884422110552762           0.8645185938649617
-19.768844221105528           0.8645174496407702
-19.65326633165829            0.8645164089350801
-19.537688442211056           0.8645174813959743
-19.42211055276382            0.8645172981074655
-19.306532663316585           0.8645176131396854
-19.190954773869347           0.8645161415536506
-19.07537688442211            0.8645176653567096
-18.959798994974875           0.8645173296936978
-18.844221105527637           0.86451862554046
-18.728643216080403           0.8645172122315992
-18.613065326633166           0.8645174683272834
-18.49748743718593            0.8645172600336719
-18.381909547738694           0.8645195377121355
-18.266331658291456           0.8645171131814219
-18.150753768844222           0.8645171917608099
-18.035175879396984           0.8645172982654906
-17.91959798994975            0.8645171557177885
-17.804020100502512           0.8645176064043846
-17.688442211055275           0.8645173559670859
-17.57286432160804            0.8645168465593343
-17.457286432160803           0.8645168888756343
-17.34170854271357            0.8645170757341102
-17.22613065326633            0.8645171409672334
-17.110552763819094           0.864516842044505
-16.99497487437186            0.8645172967149757
-16.87939698492462            0.8645167940865921
-16.763819095477388           0.8645175065579845
-16.64824120603015            0.864516877893269
-16.532663316582916           0.8645169245498734
-16.417085427135678           0.864516889585345
-16.301507537688444           0.8645163262999497
-16.185929648241206           0.8645168998385931
-16.07035175879397            0.8645171566888011
-15.954773869346734           0.8645158385082857
-15.839195979899497           0.8645168053859744
-15.72361809045226            0.8645169070285551
-15.608040201005025           0.8645175419780918
-15.492462311557789           0.8645167900506325
-15.376884422110553           0.8645167005619635
-15.261306532663315           0.8645168855956858
-15.145728643216081           0.864516796495521
-15.030150753768844           0.8645176548812774
-14.914572864321608           0.8645165331233091
-14.798994974874372           0.8645158250869548
-14.683417085427136           0.8645167939523112
-14.5678391959799             0.8645167169659004
-14.452261306532662           0.864516675904045
-14.336683417085428           0.8645166006496573
-14.22110552763819            0.8645170606598805
-14.105527638190955           0.8645165508671225
-13.989949748743719           0.8645156665666225
-13.874371859296481           0.8645164013730873
-13.758793969849247           0.8645171203107467
-13.64321608040201            0.8645164990411636
-13.527638190954773           0.8645158384775613
-13.412060301507537           0.8645165371459735
-13.296482412060302           0.8645163863946819
-13.180904522613066           0.8645166700339761
-13.065326633165828           0.8645161213325704
-12.949748743718594           0.8645165333624185
-12.834170854271356           0.8645160466584132
-12.71859296482412            0.8645167180809704
-12.603015075376884           0.8645159500120694
-12.487437185929648           0.8645165471753382
-12.371859296482413           0.8645163242376795
-12.256281407035175           0.8645166158080393
-12.14070351758794            0.8645163879308608
-12.025125628140703           0.8645162253033374
-11.909547738693467           0.8645162099028685
-11.793969849246231           0.8645161081560745
-11.678391959798995           0.864516365273126
-11.56281407035176            0.8645163068393628
-11.447236180904522           0.8645166670813741
-11.331658291457286           0.8645163727923394
-11.21608040201005            0.8645162933716717
-11.100502512562814           0.8645166187234098
-10.984924623115578           0.8645163612338134
-10.869346733668342           0.8645162235450519
-10.753768844221106           0.8645155760651672
-10.638190954773869           0.8645163613254312
-10.522613065326633           0.8645161382708709
-10.407035175879397           0.8645163570314147
-10.291457286432161           0.8645170129202807
-10.175879396984925           0.864516197049682
-10.06030150753769            0.8645160629268513
-9.944723618090451            0.8645161971323125
-9.829145728643216            0.8645158675034147
-9.71356783919598             0.8645166550016464
-9.597989949748744            0.8645161757892781
-9.482412060301508            0.8645161432273579
-9.366834170854272            0.8645162404107636
-9.251256281407034            0.8645161486867545
-9.135678391959798            0.8645160873756363
-9.020100502512562            0.8645162754696121
-8.904522613065327            0.8645157214474221
-8.78894472361809             0.8645156395265605
-8.673366834170855            0.8645171482333384
-8.557788944723619            0.8645161108557318
-8.442211055276381            0.8645170862019751
-8.326633165829145            0.8645156674601762
-8.21105527638191             0.8645158472230503
-8.095477386934673            0.8645161456468277
-7.9798994974874375           0.8645160488621504
-7.864321608040202            0.8645160041512109
-7.748743718592964            0.8645159346531829
-7.633165829145728            0.8645160521322456
-7.517587939698492            0.8645157900264248
-7.402010050251256            0.8645162962300559
-7.28643216080402             0.8645160144900288
-7.170854271356784            0.8645159461217746
-7.055276381909547            0.8645156779923965
-6.939698492462311            0.864515934066847
-6.824120603015075            0.864515955343761
-6.708542713567839            0.8645158041505007
-6.592964824120603            0.8645159236425175
-6.477386934673367            0.8645158944984078
-6.361809045226131            0.8645159128193178
-6.246231155778894            0.8645158055341122
-6.130653266331658            0.8645158938488433
-6.015075376884422            0.8645158977794403
-5.899497487437186            0.8645159596024968
-5.78391959798995             0.8645158428753272
-5.668341708542714            0.8645158636426797
-5.5527638190954764           0.8645157100203295
-5.4371859296482405           0.864515581590367
-5.321608040201005            0.864515706093187
-5.206030150753769            0.8645157805204725
-5.090452261306533            0.8645158750997786
-4.974874371859297            0.864515808631929
-4.859296482412061            0.8645160068067597
-4.743718592964823            0.8645158052055042
-4.628140703517587            0.8645159026742252
-4.5125628140703515           0.8645157443899237
-4.396984924623116            0.8645157607602555
-4.28140703517588             0.8645157839935871
-4.165829145728644            0.8645157609975661
-4.050251256281406            0.8645156696741384
-3.934673366834172            0.864515782241398
-3.8190954773869343           0.8645157980464057
-3.7035175879396967           0.8645157376572042
-3.5879396984924625           0.8645157513364029
-3.472361809045225            0.8645157375089977
-3.3567839195979907           0.8645157580132748
-3.241206030150753            0.86451570541117
-3.125628140703519            0.8645156962814602
-3.0100502512562812           0.864515700149953
-2.8944723618090435           0.8645157312901589
-2.7788944723618094           0.864515580317211
-2.6633165829145717           0.8645156796144486
-2.5477386934673376           0.8645156829187829
-2.4321608040201              0.8645156772242366
-2.316582914572866            0.8645156804403079
-2.201005025125628            0.8645156946192724
-2.0854271356783904           0.8645156827369184
-1.9698492462311563           0.8645156428807722
-1.8542713567839186           0.8645155838321278
-1.7386934673366845           0.8645156062126246
-1.6231155778894468           0.8645155563524012
-1.5075376884422127           0.8645156122785128
-1.391959798994975            0.8645155365828009
-1.2763819095477373           0.8645154057361504
-1.1608040201005032           0.8645150231990764
-1.0452261306532655           0.8645139374938745
-0.9296482412060314           0.8645110187371992
-0.8140703517587937           0.8645032502155661
-0.698492462311556            0.8644820501235795
-0.5829145728643219           0.8644262041646049
-0.46733668341708423          0.8642803177755324
-0.3517587939698501           0.8639064903159708
-0.23618090452261245          0.8629723533182667
-0.12060301507537828          0.8607126708012578
-0.005025125628140596         0.8554662391953161
0.11055276381909708           0.8438791541423051
0.22613065326633117           0.8197335279816867
0.34170854271356893           0.7725290040444014
0.457286432160803             0.6861048127666063
0.5728643216080407            0.5375339108296685
0.6884422110552748            0.29620256586903004
0.8040201005025125            -0.07732589518822233
0.9195979899497502            -0.6331151065477697
1.0351758793969843            -1.4346377906053764
1.150753768844222             -2.562760855409681
1.266331658291456             -4.121311092251829
1.3819095477386938            -6.244764180977364
1.4974874371859315            -9.108306137420692
1.6130653266331656            -12.940382224163736
1.7286432160804033            -18.038661747997402
1.8442211055276374            -24.79101059177237
1.959798994974875             -33.70307746123175
2.075376884422109             -45.43433582945198
2.190954773869347             -60.845084337539106
2.3065326633165846            -81.05774739521593
2.4221105527638187            -107.53684605427739
2.5376884422110564            -142.19333839145733
2.6532663316582905            -187.52076364684362
2.768844221105528             -248.52244895897465
