-20.0                         0.1671793495574199
-19.884422110552762           0.16717991725187611
-19.768844221105528           0.1671792945864039
-19.65326633165829            0.16717858064914762
-19.537688442211056           0.16717926354918258
-19.42211055276382            0.16717933870470528
-19.306532663316585           0.1671793639491484
-19.190954773869347           0.16717904955458207
-19.07537688442211            0.16717928232596635
-18.959798994974875           0.16717917719813277
-18.844221105527637           0.1671797053987617
-18.728643216080403           0.1671792044217855
-18.613065326633166           0.1671790625831599
-18.49748743718593            0.1671791179833412
-18.381909547738694           0.16718004528931435
-18.266331658291456           0.1671789981012031
-18.150753768844222           0.1671790794380977
-18.035175879396984           0.16717861028642306
-17.91959798994975            0.16717899895383537
-17.804020100502512           0.16717908660671899
-17.688442211055275           0.16717917625345927
-17.57286432160804            0.1671789827323461
-17.457286432160803           0.16717877955357396
-17.34170854271357            0.16717898101935544
-17.22613065326633            0.1671791368754813
-17.110552763819094           0.16717874970053592
-16.99497487437186            0.1671788760224995
-16.87939698492462            0.16717900929828666
-16.763819095477388           0.1671789494299883
-16.64824120603015            0.1671789127135908
-16.532663316582916           0.16717872106116557
-16.417085427135678           0.1671788142160846
-16.301507537688444           0.1671787364251842
-16.185929648241206           0.16717875372044944
-16.07035175879397            0.16717881281887387
-15.954773869346734           0.1671782915884387
-15.839195979899497           0.1671786666170934
-15.72361809045226            0.16717867217518118
-15.608040201005025           0.16717858488461917
-15.492462311557789           0.1671785914447351
-15.376884422110553           0.16717837789115697
-15.261306532663315           0.16717866200577897
-15.145728643216081           0.16717856226459532
-15.030150753768844           0.16717890562215723
-14.914572864321608           0.16717842570413308
-14.798994974874372           0.16717814102693307
-14.683417085427136           0.16717852756390028
-14.5678391959799             0.16717853946142264
-14.452261306532662           0.1671785060962572
-14.336683417085428           0.16717843757885073
-14.22110552763819            0.1671783441491744
-14.105527638190955           0.1671784389718028
-13.989949748743719           0.16717787631218411
-13.874371859296481           0.1671783197786894
-13.758793969849247           0.167178976662291
-13.64321608040201            0.16717839266692602
-13.527638190954773           0.16717824014807825
-13.412060301507537           0.16717836917146695
-13.296482412060302           0.16717857586203796
-13.180904522613066           0.1671783452239666
-13.065326633165828           0.16717796053927006
-12.949748743718594           0.16717838412959227
-12.834170854271356           0.16717798636003167
-12.71859296482412            0.16717844902815493
-12.603015075376884           0.16717790787148598
-12.487437185929648           0.16717830461411942
-12.371859296482413           0.16717828463564408
-12.256281407035175           0.16717830998767516
-12.14070351758794            0.16717819329975186
-12.025125628140703           0.1671783778609487
-11.909547738693467           0.1671780896299924
-11.793969849246231           0.16717802796887254
-11.678391959798995           0.16717815536450165
-11.56281407035176            0.16717813346094196
-11.447236180904522           0.16717826446473175
-11.331658291457286           0.16717816847221365
-11.21608040201005            0.1671781201913421
-11.100502512562814           0.1671784793906405
-10.984924623115578           0.16717814231206393
-10.869346733668342           0.16717804596449654
-10.753768844221106           0.16717770648098296
-10.638190954773869           0.1671780741806935
-10.522613065326633           0.16717802726520173
-10.407035175879397           0.16717805250382178
-10.291457286432161           0.16717822316842962
-10.175879396984925           0.1671780147740868
-10.06030150753769            0.16717792680036755
-9.944723618090451            0.1671779816548969
-9.829145728643216            0.16717800629088467
-9.71356783919598             0.16717805400408212
-9.597989949748744            0.16717794240419415
-9.482412060301508            0.16717794923008805
-9.366834170854272            0.16717794054116894
-9.251256281407034            0.16717792690022318
-9.135678391959798            0.16717792460189873
-9.020100502512562            0.167177958746556
-8.904522613065327            0.16717782834287878
-8.78894472361809             0.1671776858948594
-8.673366834170855            0.16717845288749666
-8.557788944723619            0.16717784512689304
-8.442211055276381            0.1671784096535666
-8.326633165829145            0.1671776900662556
-8.21105527638191             0.16717788308293932
-8.095477386934673            0.1671777970118855
-7.9798994974874375           0.167177811860265
-7.864321608040202            0.16717779254334234
-7.748743718592964            0.16717777033131484
-7.633165829145728            0.16717778993596513
-7.517587939698492            0.16717771766368644
-7.402010050251256            0.1671778213970157
-7.28643216080402             0.1671777847590743
-7.170854271356784            0.1671777509990821
-7.055276381909547            0.1671775857833954
-6.939698492462311            0.16717771890473415
-6.824120603015075            0.16717773172336173
-6.708542713567839            0.1671777292351408
-6.592964824120603            0.16717768144931514
-6.477386934673367            0.16717759820263003
-6.361809045226131            0.16717767208146833
-6.246231155778894            0.1671776069860164
-6.130653266331658            0.16717767875449982
-6.015075376884422            0.16717767689977606
-5.899497487437186            0.1671776964181709
-5.78391959798995             0.16717765495339965
-5.668341708542714            0.1671776522888803
-5.5527638190954764           0.1671775958775577
-5.4371859296482405           0.16717750005736098
-5.321608040201005            0.1671776067897655
-5.206030150753769            0.16717759250576478
-5.090452261306533            0.16717758779281866
-4.974874371859297            0.16717766257199024
-4.859296482412061            0.16717773639946415
-4.743718592964823            0.16717759203705632
-4.628140703517587            0.16717763548969755
-4.5125628140703515           0.1671775532237329
-4.396984924623116            0.16717755756502775
-4.28140703517588             0.16717756326529767
-4.165829145728644            0.16717754846473656
-4.050251256281406            0.16717755539579504
-3.934673366834172            0.16717754480743033
-3.8190954773869343           0.16717754376615324
-3.7035175879396967           0.16717751650482698
-3.5879396984924625           0.16717750996696076
-3.472361809045225            0.16717749594246967
-3.3567839195979907           0.16717749681477057
-3.241206030150753            0.167177464237204
-3.125628140703519            0.16717743572204405
-3.0100502512562812           0.16717740118736008
-2.8944723618090435           0.16717730672979048
-2.7788944723618094           0.1671771467655492
-2.6633165829145717           0.1671769770391569
-2.5477386934673376           0.16717666451401747
-2.4321608040201              0.167176071732974
-2.316582914572866            0.1671750476029513
-2.201005025125628            0.16717327674140584
-2.0854271356783904           0.16717019657428175
-1.9698492462311563           0.16716483578050256
-1.8542713567839186           0.16715554598219565
-1.7386934673366845           0.16713950154490026
-1.6231155778894468           0.16711163047359592
-1.5075376884422127           0.16706346578142667
-1.391959798994975            0.16698008354093763
-1.2763819095477373           0.16683603598050872
-1.1608040201005032           0.16658772441796665
-1.0452261306532655           0.16616077463591367
-0.9296482412060314           0.16542935321701438
-0.8140703517587937           0.16418222774988456
-0.698492462311556            0.1620687241773923
-0.5829145728643219           0.15851556405282377
-0.46733668341708423          0.1526008625551754
-0.3517587939698501           0.1428738707877445
-0.23618090452261245          0.12710662055065328
-0.12060301507537828          0.10196954717855178
-0.005025125628140596         0.06262803169278487
0.11055276381909708           0.0022605990555889213
0.22613065326633117           -0.08850596299061739
0.34170854271356893           -0.2222645815258163
0.457286432160803             -0.4156464421814043
0.5728643216080407            -0.690365072525765
0.6884422110552748            -1.074585962479055
0.8040201005025125            -1.6047397534703631
0.9195979899497502            -2.327913129311515
1.0351758793969843            -3.30498748970264
1.150753768844222             -4.614785780177434
1.266331658291456             -6.359662979914496
1.3819095477386938            -8.673059137819159
1.4974874371859315            -11.729334437083592
1.6130653266331656            -15.756216360646597
1.7286432160804033            -21.0507981753087
1.8442211055276374            -28.000528465543763
1.959798994974875             -37.110763981738785
2.075376884422109             -49.04077189495521
2.190954773869347             -64.65070248462179
2.3065326633165846            -85.06287190089725
2.4221105527638187            -111.74172130156599
2.5376884422110564            -146.59814928517045
2.6532663316582905            -192.12565050981573
2.768844221105528             -253.32639368259277
