-20.0                         0.7958469200165842
-19.884422110552762           0.7958478948162023
-19.768844221105528           0.7958467990202092
-19.65326633165829            0.795845768855694
-19.537688442211056           0.7958468089964206
-19.42211055276382            0.7958466589496566
-19.306532663316585           0.7958469697875918
-19.190954773869347           0.795845565486485
-19.07537688442211            0.795846990202877
-18.959798994974875           0.7958466684348843
-18.844221105527637           0.7958479453216893
-18.728643216080403           0.7958465861964256
-18.613065326633166           0.795846781586174
-18.49748743718593            0.7958466107361344
-18.381909547738694           0.7958487951478891
-18.266331658291456           0.795846456993075
-18.150753768844222           0.795846537233478
-18.035175879396984           0.7958465692276169
-17.91959798994975            0.7958465041024454
-17.804020100502512           0.7958469211662139
-17.688442211055275           0.795846728318182
-17.57286432160804            0.7958462061141136
-17.457286432160803           0.7958462316126054
-17.34170854271357            0.7958464407564204
-17.22613065326633            0.7958465278024175
-17.110552763819094           0.7958461826752093
-16.99497487437186            0.7958466153482168
-16.87939698492462            0.7958461905600592
-16.763819095477388           0.7958468131345028
-16.64824120603015            0.795846250422673
-16.532663316582916           0.7958462356240319
-16.417085427135678           0.7958462376313558
-16.301507537688444           0.7958457106154097
-16.185929648241206           0.7958462465321265
-16.07035175879397            0.795846483941588
-15.954773869346734           0.7958452265744104
-15.839195979899497           0.7958461476355101
-15.72361809045226            0.795846234585822
-15.608040201005025           0.7958467992508439
-15.492462311557789           0.7958461261931744
-15.376884422110553           0.795845996638227
-15.261306532663315           0.795846225717205
-15.145728643216081           0.7958461280020932
-15.030150753768844           0.7958469716776227
-14.914572864321608           0.7958458763336546
-14.798994974874372           0.7958451900457938
-14.683417085427136           0.7958461245971631
-14.5678391959799             0.7958460481679562
-14.452261306532662           0.7958460073905025
-14.336683417085428           0.7958459402156788
-14.22110552763819            0.7958463355282895
-14.105527638190955           0.7958458916105549
-13.989949748743719           0.7958450322083498
-13.874371859296481           0.7958457472111032
-13.758793969849247           0.7958464761898164
-13.64321608040201            0.7958458426419098
-13.527638190954773           0.7958452199890892
-13.412060301507537           0.7958458742211885
-13.296482412060302           0.7958457707340749
-13.180904522613066           0.7958459924603605
-13.065326633165828           0.7958454464574103
-12.949748743718594           0.7958458791750316
-12.834170854271356           0.7958453916194806
-12.71859296482412            0.7958460540019793
-12.603015075376884           0.7958452862082029
-12.487437185929648           0.7958458848484107
-12.371859296482413           0.7958456815290526
-12.256281407035175           0.7958459470243233
-12.14070351758794            0.7958457244522024
-12.025125628140703           0.7958456032110851
-11.909547738693467           0.7958455525313077
-11.793969849246231           0.795845437117466
-11.678391959798995           0.7958456985629465
-11.56281407035176            0.7958456453167199
-11.447236180904522           0.7958459870098704
-11.331658291457286           0.7958457115885295
-11.21608040201005            0.7958456328023115
-11.100502512562814           0.7958459700058301
-10.984924623115578           0.7958456992563028
-10.869346733668342           0.7958455614857499
-10.753768844221106           0.7958449373646487
-10.638190954773869           0.7958456880408364
-10.522613065326633           0.7958454817232313
-10.407035175879397           0.7958456887239825
-10.291457286432161           0.7958463017338484
-10.175879396984925           0.7958455370783054
-10.06030150753769            0.7958454045968987
-9.944723618090451            0.7958455303401156
-9.829145728643216            0.7958452352651665
-9.71356783919598             0.7958459639305767
-9.597989949748744            0.7958455075050731
-9.482412060301508            0.7958454789748701
-9.366834170854272            0.7958455690613055
-9.251256281407034            0.795845483510859
-9.135678391959798            0.7958454286698867
-9.020100502512562            0.7958456122254085
-8.904522613065327            0.7958450819630797
-8.78894472361809             0.7958449954888789
-8.673366834170855            0.7958464478289885
-8.557788944723619            0.7958454415784038
-8.442211055276381            0.7958463872132139
-8.326633165829145            0.7958450218699982
-8.21105527638191             0.795845207601667
-8.095477386934673            0.7958454649030264
-7.9798994974874375           0.795845383382634
-7.864321608040202            0.7958453393061197
-7.748743718592964            0.7958452745000063
-7.633165829145728            0.795845383174748
-7.517587939698492            0.7958451315189441
-7.402010050251256            0.7958456139096792
-7.28643216080402             0.7958453501587688
-7.170854271356784            0.7958452834124969
-7.055276381909547            0.795845018564996
-6.939698492462311            0.7958452684331747
-6.824120603015075            0.7958452910885411
-6.708542713567839            0.795845152209127
-6.592964824120603            0.7958452558218023
-6.477386934673367            0.7958452182843375
-6.361809045226131            0.7958452440704025
-6.246231155778894            0.7958451417045065
-6.130653266331658            0.7958452312840246
-6.015075376884422            0.7958452366495573
-5.899497487437186            0.7958452975578135
-5.78391959798995             0.7958451818517045
-5.668341708542714            0.7958451997103607
-5.5527638190954764           0.7958450506062551
-5.4371859296482405           0.7958449274400179
-5.321608040201005            0.7958450503378806
-5.206030150753769            0.7958451151055969
-5.090452261306533            0.79584520154822
-4.974874371859297            0.7958451549519957
-4.859296482412061            0.7958453426324774
-4.743718592964823            0.7958451428503156
-4.628140703517587            0.7958452345104892
-4.5125628140703515           0.795845079359429
-4.396984924623116            0.7958450982222213
-4.28140703517588             0.7958451204048541
-4.165829145728644            0.7958450968191042
-4.050251256281406            0.7958450150896292
-3.934673366834172            0.7958451167096746
-3.8190954773869343           0.7958451309882901
-3.7035175879396967           0.7958450731419636
-3.5879396984924625           0.7958450846248258
-3.472361809045225            0.7958450712533843
-3.3567839195979907           0.7958450918630021
-3.241206030150753            0.7958450388289822
-3.125628140703519            0.7958450324155086
-3.0100502512562812           0.7958450366853059
-2.8944723618090435           0.7958450604039331
-2.7788944723618094           0.7958449193456459
-2.6633165829145717           0.7958450112576517
-2.5477386934673376           0.7958450181076326
-2.4321608040201              0.7958450127211841
-2.316582914572866            0.7958450151706383
-2.201005025125628            0.7958450289815412
-2.0854271356783904           0.7958450176928304
-1.9698492462311563           0.7958449783494046
-1.8542713567839186           0.795844920107735
-1.7386934673366845           0.7958449393886851
-1.6231155778894468           0.795844884266845
-1.5075376884422127           0.7958449207913818
-1.391959798994975            0.7958448059342088
-1.2763819095477373           0.795844565563852
-1.1608040201005032           0.7958439132514825
-1.0452261306532655           0.7958421557623803
-0.9296482412060314           0.7958375778421203
-0.8140703517587937           0.7958257378520809
-0.698492462311556            0.7957947406744585
-0.5829145728643219           0.7957157046713798
-0.46733668341708423          0.7955162427580948
-0.3517587939698501           0.7950223799363657
-0.23618090452261245          0.7938296342597556
-0.12060301507537828          0.7910396686666954
-0.005025125628140596         0.7847702243733912
0.11055276381909708           0.7713480482582846
0.22613065326633117           0.7441714873578434
0.34170854271356893           0.6923822998168428
0.457286432160803             0.5996004282845052
0.5728643216080407            0.4428850334219513
0.6884422110552748            0.19179491826869613
0.8040201005025125            -0.19282765430335846
0.9195979899497502            -0.7607458133504164
1.0351758793969843            -1.5751652981961504
1.150753768844222             -2.716743542853797
1.266331658291456             -4.289159033800875
1.3819095477386938            -6.426786784615552
1.4974874371859315            -9.30473673130138
1.6130653266331656            -13.15139068948233
1.7286432160804033            -18.264368445578704
1.8442211055276374            -25.03150090482535
1.959798994974875             -33.95841287411717
2.075376884422109             -45.704561269063014
2.190954773869347             -61.130233007053256
2.3065326633165846            -81.35784404588532
2.4221105527638187            -107.85190925828101
2.5376884422110564            -142.52338215424473
2.6532663316582905            -187.86579857008203
2.768844221105528             -248.88239870771838
