-20.0                         1.4748855473174025
-19.884422110552762           1.474886982097636
-19.768844221105528           1.4748853787473195
-19.65326633165829            1.4748843526825752
-19.537688442211056           1.4748857480804434
-19.42211055276382            1.4748852075080106
-19.306532663316585           1.4748853877325152
-19.190954773869347           1.47488360878814
-19.07537688442211            1.4748858347678437
-18.959798994974875           1.4748854256688826
-18.844221105527637           1.4748865878147
-18.728643216080403           1.4748849433631903
-18.613065326633166           1.4748857987158708
-18.49748743718593            1.474885193195799
-18.381909547738694           1.4748881068022444
-18.266331658291456           1.4748851640663547
-18.150753768844222           1.4748852243313957
-18.035175879396984           1.4748860681127869
-17.91959798994975            1.4748851049281393
-17.804020100502512           1.4748858273233698
-17.688442211055275           1.4748849915063977
-17.57286432160804            1.4748849226405254
-17.457286432160803           1.4748849501097743
-17.34170854271357            1.4748848674781203
-17.22613065326633            1.4748847042779054
-17.110552763819094           1.474884942064448
-16.99497487437186            1.4748854523116963
-16.87939698492462            1.4748843603534614
-16.763819095477388           1.4748858429534009
-16.64824120603015            1.4748846879765949
-16.532663316582916           1.4748854068779333
-16.417085427135678           1.4748848983945793
-16.301507537688444           1.474884163268272
-16.185929648241206           1.4748849373803143
-16.07035175879397            1.4748852904637495
-15.954773869346734           1.47488353189835
-15.839195979899497           1.474884864959832
-15.72361809045226            1.4748851523638151
-15.608040201005025           1.474886283333676
-15.492462311557789           1.474884902776641
-15.376884422110553           1.4748852893656776
-15.261306532663315           1.4748849493376561
-15.145728643216081           1.4748849423515271
-15.030150753768844           1.4748857370048476
-14.914572864321608           1.474884589106122
-14.798994974874372           1.4748837807086315
-14.683417085427136           1.4748849519005292
-14.5678391959799             1.4748849335906933
-14.452261306532662           1.4748848989942203
-14.336683417085428           1.4748846887792633
-14.22110552763819            1.474885702554421
-14.105527638190955           1.4748846549625008
-13.989949748743719           1.474883552444431
-13.874371859296481           1.4748844337653222
-13.758793969849247           1.474885023960642
-13.64321608040201            1.4748845711192193
-13.527638190954773           1.4748836265118073
-13.412060301507537           1.474884661505859
-13.296482412060302           1.4748840714678035
-13.180904522613066           1.4748848902173763
-13.065326633165828           1.474884397776683
-12.949748743718594           1.4748845490691227
-12.834170854271356           1.4748840969417523
-12.71859296482412            1.4748848104215646
-12.603015075376884           1.4748841301025113
-12.487437185929648           1.4748846202298551
-12.371859296482413           1.4748842827915354
-12.256281407035175           1.4748847149862219
-12.14070351758794            1.4748845035658473
-12.025125628140703           1.4748839731661272
-11.909547738693467           1.474884268746603
-11.793969849246231           1.4748843954185147
-11.678391959798995           1.474884510591892
-11.56281407035176            1.4748844001162373
-11.447236180904522           1.4748849118626988
-11.331658291457286           1.4748844523738738
-11.21608040201005            1.4748843836390098
-11.100502512562814           1.4748845755811604
-10.984924623115578           1.474884445058006
-10.869346733668342           1.4748843240800684
-10.753768844221106           1.474883489191323
-10.638190954773869           1.4748845487539501
-10.522613065326633           1.4748841956411818
-10.407035175879397           1.4748844412832278
-10.291457286432161           1.4748854783541472
-10.175879396984925           1.4748842739782848
-10.06030150753769            1.4748841283028478
-9.944723618090451            1.4748843581864908
-9.829145728643216            1.4748837285491165
-9.71356783919598             1.4748849088471896
-9.597989949748744            1.4748843279457777
-9.482412060301508            1.4748842679668628
-9.366834170854272            1.474884399063465
-9.251256281407034            1.4748842749984907
-9.135678391959798            1.4748841743365593
-9.020100502512562            1.474884302940837
-8.904522613065327            1.4748836542773514
-8.78894472361809             1.4748835905986306
-8.673366834170855            1.4748855464274713
-8.557788944723619            1.4748842679726462
-8.442211055276381            1.4748854731788337
-8.326633165829145            1.4748836298110095
-8.21105527638191             1.4748837593360593
-8.095477386934673            1.4748843864551235
-7.9798994974874375           1.4748841518031806
-7.864321608040202            1.4748841223547928
-7.748743718592964            1.4748840131594123
-7.633165829145728            1.47488420025531
-7.517587939698492            1.47488390907852
-7.402010050251256            1.4748845039093816
-7.28643216080402             1.4748841206686192
-7.170854271356784            1.4748840474444094
-7.055276381909547            1.4748837786982025
-6.939698492462311            1.474884063148864
-6.824120603015075            1.4748840633775768
-6.708542713567839            1.4748838131025093
-6.592964824120603            1.4748840714409444
-6.477386934673367            1.4748841305331324
-6.361809045226131            1.4748840726263097
-6.246231155778894            1.4748839177780788
-6.130653266331658            1.474883982671589
-6.015075376884422            1.4748839568922238
-5.899497487437186            1.4748840099989318
-5.78391959798995             1.4748839286317392
-5.668341708542714            1.474883973045987
-5.5527638190954764           1.4748838166457794
-5.4371859296482405           1.4748836139186998
-5.321608040201005            1.4748837738208165
-5.206030150753769            1.4748839322226162
-5.090452261306533            1.4748840631196491
-4.974874371859297            1.474883820573247
-4.859296482412061            1.4748840997961739
-4.743718592964823            1.4748838945272706
-4.628140703517587            1.4748840454768257
-4.5125628140703515           1.4748838878532533
-4.396984924623116            1.4748838613494328
-4.28140703517588             1.4748838864644147
-4.165829145728644            1.4748838778151572
-4.050251256281406            1.4748837040392497
-3.934673366834172            1.4748838998957274
-3.8190954773869343           1.474883929696485
-3.7035175879396967           1.4748838500617687
-3.5879396984924625           1.4748838833339992
-3.472361809045225            1.474883867043175
-3.3567839195979907           1.4748838714684644
-3.241206030150753            1.4748838550499714
-3.125628140703519            1.47488380585861
-3.0100502512562812           1.4748838047851556
-2.8944723618090435           1.4748839068617479
-2.7788944723618094           1.4748836673504118
-2.6633165829145717           1.4748838344259125
-2.5477386934673376           1.474883799133923
-2.4321608040201              1.4748837879309848
-2.316582914572866            1.4748838001410427
-2.201005025125628            1.4748838077156072
-2.0854271356783904           1.4748837935896693
-1.9698492462311563           1.474883753982061
-1.8542713567839186           1.474883685658529
-1.7386934673366845           1.4748837193414661
-1.6231155778894468           1.4748836571259445
-1.5075376884422127           1.4748837543696731
-1.391959798994975            1.4748837052606558
-1.2763819095477373           1.474883735939382
-1.1608040201005032           1.4748837477620476
-1.0452261306532655           1.474883721665428
-0.9296482412060314           1.4748836218160846
-0.8140703517587937           1.4748835258104946
-0.698492462311556            1.4748824901765216
-0.5829145728643219           1.4748794000515664
-0.46733668341708423          1.4748687841327257
-0.3517587939698501           1.4748330985260805
-0.23618090452261245          1.4747162167022247
-0.12060301507537828          1.4743461860288345
-0.005025125628140596         1.4732267338061587
0.11055276381909708           1.4700301500384558
0.22613065326633117           1.461534885482226
0.34170854271356893           1.440799189091576
0.457286432160803             1.3947463284681956
0.5728643216080407            1.301899483052832
0.6884422110552748            1.1310149815982715
0.8040201005025125            0.8404752387060465
0.9195979899497502            0.377446728721792
1.0351758793969843            -0.3241421895586827
1.150753768844222             -1.3472219642422514
1.266331658291456             -2.7970707327053264
1.3819095477386938            -4.8091259717675
1.4974874371859315            -7.559272583084193
1.6130653266331656            -11.276520893255803
1.7286432160804033            -16.2589722932373
1.8442211055276374            -22.89479218090088
1.959798994974875             -31.68983031225858
2.075376884422109             -43.303697417453144
2.190954773869347             -58.59678821579258
2.3065326633165846            -78.69159577089142
2.4221105527638187            -105.05269098378034
2.5376884422110564            -139.59106857867343
2.6532663316582905            -184.8002949994328
2.768844221105528             -245.6843836323415
