-20.0                         0.29694381083538024
-19.884422110552762           0.2969444882381497
-19.768844221105528           0.2969437436648704
-19.65326633165829            0.29694291482296636
-19.537688442211056           0.296943702493381
-19.42211055276382            0.29694374588061456
-19.306532663316585           0.29694386591358934
-19.190954773869347           0.29694324012986484
-19.07537688442211            0.2969437753865936
-18.959798994974875           0.2969436087272796
-18.844221105527637           0.2969444116226564
-18.728643216080403           0.2969436573172778
-18.613065326633166           0.29694353891203157
-18.49748743718593            0.2969435670244683
-18.381909547738694           0.2969448580490293
-18.266331658291456           0.2969434239214255
-18.150753768844222           0.2969435109083082
-18.035175879396984           0.29694309939212993
-17.91959798994975            0.2969434479216337
-17.804020100502512           0.29694361024549887
-17.688442211055275           0.29694369577992497
-17.57286432160804            0.29694336269366567
-17.457286432160803           0.2969431993442303
-17.34170854271357            0.2969434469164838
-17.22613065326633            0.29694362525776274
-17.110552763819094           0.2969431569342987
-16.99497487437186            0.29694335956006446
-16.87939698492462            0.2969434349311385
-16.763819095477388           0.2969434746749682
-16.64824120603015            0.2969433538307909
-16.532663316582916           0.29694311798237544
-16.417085427135678           0.2969432345420469
-16.301507537688444           0.2969430556577946
-16.185929648241206           0.29694320255169226
-16.07035175879397            0.2969432925001267
-15.954773869346734           0.29694257522700107
-15.839195979899497           0.2969430990704344
-15.72361809045226            0.29694311613579627
-15.608040201005025           0.29694314616685497
-15.492462311557789           0.2969430349073507
-15.376884422110553           0.2969427751392152
-15.261306532663315           0.2969431262783509
-15.145728643216081           0.296943008813648
-15.030150753768844           0.2969435313267396
-14.914572864321608           0.29694284602134663
-14.798994974874372           0.29694242878302557
-14.683417085427136           0.2969429863619743
-14.5678391959799             0.29694297113947316
-14.452261306532662           0.2969429353859758
-14.336683417085428           0.29694287446357065
-14.22110552763819            0.2969428495071157
-14.105527638190955           0.29694285981732005
-13.989949748743719           0.296942209545954
-13.874371859296481           0.29694273559197604
-13.758793969849247           0.2969434577719659
-13.64321608040201            0.2969428185985556
-13.527638190954773           0.29694253930749487
-13.412060301507537           0.2969428048085382
-13.296482412060302           0.2969429830197942
-13.180904522613066           0.29694280787382693
-13.065326633165828           0.29694235590711254
-12.949748743718594           0.29694283321882436
-12.834170854271356           0.29694238878110113
-12.71859296482412            0.2969429259291102
-12.603015075376884           0.29694227922936484
-12.487437185929648           0.29694277040707534
-12.371859296482413           0.2969427191123242
-12.256281407035175           0.29694278355776416
-12.14070351758794            0.29694263723843056
-12.025125628140703           0.29694278331532026
-11.909547738693467           0.29694251450979914
-11.793969849246231           0.2969424075390695
-11.678391959798995           0.296942598444158
-11.56281407035176            0.2969425717992622
-11.447236180904522           0.29694275853980584
-11.331658291457286           0.2969426227915517
-11.21608040201005            0.2969425621249248
-11.100502512562814           0.2969429432727029
-10.984924623115578           0.2969426011652647
-10.869346733668342           0.2969424856265694
-10.753768844221106           0.2969420655979836
-10.638190954773869           0.2969425337076356
-10.522613065326633           0.2969424520315883
-10.407035175879397           0.2969425241019099
-10.291457286432161           0.2969428048874337
-10.175879396984925           0.2969424616787292
-10.06030150753769            0.29694235656046586
-9.944723618090451            0.2969424283643534
-9.829145728643216            0.2969423881502959
-9.71356783919598             0.29694259662139233
-9.597989949748744            0.29694239108376097
-9.482412060301508            0.29694239195451316
-9.366834170854272            0.29694240794365495
-9.251256281407034            0.29694237857515693
-9.135678391959798            0.29694236932026863
-9.020100502512562            0.296942449151744
-8.904522613065327            0.2969422025579825
-8.78894472361809             0.296942070119747
-8.673366834170855            0.29694302882526386
-8.557788944723619            0.2969423049424185
-8.442211055276381            0.2969429806767322
-8.326633165829145            0.29694208126352606
-8.21105527638191             0.2969422907687519
-8.095477386934673            0.29694226018942343
-7.9798994974874375           0.2969422664609841
-7.864321608040202            0.29694223974917544
-7.748743718592964            0.2969422084154436
-7.633165829145728            0.2969422488206828
-7.517587939698492            0.2969421245716366
-7.402010050251256            0.296942333812533
-7.28643216080402             0.29694224137704195
-7.170854271356784            0.29694219709749553
-7.055276381909547            0.2969419928064588
-6.939698492462311            0.2969421663148027
-6.824120603015075            0.2969421860146829
-6.708542713567839            0.2969421493757133
-6.592964824120603            0.29694213442836015
-6.477386934673367            0.2969420528587806
-6.361809045226131            0.2969421222358797
-6.246231155778894            0.29694205046135863
-6.130653266331658            0.29694213291725857
-6.015075376884422            0.296942134891306
-5.899497487437186            0.2969421700221568
-5.78391959798995             0.2969421024975605
-5.668341708542714            0.2969421022957862
-5.5527638190954764           0.2969420174255192
-5.4371859296482405           0.29694191587065855
-5.321608040201005            0.29694203172085326
-5.206030150753769            0.29694203116276324
-5.090452261306533            0.2969420445147207
-4.974874371859297            0.29694211206560645
-4.859296482412061            0.29694221357685235
-4.743718592964823            0.296942045801162
-4.628140703517587            0.2969420995070317
-4.5125628140703515           0.2969419937799439
-4.396984924623116            0.2969420073152435
-4.28140703517588             0.29694201762460043
-4.165829145728644            0.2969419989101497
-4.050251256281406            0.2969419882277702
-3.934673366834172            0.29694200193307124
-3.8190954773869343           0.2969420051393084
-3.7035175879396967           0.2969419703430338
-3.5879396984924625           0.2969419683428833
-3.472361809045225            0.29694195778474247
-3.3567839195979907           0.2969419699676899
-3.241206030150753            0.2969419376660949
-3.125628140703519            0.2969419342463794
-3.0100502512562812           0.29694193738011315
-2.8944723618090435           0.2969419131888273
-2.7788944723618094           0.29694184062604073
-2.6633165829145717           0.29694187175476305
-2.5477386934673376           0.2969418808035919
-2.4321608040201              0.29694184411565944
-2.316582914572866            0.29694177911013825
-2.201005025125628            0.29694166074757583
-2.0854271356783904           0.2969414133802224
-1.9698492462311563           0.2969409107820698
-1.8542713567839186           0.29693994204312485
-1.7386934673366845           0.2969381374676208
-1.6231155778894468           0.2969345304509362
-1.5075376884422127           0.2969276011890287
-1.391959798994975            0.29691398020286625
-1.2763819095477373           0.2968874216563756
-1.1608040201005032           0.29683578188556253
-1.0452261306532655           0.2967356107511654
-0.9296482412060314           0.29654214258126915
-0.8140703517587937           0.2961704520129383
-0.698492462311556            0.29546125093968567
-0.5829145728643219           0.2941213546855844
-0.46733668341708423          0.2916204504058773
-0.3517587939698501           0.28702457594784625
-0.23618090452261245          0.27873923124228184
-0.12060301507537828          0.2641409672431555
-0.005025125628140596         0.23908937046486312
0.11055276381909708           0.19733309862448128
0.22613065326633117           0.12983828800744376
0.34170854271356893           0.024058799979477918
0.457286432160803             -0.13687587454077157
0.5728643216080407            -0.37513748484708614
0.6884422110552748            -0.7194718129816375
0.8040201005025125            -1.2069198233436704
0.9195979899497502            -1.8851414658308507
1.0351758793969843            -2.8155141500615595
1.150753768844222             -4.077257221512724
1.266331658291456             -5.773017369339372
1.3819095477386938            -8.036448425171976
1.4974874371859315            -11.042090826778777
1.6130653266331656            -15.017835156479405
1.7286432160804033            -20.260909035960015
1.8442211055276374            -27.15886063550743
1.959798994974875             -36.21711784129301
2.075376884422109             -48.09499894845569
2.190954773869347             -63.65269148746588
2.3065326633165846            -84.01253906611657
2.4221105527638187            -110.63900326330571
2.5376884422110564            -145.44299797128474
2.6532663316582905            -190.91802936425628
2.768844221105528             -252.06656956198975
