-20.0                         0.4197800680522377
-19.884422110552762           0.419780824970572
-19.768844221105528           0.41977998829916385
-19.65326633165829            0.41977908433780997
-19.537688442211056           0.4197799440492297
-19.42211055276382            0.41977994825439435
-19.306532663316585           0.41978014207300707
-19.190954773869347           0.41977927085756134
-19.07537688442211            0.4197800575191723
-18.959798994974875           0.4197798425396305
-18.844221105527637           0.4197808299962958
-18.728643216080403           0.419779885752651
-18.613065326633166           0.4197798171681899
-18.49748743718593            0.4197798094422909
-18.381909547738694           0.41978136926210385
-18.266331658291456           0.41977965295500624
-18.150753768844222           0.4197797401846333
-18.035175879396984           0.41977941559302895
-17.91959798994975            0.4197796920833989
-17.804020100502512           0.4197799195147262
-17.688442211055275           0.419779967446625
-17.57286432160804            0.4197795390764108
-17.457286432160803           0.41977942602367874
-17.34170854271357            0.4197796900919547
-17.22613065326633            0.41977986328170946
-17.110552763819094           0.4197793773878752
-16.99497487437186            0.4197796457978422
-16.87939698492462            0.419779623518787
-16.763819095477388           0.4197797861072273
-16.64824120603015            0.4197795692770796
-16.532663316582916           0.4197793399823478
-16.417085427135678           0.4197794565521968
-16.301507537688444           0.4197791816046833
-16.185929648241206           0.4197794426956872
-16.07035175879397            0.4197795663834279
-15.954773869346734           0.419778695427229
-15.839195979899497           0.4197793328079698
-15.72361809045226            0.4197793620108246
-15.608040201005025           0.4197795198939353
-15.492462311557789           0.41977927890502664
-15.376884422110553           0.4197790165508325
-15.261306532663315           0.41977938056141584
-15.145728643216081           0.4197792579009422
-15.030150753768844           0.41977990247269215
-14.914572864321608           0.4197790725773058
-14.798994974874372           0.4197785644925226
-14.683417085427136           0.4197792432627767
-14.5678391959799             0.4197792045200303
-14.452261306532662           0.4197791671689087
-14.336683417085428           0.41977911223932146
-14.22110552763819            0.419779175672678
-14.105527638190955           0.4197790848590622
-13.989949748743719           0.41977837382943006
-13.874371859296481           0.4197789576525007
-13.758793969849247           0.4197797026516864
-13.64321608040201            0.4197790447428175
-13.527638190954773           0.41977866581725526
-13.412060301507537           0.41977904128913657
-13.296482412060302           0.4197791664756994
-13.180904522613066           0.4197790725384579
-13.065326633165828           0.4197785814622064
-12.949748743718594           0.4197790724039325
-12.834170854271356           0.41977860491649494
-12.71859296482412            0.4197791875558444
-12.603015075376884           0.41977848342605684
-12.487437185929648           0.4197790272489108
-12.371859296482413           0.4197789402977172
-12.256281407035175           0.4197790508824461
-12.14070351758794            0.4197788804836484
-12.025125628140703           0.41977897094768674
-11.909547738693467           0.4197787438274347
-11.793969849246231           0.419778613990172
-11.678391959798995           0.4197788426340115
-11.56281407035176            0.41977881119744603
-11.447236180904522           0.4197790412364853
-11.331658291457286           0.41977887036589734
-11.21608040201005            0.41977880223918984
-11.100502512562814           0.4197791836098276
-10.984924623115578           0.4197788518709437
-10.869346733668342           0.41977872564128543
-10.753768844221106           0.4197782463705633
-10.638190954773869           0.41977879210616564
-10.522613065326633           0.41977867934745994
-10.407035175879397           0.4197787917880572
-10.291457286432161           0.419779161417186
-10.175879396984925           0.41977870477866047
-10.06030150753769            0.419778589106987
-9.944723618090451            0.4197786741026948
-9.829145728643216            0.4197785709144408
-9.71356783919598             0.41977892212397716
-9.597989949748744            0.4197786400216223
-9.482412060301508            0.4197786340621987
-9.366834170854272            0.41977867179985684
-9.251256281407034            0.41977862735349275
-9.135678391959798            0.4197786084661213
-9.020100502512562            0.41977872483549755
-8.904522613065327            0.4197783877278032
-8.78894472361809             0.41977826781854183
-8.673366834170855            0.4197793692121986
-8.557788944723619            0.4197785616116096
-8.442211055276381            0.41977931744059405
-8.326633165829145            0.4197782837125346
-8.21105527638191             0.4197784940248827
-8.095477386934673            0.4197785283247333
-7.9798994974874375           0.41977851884444667
-7.864321608040202            0.41977848608444657
-7.748743718592964            0.419778446613427
-7.633165829145728            0.41977850473486766
-7.517587939698492            0.41977833987965885
-7.402010050251256            0.41977863389875925
-7.28643216080402             0.4197784928631244
-7.170854271356784            0.41977844095312283
-7.055276381909547            0.41977821318030006
-6.939698492462311            0.41977841287688594
-6.824120603015075            0.41977843601601594
-6.708542713567839            0.4197783712847967
-6.592964824120603            0.41977838627141484
-6.477386934673367            0.4197783117474685
-6.361809045226131            0.4197783728338964
-6.246231155778894            0.41977829446734755
-6.130653266331658            0.41977838225645386
-6.015075376884422            0.41977838711897913
-5.899497487437186            0.41977843257332803
-5.78391959798995             0.41977834599345676
-5.668341708542714            0.41977834932989144
-5.5527638190954764           0.4197782429285855
-5.4371859296482405           0.41977813792605906
-5.321608040201005            0.4197782565039343
-5.206030150753769            0.4197782707207313
-5.090452261306533            0.41977830295050866
-4.974874371859297            0.41977835081199905
-4.859296482412061            0.41977847548625713
-4.743718592964823            0.4197782948499843
-4.628140703517587            0.41977835735672825
-4.5125628140703515           0.4197782345107648
-4.396984924623116            0.4197782535986446
-4.28140703517588             0.4197782675040403
-4.165829145728644            0.4197782460298674
-4.050251256281406            0.4197782177996238
-3.934673366834172            0.4197782541755342
-3.8190954773869343           0.4197782602328213
-3.7035175879396967           0.41977821870288956
-3.5879396984924625           0.41977821945242777
-3.472361809045225            0.41977820840018887
-3.3567839195979907           0.4197782240339148
-3.241206030150753            0.4197781830550195
-3.125628140703519            0.4197781821544247
-3.0100502512562812           0.4197781869724164
-2.8944723618090435           0.41977817425774044
-2.7788944723618094           0.41977808732640576
-2.6633165829145717           0.41977813887768306
-2.5477386934673376           0.41977815968138626
-2.4321608040201              0.4197781516311137
-2.316582914572866            0.4197781431595678
-2.201005025125628            0.41977813528034114
-2.0854271356783904           0.4197780940918099
-1.9698492462311563           0.4197779882139509
-1.8542713567839186           0.4197777837921802
-1.7386934673366845           0.4197774597541875
-1.6231155778894468           0.4197766822691411
-1.5075376884422127           0.4197751568269865
-1.391959798994975            0.4197717799816548
-1.2763819095477373           0.41976458923876997
-1.1608040201005032           0.41974931374009355
-1.0452261306532655           0.4197169064077641
-0.9296482412060314           0.41964852029331307
-0.8140703517587937           0.41950497885512045
-0.698492462311556            0.4192056467755106
-0.5829145728643219           0.4185883659329915
-0.46733668341708423          0.41733176744770795
-0.3517587939698501           0.4148172472396964
-0.23618090452261245          0.409893401210638
-0.12060301507537828          0.4005045461119974
-0.005025125628140596         0.38315594045612406
0.11055276381909708           0.3522221361416476
0.22613065326633117           0.29914800938874714
0.34170854271356893           0.2116106985297531
0.457286432160803             0.07266736067077925
0.5728643216080407            -0.14017947668421132
0.6884422110552748            -0.4561586253984748
0.8040201005025125            -0.9128476436989472
0.9195979899497502            -1.558418073314552
1.0351758793969843            -2.4546884346515716
1.150753768844222             -3.681227038224429
1.266331658291456             -5.340933974630138
1.3819095477386938            -7.567644414466252
1.4974874371859315            -10.536046828456268
1.6130653266331656            -14.474162642812187
1.7286432160804033            -19.679325617628564
1.8442211055276374            -26.539161536533456
1.959798994974875             -35.559153047584545
2.075376884422109             -47.39865740653509
2.190954773869347             -62.91789030895389
2.3065326633165846            -83.23921599663522
2.4221105527638187            -109.82711132239787
2.5376884422110564            -144.5925015758164
2.6532663316582905            -190.02890148918206
2.768844221105528             -251.13900674791938
