-20.0                         1.213962013858446
-19.884422110552762           1.2139632587609184
-19.768844221105528           1.213961856495498
-19.65326633165829            1.2139608051453048
-19.537688442211056           1.213962053677428
-19.42211055276382            1.213961678281917
-19.306532663316585           1.2139619475140078
-19.190954773869347           1.2139602456832383
-19.07537688442211            1.2139622065103517
-18.959798994974875           1.2139618201879805
-18.844221105527637           1.2139630954444471
-18.728643216080403           1.213961496639138
-18.613065326633166           1.213962090696443
-18.49748743718593            1.2139616652730636
-18.381909547738694           1.2139643462101688
-18.266331658291456           1.213961576526092
-18.150753768844222           1.2139616456371762
-18.035175879396984           1.2139621604975526
-17.91959798994975            1.2139615717790682
-17.804020100502512           1.2139621858759841
-17.688442211055275           1.2139616091386765
-17.57286432160804            1.2139612877268744
-17.457286432160803           1.2139613586990654
-17.34170854271357            1.2139613998515508
-17.22613065326633            1.213961340238402
-17.110552763819094           1.21396133011449
-16.99497487437186            1.2139618486106503
-16.87939698492462            1.213960977620847
-16.763819095477388           1.2139621436676509
-16.64824120603015            1.2139611942985684
-16.532663316582916           1.2139616108073912
-16.417085427135678           1.2139613302896712
-16.301507537688444           1.2139606355479788
-16.185929648241206           1.2139613492591
-16.07035175879397            1.2139616818037482
-15.954773869346734           1.2139600913651698
-15.839195979899497           1.2139612748622315
-15.72361809045226            1.2139614717353875
-15.608040201005025           1.2139624223222418
-15.492462311557789           1.2139612906204051
-15.376884422110553           1.2139614532167609
-15.261306532663315           1.2139613586180544
-15.145728643216081           1.2139613188095366
-15.030150753768844           1.2139621767465112
-14.914572864321608           1.2139610001273315
-14.798994974874372           1.2139602168895502
-14.683417085427136           1.2139613204994477
-14.5678391959799             1.2139612663160975
-14.452261306532662           1.2139612266700692
-14.336683417085428           1.2139610855216927
-14.22110552763819            1.2139618717259966
-14.105527638190955           1.2139610399750023
-13.989949748743719           1.2139600309239034
-13.874371859296481           1.2139608549106384
-13.758793969849247           1.2139615063795954
-13.64321608040201            1.2139609706576335
-13.527638190954773           1.213960137747712
-13.412060301507537           1.2139610404389924
-13.296482412060302           1.2139606396260398
-13.180904522613066           1.2139612366731867
-13.065326633165828           1.2139607031151274
-12.949748743718594           1.2139609798183768
-12.834170854271356           1.2139605086104
-12.71859296482412            1.2139612108241065
-12.603015075376884           1.2139604762553562
-12.487437185929648           1.2139610293711538
-12.371859296482413           1.2139607257841365
-12.256281407035175           1.2139611208363101
-12.14070351758794            1.2139608887753846
-12.025125628140703           1.213960513856531
-11.909547738693467           1.2139606789579311
-11.793969849246231           1.21396068740037
-11.678391959798995           1.2139608840260074
-11.56281407035176            1.2139607958376883
-11.447236180904522           1.2139612453697803
-11.331658291457286           1.2139608559751698
-11.21608040201005            1.2139607787631452
-11.100502512562814           1.2139610333330786
-10.984924623115578           1.2139608473270238
-10.869346733668342           1.2139607164861619
-10.753768844221106           1.2139599580488682
-10.638190954773869           1.2139609081851117
-10.522613065326633           1.2139606051945526
-10.407035175879397           1.2139608558804638
-10.291457286432161           1.2139617296502014
-10.175879396984925           1.2139606763410065
-10.06030150753769            1.2139605360759564
-9.944723618090451            1.2139607205883955
-9.829145728643216            1.2139602175433604
-9.71356783919598             1.2139612573642824
-9.597989949748744            1.2139606999163932
-9.482412060301508            1.213960649185552
-9.366834170854272            1.2139607716494658
-9.251256281407034            1.2139606564074221
-9.135678391959798            1.2139605676331477
-9.020100502512562            1.213960742475023
-8.904522613065327            1.2139601116941054
-8.78894472361809             1.2139600449249568
-8.673366834170855            1.2139618192095103
-8.557788944723619            1.2139606374993819
-8.442211055276381            1.2139617505149936
-8.326633165829145            1.2139600797640706
-8.21105527638191             1.213960229281661
-8.095477386934673            1.2139607261636305
-7.9798994974874375           1.213960549195881
-7.864321608040202            1.2139605087909127
-7.748743718592964            1.2139604158654116
-7.633165829145728            1.213960575451972
-7.517587939698492            1.213960283321765
-7.402010050251256            1.213960865534615
-7.28643216080402             1.2139605131994857
-7.170854271356784            1.2139604403676254
-7.055276381909547            1.2139601664636586
-6.939698492462311            1.213960444319838
-6.824120603015075            1.213960454812664
-6.708542713567839            1.2139602448739548
-6.592964824120603            1.2139604442683893
-6.477386934673367            1.2139604630987684
-6.361809045226131            1.213960439834705
-6.246231155778894            1.2139603058658501
-6.130653266331658            1.2139603828803496
-6.015075376884422            1.2139603729517487
-5.899497487437186            1.2139604330040124
-5.78391959798995             1.213960327998702
-5.668341708542714            1.213960363176819
-5.5527638190954764           1.2139602002234544
-5.4371859296482405           1.2139600350728772
-5.321608040201005            1.2139601749362783
-5.206030150753769            1.2139602984491698
-5.090452261306533            1.2139604221403673
-4.974874371859297            1.213960252759527
-4.859296482412061            1.2139604999423055
-4.743718592964823            1.2139602936979133
-4.628140703517587            1.2139604219276516
-4.5125628140703515           1.2139602585126181
-4.396984924623116            1.2139602537530663
-4.28140703517588             1.213960279794276
-4.165829145728644            1.2139602634649256
-4.050251256281406            1.2139601242758324
-3.934673366834172            1.2139602874932804
-3.8190954773869343           1.2139603112901223
-3.7035175879396967           1.213960239264634
-3.5879396984924625           1.2139602643744822
-3.472361809045225            1.2139602486357703
-3.3567839195979907           1.2139602632082085
-3.241206030150753            1.213960224781448
-3.125628140703519            1.213960195556243
-3.0100502512562812           1.2139601967039984
-2.8944723618090435           1.2139602677634418
-2.7788944723618094           1.2139600661883336
-2.6633165829145717           1.2139602038456712
-2.5477386934673376           1.2139601865069352
-2.4321608040201              1.2139601782667448
-2.316582914572866            1.2139601861312421
-2.201005025125628            1.213960198525838
-2.0854271356783904           1.2139601844095995
-1.9698492462311563           1.2139601431800122
-1.8542713567839186           1.2139600780993258
-1.7386934673366845           1.21396010707004
-1.6231155778894468           1.213960054603127
-1.5075376884422127           1.2139601419173531
-1.391959798994975            1.213960100461586
-1.2763819095477373           1.2139601156787665
-1.1608040201005032           1.2139600988377217
-1.0452261306532655           1.213959986374495
-0.9296482412060314           1.2139596388009168
-0.8140703517587937           1.2139587237667462
-0.698492462311556            1.213955282900384
-0.5829145728643219           1.2139449904480448
-0.46733668341708423          1.2139133582032167
-0.3517587939698501           1.21381809288084
-0.23618090452261245          1.2135385078381853
-0.12060301507537828          1.2127452694952692
-0.005025125628140596         1.2105917583816401
0.11055276381909708           1.2050607268899425
0.22613065326633117           1.1917797719529823
0.34170854271356893           1.1622668632081887
0.457286432160803             1.1019248523332184
0.5728643216080407            0.9883715363708544
0.6884422110552748            0.7904146006242418
0.8040201005025125            0.4672848466208362
0.9195979899497502            -0.032652742468234214
1.0351758793969843            -0.7743089275377751
1.150753768844222             -1.8396850724567317
1.266331658291456             -3.3334070994785945
1.3819095477386938            -5.390484682585691
1.4974874371859315            -8.186497386722744
1.6130653266331656            -11.950212265368164
1.7286432160804033            -16.97954651664882
1.8442211055276374            -23.66253903095494
1.959798994974875             -32.504955395981625
2.075376884422109             -44.16634930694064
2.190954773869347             -59.50707579293444
2.3065326633165846            -79.64959968562472
2.4221105527638187            -106.05847145953372
2.5376884422110564            -140.64467086323125
2.6532663316582905            -185.9017532476533
2.768844221105528             -246.8334539841003
