-20.0                         1.1329675807728663
-19.884422110552762           1.1329687698023776
-19.768844221105528           1.1329674289054643
-19.65326633165829            1.1329663745616128
-19.537688442211056           1.1329675802148624
-19.42211055276382            1.13296725259795
-19.306532663316585           1.1329675412209252
-19.190954773869347           1.132965877983623
-19.07537688442211            1.1329677466629597
-18.959798994974875           1.1329673695553872
-18.844221105527637           1.1329686647952661
-18.728643216080403           1.1329670959834641
-18.613065326633166           1.1329676090513072
-18.49748743718593            1.1329672371764317
-18.381909547738694           1.132969834440523
-18.266331658291456           1.1329671321143435
-18.150753768844222           1.1329672036082774
-18.035175879396984           1.132967620082387
-17.91959798994975            1.1329671414564328
-17.804020100502512           1.1329677191568348
-17.688442211055275           1.132967221428463
-17.57286432160804            1.132966839610642
-17.457286432160803           1.1329669127853665
-17.34170854271357            1.1329669910550437
-17.22613065326633            1.132966961994134
-17.110552763819094           1.1329668789565108
-16.99497487437186            1.1329673901716781
-16.87939698492462            1.132966598468016
-16.763819095477388           1.1329676613710111
-16.64824120603015            1.1329667827528052
-16.532663316582916           1.132967107681749
-16.417085427135678           1.132966891379067
-16.301507537688444           1.1329662191343006
-16.185929648241206           1.1329669072054533
-16.07035175879397            1.132967226499619
-15.954773869346734           1.1329656940120165
-15.839195979899497           1.1329668293037523
-15.72361809045226            1.1329670011935855
-15.608040201005025           1.13296788570941
-15.492462311557789           1.1329668379290885
-15.376884422110553           1.1329669361854626
-15.261306532663315           1.1329669128692668
-15.145728643216081           1.1329668615714408
-15.030150753768844           1.1329677294082103
-14.914572864321608           1.1329665549189485
-14.798994974874372           1.1329657844421255
-14.683417085427136           1.1329668619594324
-14.5678391959799             1.1329667992347043
-14.452261306532662           1.132966758765189
-14.336683417085428           1.1329666361401451
-14.22110552763819            1.1329673481783105
-14.105527638190955           1.1329665882722844
-13.989949748743719           1.1329656080696129
-13.874371859296481           1.1329664128352617
-13.758793969849247           1.1329670818004682
-13.64321608040201            1.132966523314362
-13.527638190954773           1.1329657277219032
-13.412060301507537           1.1329665860872997
-13.296482412060302           1.1329662440168515
-13.180904522613066           1.1329667695203447
-13.065326633165828           1.1329662283008275
-12.949748743718594           1.1329665401721414
-12.834170854271356           1.1329660640878334
-12.71859296482412            1.1329667610354384
-12.603015075376884           1.1329660142135403
-12.487437185929648           1.1329665822212533
-12.371859296482413           1.1329662940152725
-12.256281407035175           1.1329666701566954
-12.14070351758794            1.1329664356725846
-12.025125628140703           1.1329661098150006
-11.909547738693467           1.1329662333880124
-11.793969849246231           1.1329662108541898
-11.678391959798995           1.1329664267817232
-11.56281407035176            1.1329663457615213
-11.447236180904522           1.1329667752541903
-11.331658291457286           1.1329664077710067
-11.21608040201005            1.132966329196575
-11.100502512562814           1.1329666015597115
-10.984924623115578           1.132966398577516
-10.869346733668342           1.1329662653619084
-10.753768844221106           1.1329655316655372
-10.638190954773869           1.132966445318907
-10.522613065326633           1.1329661598089205
-10.407035175879397           1.132966407195077
-10.291457286432161           1.1329672303709815
-10.175879396984925           1.132966228587765
-10.06030150753769            1.1329660896546856
-9.944723618090451            1.1329662613975466
-9.829145728643216            1.1329657981851795
-9.71356783919598             1.1329667863263144
-9.597989949748744            1.1329662418044153
-9.482412060301508            1.1329661948151803
-9.366834170854272            1.1329663129304564
-9.251256281407034            1.1329662019331839
-9.135678391959798            1.1329661184947042
-9.020100502512562            1.132966301637699
-8.904522613065327            1.1329656826951449
-8.78894472361809             1.1329656135795623
-8.673366834170855            1.1329673289480753
-8.557788944723619            1.1329661789502514
-8.442211055276381            1.1329672617312643
-8.326633165829145            1.132965646941526
-8.21105527638191             1.1329658032363412
-8.095477386934673            1.1329662562301706
-7.9798994974874375           1.1329660978546647
-7.864321608040202            1.1329660553414698
-7.748743718592964            1.1329659677260018
-7.633165829145728            1.1329661180217538
-7.517587939698492            1.1329658295378935
-7.402010050251256            1.1329664005092082
-7.28643216080402             1.1329660614774937
-7.170854271356784            1.1329659891987318
-7.055276381909547            1.1329657152046022
-6.939698492462311            1.1329659893680775
-6.824120603015075            1.1329660027874346
-6.708542713567839            1.1329658059450394
-6.592964824120603            1.1329659869329975
-6.477386934673367            1.1329659939612189
-6.361809045226131            1.1329659808393064
-6.246231155778894            1.1329658532424565
-6.130653266331658            1.1329659334772388
-6.015075376884422            1.1329659276364095
-5.899497487437186            1.132965988944314
-5.78391959798995             1.1329658789483403
-5.668341708542714            1.1329659109259964
-5.5527638190954764           1.1329657482027975
-5.4371859296482405           1.1329655930078533
-5.321608040201005            1.132965728164827
-5.206030150753769            1.1329658404291987
-5.090452261306533            1.1329659593177155
-4.974874371859297            1.1329658136097327
-4.859296482412061            1.1329660500715173
-4.743718592964823            1.1329658442843715
-4.628140703517587            1.1329659653091357
-4.5125628140703515           1.1329658016216406
-4.396984924623116            1.1329658027932494
-4.28140703517588             1.1329658285811313
-4.165829145728644            1.1329658102448905
-4.050251256281406            1.1329656820043885
-3.934673366834172            1.1329658342217075
-3.8190954773869343           1.1329658561425209
-3.7035175879396967           1.1329657866481437
-3.5879396984924625           1.132965809118507
-3.472361809045225            1.132965793729525
-3.3567839195979907           1.1329658104814744
-3.241206030150753            1.1329657670820537
-3.125628140703519            1.1329657433195404
-3.0100502512562812           1.1329657451596753
-2.8944723618090435           1.132965806729938
-2.7788944723618094           1.1329656169077433
-2.6633165829145717           1.1329657455619253
-2.5477386934673376           1.1329657333705512
-2.4321608040201              1.1329657258670427
-2.316582914572866            1.1329657325307874
-2.201005025125628            1.132965745845544
-2.0854271356783904           1.1329657320420474
-1.9698492462311563           1.1329656907811783
-1.8542713567839186           1.1329656269838342
-1.7386934673366845           1.1329656546853222
-1.6231155778894468           1.1329656045001795
-1.5075376884422127           1.1329656879628338
-1.391959798994975            1.1329656471789165
-1.2763819095477373           1.132965651665331
-1.1608040201005032           1.132965609694859
-1.0452261306532655           1.132965424857218
-0.9296482412060314           1.1329648717508767
-0.8140703517587937           1.132963346292948
-0.698492462311556            1.1329581922929424
-0.5829145728643219           1.1329431030761516
-0.46733668341708423          1.1328983715875136
-0.3517587939698501           1.1327683904176835
-0.23618090452261245          1.1324002905977062
-0.12060301507537828          1.131392336165293
-0.005025125628140596         1.1287499302449686
0.11055276381909708           1.122190007999986
0.22613065326633117           1.1069379832823878
0.34170854271356893           1.0740281525419262
0.457286432160803             1.008443062203435
0.5728643216080407            0.8876039566174918
0.6884422110552748            0.6804040241323212
0.8040201005025125            0.3463665976570815
0.9195979899497502            -0.16577403490397655
1.0351758793969843            -0.9205833086044404
1.150753768844222             -1.9997888480757682
1.266331658291456             -3.5078241875692386
1.3819095477386938            -5.579571575140813
1.4974874371859315            -8.390518044588081
1.6130653266331656            -12.169355885007207
1.7286432160804033            -17.213945157041596
1.8442211055276374            -23.9122851670317
1.959798994974875             -32.770114947648246
2.075376884422109             -44.44697007492771
2.190954773869347             -59.80319290069877
2.3065326633165846            -79.96123920139884
2.4221105527638187            -106.38565287864247
2.5376884422110564            -140.98740885001817
2.6532663316582905            -186.2600588810822
2.768844221105528             -247.20724795394955
