-20.0                         1.091760132360454
-19.884422110552762           1.0917612936079226
-19.768844221105528           1.0917599836190328
-19.65326633165829            1.0917589288724454
-19.537688442211056           1.0917601132182637
-19.42211055276382            1.0917598091899754
-19.306532663316585           1.0917601058433215
-19.190954773869347           1.0917584653698285
-19.07537688442211            1.091760285176933
-18.959798994974875           1.0917599132701876
-18.844221105527637           1.0917612154713385
-18.728643216080403           1.0917596648742627
-18.613065326633166           1.0917601371097374
-18.49748743718593            1.0917597918503545
-18.381909547738694           1.0917623443715696
-18.266331658291456           1.091759679052208
-18.150753768844222           1.0917597517069293
-18.035175879396984           1.091760118909219
-17.91959798994975            1.091759694913135
-17.804020100502512           1.0917602536961029
-17.688442211055275           1.0917597956038994
-17.57286432160804            1.091759386719422
-17.457286432160803           1.0917594589369684
-17.34170854271357            1.0917595555318191
-17.22613065326633            1.0917595416895782
-17.110552763819094           1.0917594226615217
-16.99497487437186            1.0917599283945445
-16.87939698492462            1.0917591786935248
-16.763819095477388           1.0917601884702974
-16.64824120603015            1.0917593468658222
-16.532663316582916           1.0917596261733413
-16.417085427135678           1.0917594410423201
-16.301507537688444           1.0917587820873487
-16.185929648241206           1.0917594556534012
-16.07035175879397            1.091759767096814
-15.954773869346734           1.0917582652303848
-15.839195979899497           1.091759375594006
-15.72361809045226            1.0917595354169172
-15.608040201005025           1.0917603845753159
-15.492462311557789           1.0917593805605155
-15.376884422110553           1.0917594472746033
-15.261306532663315           1.091759458979912
-15.145728643216081           1.0917594017445869
-15.030150753768844           1.0917602725528297
-14.914572864321608           1.0917591014186405
-14.798994974874372           1.0917583384353144
-14.683417085427136           1.0917594015968308
-14.5678391959799             1.0917593351828985
-14.452261306532662           1.0917592944186845
-14.336683417085428           1.0917591805419458
-14.22110552763819            1.0917598543788303
-14.105527638190955           1.0917591317754598
-13.989949748743719           1.091758166240508
-13.874371859296481           1.0917589609265554
-13.758793969849247           1.0917596384349642
-13.64321608040201            1.0917590689832921
-13.527638190954773           1.0917582929285887
-13.412060301507537           1.091759128098538
-13.296482412060302           1.091758815816027
-13.180904522613066           1.0917593045552298
-13.065326633165828           1.0917587603829975
-12.949748743718594           1.0917590893539757
-12.834170854271356           1.0917586110375956
-12.71859296482412            1.091759304923291
-12.603015075376884           1.091758552814975
-12.487437185929648           1.0917591274171285
-12.371859296482413           1.0917588478616806
-12.256281407035175           1.0917592131177316
-12.14070351758794            1.0917589781756545
-12.025125628140703           1.091758677362713
-11.909547738693467           1.0917587796802004
-11.793969849246231           1.0917587425572979
-11.678391959798995           1.0917589671411136
-11.56281407035176            1.0917588897434176
-11.447236180904522           1.0917593089000053
-11.331658291457286           1.091758952594585
-11.21608040201005            1.0917588735340422
-11.100502512562814           1.091759154644664
-10.984924623115578           1.091758943096635
-10.869346733668342           1.0917588088316028
-10.753768844221106           1.0917580879259343
-10.638190954773869           1.09175898259857
-10.522613065326633           1.091758706266486
-10.407035175879397           1.0917589510406738
-10.291457286432161           1.0917597485071515
-10.175879396984925           1.0917587737622771
-10.06030150753769            1.0917586354935684
-9.944723618090451            1.0917588009957742
-9.829145728643216            1.0917583581349386
-9.71356783919598             1.0917593184433712
-9.597989949748744            1.0917587816381937
-9.482412060301508            1.0917587366801376
-9.366834170854272            1.0917588522499806
-9.251256281407034            1.091758743693163
-9.135678391959798            1.091758663236322
-9.020100502512562            1.0917588494262938
-8.904522613065327            1.0917582377928847
-8.78894472361809             1.0917581672194416
-8.673366834170855            1.0917598520684777
-8.557788944723619            1.0917587185634887
-8.442211055276381            1.0917597856171801
-8.326633165829145            1.0917581998044217
-8.21105527638191             1.0917583596264553
-8.095477386934673            1.0917587897372787
-7.9798994974874375           1.0917586408713178
-7.864321608040202            1.0917585975377797
-7.748743718592964            1.0917585126596827
-7.633165829145728            1.0917586581090541
-7.517587939698492            1.0917583722280342
-7.402010050251256            1.0917589360574729
-7.28643216080402             1.0917586044916523
-7.170854271356784            1.0917585325931165
-7.055276381909547            1.0917582588586914
-6.939698492462311            1.0917585308395221
-6.824120603015075            1.0917585456690786
-6.708542713567839            1.091758355602413
-6.592964824120603            1.0917585272022639
-6.477386934673367            1.0917585283704399
-6.361809045226131            1.091758520295251
-6.246231155778894            1.0917583959058783
-6.130653266331658            1.0917584776569382
-6.015075376884422            1.0917584737107746
-5.899497487437186            1.0917585354763704
-5.78391959798995             1.0917584234298776
-5.668341708542714            1.091758453735196
-5.5527638190954764           1.0917582915622004
-5.4371859296482405           1.0917581411052693
-5.321608040201005            1.0917582741404852
-5.206030150753769            1.0917583806343045
-5.090452261306533            1.0917584966169616
-4.974874371859297            1.0917583630543333
-4.859296482412061            1.091758593916266
-4.743718592964823            1.0917583884994861
-4.628140703517587            1.0917585058591077
-4.5125628140703515           1.0917583423485215
-4.396984924623116            1.0917583463330762
-4.28140703517588             1.09175837189724
-4.165829145728644            1.0917583526330161
-4.050251256281406            1.0917582299975865
-3.934673366834172            1.0917583764507233
-3.8190954773869343           1.0917583974203162
-3.7035175879396967           1.091758329248557
-3.5879396984924625           1.0917583503667783
-3.472361809045225            1.0917583351819848
-3.3567839195979907           1.091758352858107
-3.241206030150753            1.0917583073020807
-3.125628140703519            1.091758286152487
-3.0100502512562812           1.0917582883364474
-2.8944723618090435           1.0917583451216264
-2.7788944723618094           1.0917581612734728
-2.6633165829145717           1.0917582853722372
-2.5477386934673376           1.0917582757185869
-2.4321608040201              1.0917582685557585
-2.316582914572866            1.0917582746373977
-2.201005025125628            1.0917582883072312
-2.0854271356783904           1.091758274716254
-1.9698492462311563           1.091758233528261
-1.8542713567839186           1.0917581704318158
-1.7386934673366845           1.0917581974980712
-1.6231155778894468           1.0917581482648377
-1.5075376884422127           1.091758229433335
-1.391959798994975            1.0917581881553633
-1.2763819095477373           1.0917581847092335
-1.1608040201005032           1.091758123288733
-1.0452261306532655           1.0917578835961892
-0.9296482412060314           1.0917571773703847
-0.8140703517587937           1.0917552131008925
-0.698492462311556            1.091748855649865
-0.5829145728643219           1.0917304886286612
-0.46733668341708423          1.0916770477012219
-0.3517587939698501           1.0915246123901898
-0.23618090452261245          1.0911008301260605
-0.12060301507537828          1.089961520472189
-0.005025125628140596         1.0870282287618205
0.11055276381909708           1.0798725482884641
0.22613065326633117           1.0635081740589758
0.34170854271356893           1.0287250364190665
0.457286432160803             0.9603038040443099
0.5728643216080407            0.8355818124978969
0.6884422110552748            0.6235075990268851
0.8040201005025125            0.2837576614836567
0.9195979899497502            -0.2347467796506061
1.0351758793969843            -0.9963982565389996
1.150753768844222             -2.082787700246051
1.266331658291456             -3.5982524969743017
1.3819095477386938            -5.6776109672856405
1.4974874371859315            -8.496303419061444
1.6130653266331656            -12.282984188350692
1.7286432160804033            -17.335484229146818
1.8442211055276374            -24.041782617787575
1.959798994974875             -32.90760477372444
2.075376884422109             -44.59247696044279
2.190954773869347             -59.956735001031696
2.3065326633165846            -80.12283000125768
2.4221105527638187            -106.5553024683484
2.5376884422110564            -141.16512482274487
2.6532663316582905            -186.44584697537513
2.768844221105528             -247.40106704942693
