-20.0                         0.6483719485561583
-19.884422110552762           0.6483728376293573
-19.768844221105528           0.6483718436403892
-19.65326633165829            0.6483708479079727
-19.537688442211056           0.6483718195251444
-19.42211055276382            0.6483717356360065
-19.306532663316585           0.6483720201640938
-19.190954773869347           0.6483707896746821
-19.07537688442211            0.6483719846343965
-18.959798994974875           0.648371698151459
-18.844221105527637           0.6483729024591194
-18.728643216080403           0.648371680887643
-18.613065326633166           0.648371756797549
-18.49748743718593            0.6483716588895603
-18.381909547738694           0.6483736241994099
-18.266331658291456           0.6483714966500109
-18.150753768844222           0.6483715802226339
-18.035175879396984           0.648371460556959
-17.91959798994975            0.6483715474587031
-17.804020100502512           0.6483718912598183
-17.688442211055275           0.6483718102938073
-17.57286432160804            0.6483712907616439
-17.457286432160803           0.64837126958473
-17.34170854271357            0.6483715156249245
-17.22613065326633            0.6483716446838436
-17.110552763819094           0.6483712181233893
-16.99497487437186            0.6483715943894116
-16.87939698492462            0.6483713363517801
-16.763819095477388           0.6483717694056522
-16.64824120603015            0.6483713475496862
-16.532663316582916           0.6483712205123017
-16.417085427135678           0.6483712863299471
-16.301507537688444           0.6483708481616264
-16.185929648241206           0.648371290430397
-16.07035175879397            0.6483714834793103
-15.954773869346734           0.6483703659828903
-15.839195979899497           0.6483711835405339
-15.72361809045226            0.6483712434634586
-15.608040201005025           0.6483716509742719
-15.492462311557789           0.6483711491434597
-15.376884422110553           0.6483709478144697
-15.261306532663315           0.6483712541631973
-15.145728643216081           0.6483711412037547
-15.030150753768844           0.648371932870223
-14.914572864321608           0.6483709152020369
-14.798994974874372           0.6483702853904546
-14.683417085427136           0.6483711350550587
-14.5678391959799             0.6483710664177582
-14.452261306532662           0.6483710266815788
-14.336683417085428           0.6483709707010245
-14.22110552763819            0.6483712294675537
-14.105527638190955           0.6483709273002625
-13.989949748743719           0.6483701227338111
-13.874371859296481           0.6483707916937476
-13.758793969849247           0.6483715365625008
-13.64321608040201            0.6483708834167087
-13.527638190954773           0.6483703480840196
-13.412060301507537           0.6483709009566364
-13.296482412060302           0.6483708947486728
-13.180904522613066           0.6483709859987083
-13.065326633165828           0.6483704527316023
-12.949748743718594           0.6483709210648333
-12.834170854271356           0.6483704354067671
-12.71859296482412            0.6483710736919753
-12.603015075376884           0.6483703165021331
-12.487437185929648           0.6483709079554115
-12.371859296482413           0.6483707494283086
-12.256281407035175           0.6483709550535219
-12.14070351758794            0.6483707485694843
-12.025125628140703           0.6483707144523084
-11.909547738693467           0.648370589876316
-11.793969849246231           0.6483704557049423
-11.678391959798995           0.6483707166256588
-11.56281407035176            0.6483706733332101
-11.447236180904522           0.6483709736579314
-11.331658291457286           0.6483707389596391
-11.21608040201005            0.6483706627509441
-11.100502512562814           0.6483710223047254
-10.984924623115578           0.6483707246589
-10.869346733668342           0.6483705886416
-10.753768844221106           0.6483700172028605
-10.638190954773869           0.6483706911046077
-10.522613065326633           0.648370521251475
-10.407035175879397           0.6483706970117724
-10.291457286432161           0.6483712170965851
-10.175879396984925           0.6483705674617858
-10.06030150753769            0.6483704396461222
-9.944723618090451            0.6483705485460741
-9.829145728643216            0.6483703282225118
-9.71356783919598             0.6483709199561402
-9.597989949748744            0.6483705216092653
-9.482412060301508            0.648370501956089
-9.366834170854272            0.6483705742399726
-9.251256281407034            0.6483705034945739
-9.135678391959798            0.6483704630515826
-9.020100502512562            0.648370628700974
-8.904522613065327            0.6483701607191391
-8.78894472361809             0.6483700627198
-8.673366834170855            0.6483713875084357
-8.557788944723619            0.6483704524277564
-8.442211055276381            0.6483713300996696
-8.326633165829145            0.6483700854620409
-8.21105527638191             0.648370283207035
-8.095477386934673            0.6483704515046814
-7.9798994974874375           0.648370401157345
-7.864321608040202            0.6483703600255057
-7.748743718592964            0.6483703052625259
-7.633165829145728            0.6483703945810634
-7.517587939698492            0.6483701707910969
-7.402010050251256            0.6483705913450067
-7.28643216080402             0.6483703708736503
-7.170854271356784            0.6483703086472953
-7.055276381909547            0.6483700539260251
-6.939698492462311            0.6483702878555154
-6.824120603015075            0.6483703122959034
-6.708542713567839            0.6483702009501295
-6.592964824120603            0.6483702701943953
-6.477386934673367            0.6483702161066397
-6.361809045226131            0.6483702570008318
-6.246231155778894            0.6483701646933052
-6.130653266331658            0.6483702555575258
-6.015075376884422            0.6483702624012465
-5.899497487437186            0.6483703195835933
-5.78391959798995             0.6483702103470115
-5.668341708542714            0.6483702221051847
-5.5527638190954764           0.648370085969869
-5.4371859296482405           0.6483699719448712
-5.321608040201005            0.6483700926101158
-5.206030150753769            0.648370136929214
-5.090452261306533            0.6483702036897627
-4.974874371859297            0.6483701979488304
-4.859296482412061            0.6483703620858068
-4.743718592964823            0.6483701675715068
-4.628140703517587            0.6483702472378143
-4.5125628140703515           0.6483701015395492
-4.396984924623116            0.6483701233777476
-4.28140703517588             0.6483701428038122
-4.165829145728644            0.6483701189281174
-4.050251256281406            0.6483700580052076
-3.934673366834172            0.6483701350362089
-3.8190954773869343           0.6483701460862049
-3.7035175879396967           0.6483700940827746
-3.5879396984924625           0.6483701010344446
-3.472361809045225            0.6483700886439379
-3.3567839195979907           0.6483701083610616
-3.241206030150753            0.6483700571649453
-3.125628140703519            0.6483700549094596
-3.0100502512562812           0.6483700597891252
-2.8944723618090435           0.6483700682735869
-2.7788944723618094           0.6483699484964288
-2.6633165829145717           0.6483700247100349
-2.5477386934673376           0.6483700384938499
-2.4321608040201              0.6483700335154873
-2.316582914572866            0.6483700343057438
-2.201005025125628            0.6483700461654069
-2.0854271356783904           0.6483700353699373
-1.9698492462311563           0.6483699953312487
-1.8542713567839186           0.6483699336965151
-1.7386934673366845           0.6483699330387678
-1.6231155778894468           0.6483698344855273
-1.5075376884422127           0.6483697558195208
-1.391959798994975            0.6483693878488752
-1.2763819095477373           0.6483685252755452
-1.1608040201005032           0.6483664160504461
-1.0452261306532655           0.6483612481046027
-0.9296482412060314           0.6483487534475398
-0.8140703517587937           0.6483187045523524
-0.698492462311556            0.6482465219920938
-0.5829145728643219           0.6480759377282338
-0.46733668341708423          0.6476777939179702
-0.3517587939698501           0.6467656539519359
-0.23618090452261245          0.6447256816978731
-0.12060301507537828          0.6403005645970378
-0.005025125628140596         0.6310556161275199
0.11055276381909708           0.6125801480191418
0.22613065326633117           0.5774573094303972
0.34170854271356893           0.5141392743861821
0.457286432160803             0.40589141806206047
0.5728643216080407            0.22984458434264993
0.6884422110552748            -0.044017109969067235
0.8040201005025125            -0.4542407571081492
0.9195979899497502            -1.0499551134952987
1.0351758793969843            -1.8938085241171738
1.150753768844222             -3.0660213886841667
1.266331658291456             -4.6699615684612175
1.3819095477386938            -6.839791206877756
1.4974874371859315            -9.75045698494801
1.6130653266331656            -13.63020301922041
1.7286432160804033            -18.77654080737467
1.8442211055276374            -25.577224239765485
1.959798994974875             -34.53782516188534
2.075376884422109             -46.317763600218605
2.190954773869347             -61.77730024284174
2.3065326633165846            -82.0388320767412
2.4221105527638187            -108.56686007050887
2.5376884422110564            -143.27232743814918
2.6532663316582905            -188.6487623304046
2.768844221105528             -249.69920775294452
