-20.0                         1.048222267628035
-19.884422110552762           1.0482234000094077
-19.768844221105528           1.0482221224154624
-19.65326633165829            1.0482210681408886
-19.537688442211056           1.0482222303383046
-19.42211055276382            1.0482219506847368
-19.306532663316585           1.0482222543710742
-19.190954773869347           1.0482206403951173
-19.07537688442211            1.0482224070410326
-18.959798994974875           1.048222041043964
-18.844221105527637           1.048223348090251
-18.728643216080403           1.0482218189305184
-18.613065326633166           1.0482222484213621
-18.49748743718593            1.0482219307586296
-18.381909547738694           1.048224434372446
-18.266331658291456           1.0482218102523528
-18.150753768844222           1.0482218841004174
-18.035175879396984           1.0482221998588306
-17.91959798994975            1.0482218324828962
-17.804020100502512           1.048222371017559
-17.688442211055275           1.048221954280891
-17.57286432160804            1.0482215196104396
-17.457286432160803           1.0482215893016167
-17.34170854271357            1.048221704737202
-17.22613065326633            1.048221706715718
-17.110552763819094           1.0482215506099566
-16.99497487437186            1.0482220492629977
-16.87939698492462            1.0482213450402673
-16.763819095477388           1.0482222983026213
-16.64824120603015            1.0482214964581265
-16.532663316582916           1.0482217284723072
-16.417085427135678           1.0482215750760724
-16.301507537688444           1.0482209315184414
-16.185929648241206           1.0482215886212998
-16.07035175879397            1.0482218910133363
-15.954773869346734           1.048220422362367
-15.839195979899497           1.0482215060631686
-15.72361809045226            1.048221653627485
-15.608040201005025           1.048222464197312
-15.492462311557789           1.0482215071490233
-15.376884422110553           1.0482215414992744
-15.261306532663315           1.0482215891670474
-15.145728643216081           1.0482215256448513
-15.030150753768844           1.048222397975836
-14.914572864321608           1.0482212321425668
-14.798994974874372           1.0482204778488073
-14.683417085427136           1.0482215249964129
-14.5678391959799             1.0482214552205835
-14.452261306532662           1.048221414231411
-14.336683417085428           1.0482213090591277
-14.22110552763819            1.0482219422575179
-14.105527638190955           1.04822125956463
-13.989949748743719           1.0482203095305354
-13.874371859296481           1.0482210933301728
-13.758793969849247           1.0482217795688442
-13.64321608040201            1.0482211990132693
-13.527638190954773           1.0482204440330902
-13.412060301507537           1.0482212542038647
-13.296482412060302           1.0482209732822128
-13.180904522613066           1.0482214229631805
-13.065326633165828           1.0482208763709586
-12.949748743718594           1.0482212227855778
-12.834170854271356           1.0482207423164227
-12.71859296482412            1.048221432662592
-12.603015075376884           1.0482206757073063
-12.487437185929648           1.0482212565069136
-12.371859296482413           1.0482209866687895
-12.256281407035175           1.0482213395374689
-12.14070351758794            1.048221104688491
-12.025125628140703           1.0482208303739733
-11.909547738693467           1.0482209101662736
-11.793969849246231           1.0482208585321302
-11.678391959798995           1.048221091380169
-11.56281407035176            1.048221017770629
-11.447236180904522           1.0482214258987783
-11.331658291457286           1.048221081425659
-11.21608040201005            1.0482210019968685
-11.100502512562814           1.048221292120277
-10.984924623115578           1.048221071584902
-10.869346733668342           1.0482209363392887
-10.753768844221106           1.0482202291065952
-10.638190954773869           1.0482211034288809
-10.522613065326633           1.0482208369799542
-10.407035175879397           1.048221078299615
-10.291457286432161           1.048221848623961
-10.175879396984925           1.0482209030436254
-10.06030150753769            1.0482207654847673
-9.944723618090451            1.0482209245832095
-9.829145728643216            1.048220503285958
-9.71356783919598             1.0482214330389048
-9.597989949748744            1.0482209052580866
-9.482412060301508            1.0482208625295157
-9.366834170854272            1.048220975156703
-9.251256281407034            1.048220869384373
-9.135678391959798            1.0482207922598323
-9.020100502512562            1.0482209807865748
-8.904522613065327            1.0482203778662225
-8.78894472361809             1.048220305555527
-8.673366834170855            1.0482219577284728
-8.557788944723619            1.0482208419328747
-8.442211055276381            1.0482218920968425
-8.326633165829145            1.0482203372994543
-8.21105527638191             1.0482205008949523
-8.095477386934673            1.0482209064536416
-7.9798994974874375           1.0482207676455888
-7.864321608040202            1.048220723633717
-7.748743718592964            1.0482206416698985
-7.633165829145728            1.048220781917081
-7.517587939698492            1.048220499344067
-7.402010050251256            1.048221054556501
-7.28643216080402             1.0482207313962808
-7.170854271356784            1.0482206599785915
-7.055276381909547            1.048220386754479
-6.939698492462311            1.0482206562027434
-6.824120603015075            1.0482206724540288
-6.708542713567839            1.0482204896323604
-6.592964824120603            1.0482206512946293
-6.477386934673367            1.048220646383908
-6.361809045226131            1.0482206435565011
-6.246231155778894            1.0482205225260557
-6.130653266331658            1.0482206057811325
-6.015075376884422            1.0482206036911899
-5.899497487437186            1.0482206658006439
-5.78391959798995             1.048220551965864
-5.668341708542714            1.0482205804779265
-5.5527638190954764           1.0482204192109743
-5.4371859296482405           1.0482202735158177
-5.321608040201005            1.0482204045064472
-5.206030150753769            1.0482205048778326
-5.090452261306533            1.0482206174560835
-4.974874371859297            1.0482204967711124
-4.859296482412061            1.0482207216086943
-4.743718592964823            1.048220516685829
-4.628140703517587            1.0482206301825483
-4.5125628140703515           1.048220467102327
-4.396984924623116            1.0482204738905354
-4.28140703517588             1.048220499150221
-4.165829145728644            1.0482204789813252
-4.050251256281406            1.0482203622927007
-3.934673366834172            1.0482205025304365
-3.8190954773869343           1.0482205224987955
-3.7035175879396967           1.0482204557516788
-3.5879396984924625           1.0482204754380615
-3.472361809045225            1.0482204604859033
-3.3567839195979907           1.048220479001659
-3.241206030150753            1.048220431450625
-3.125628140703519            1.0482204129291615
-3.0100502512562812           1.048220415467159
-2.8944723618090435           1.048220467234103
-2.7788944723618094           1.0482202896936164
-2.6633165829145717           1.0482204089982317
-2.5477386934673376           1.0482204019650443
-2.4321608040201              1.0482203951371574
-2.316582914572866            1.0482204006250684
-2.201005025125628            1.0482204145849907
-2.0854271356783904           1.048220401255804
-1.9698492462311563           1.0482203602086655
-1.8542713567839186           1.0482202978831507
-1.7386934673366845           1.0482203242659638
-1.6231155778894468           1.0482202758318133
-1.5075376884422127           1.0482203541905857
-1.391959798994975            1.0482203114107203
-1.2763819095477373           1.0482202968274006
-1.1608040201005032           1.048220207552479
-1.0452261306532655           1.0482198905778926
-0.9296482412060314           1.0482189718446928
-0.8140703517587937           1.0482164132525702
-0.698492462311556            1.0482084544696424
-0.5829145728643219           1.0481858129746149
-0.46733668341708423          1.0481212390834915
-0.3517587939698501           1.0479406716444355
-0.23618090452261245          1.0474485177694113
-0.12060301507537828          1.0461511360117008
-0.005025125628140596         1.042874712911761
0.11055276381909708           1.0350297616045994
0.22613065326633117           1.0174016137237838
0.34170854271356893           0.9805242651543052
0.457286432160803             0.9089746479883881
0.5728643216080407            0.7800133734499057
0.6884422110552748            0.5626558382358977
0.8040201005025125            0.2167432405658038
0.9195979899497502            -0.3086065247350263
1.0351758793969843            -1.0776053560741403
1.150753768844222             -2.171701612099617
1.266331658291456             -3.695132327196156
1.3819095477386938            -5.782648913342834
1.4974874371859315            -8.609642544863384
1.6130653266331656            -12.404727500033852
1.7286432160804033            -17.465703935641606
1.8442211055276374            -24.180529473899803
1.959798994974875             -33.054915065790475
2.075376884422109             -44.74837705918399
2.190954773869347             -60.121244315747404
2.3065326633165846            -80.29596295554293
2.4221105527638187            -106.73706985936968
2.5376884422110564            -141.35553477805422
2.6532663316582905            -186.64490563879457
2.768844221105528             -247.60873036600984
