-20.0                         0.9297978875754029
-19.884422110552762           0.9297989439968505
-19.768844221105528           0.9297977530187146
-19.65326633165829            0.9297967051869731
-19.537688442211056           0.9297978089112587
-19.42211055276382            0.9297975926049358
-19.306532663316585           0.9297979072071132
-19.190954773869347           0.9297963790285018
-19.07537688442211            0.9297979927059249
-18.959798994974875           0.9297976451859933
-18.844221105527637           0.92979895125626
-18.728643216080403           0.9297974920020163
-18.613065326633166           0.9297978081358536
-18.49748743718593            0.9297975624125673
-18.381909547738694           0.9297999241490263
-18.266331658291456           0.9297974236797146
-18.150753768844222           0.9297975006278317
-18.035175879396984           0.9297976799396721
-17.91959798994975            0.9297974602916576
-17.804020100502512           0.9297979425856113
-17.688442211055275           0.9297976348445002
-17.57286432160804            0.9297971454386454
-17.457286432160803           0.9297972005086703
-17.34170854271357            0.929797363734941
-17.22613065326633            0.9297974072182592
-17.110552763819094           0.9297971561707522
-16.99497487437186            0.9297976290189199
-16.87939698492462            0.929797053303544
-16.763819095477388           0.9297978515259959
-16.64824120603015            0.9297971605571037
-16.532663316582916           0.9297972699937337
-16.417085427135678           0.929797196022555
-16.301507537688444           0.9297966013918832
-16.185929648241206           0.929797207370267
-16.07035175879397            0.9297974816180024
-15.954773869346734           0.9297961079903717
-15.839195979899497           0.9297971172616528
-15.72361809045226            0.9297972341272638
-15.608040201005025           0.9297979337055471
-15.492462311557789           0.929797107757379
-15.376884422110553           0.9297970597009132
-15.261306532663315           0.9297971988945242
-15.145728643216081           0.9297971185774753
-15.030150753768844           0.9297979859357905
-14.914572864321608           0.9297968442782935
-14.798994974874372           0.9297961179211152
-14.683417085427136           0.9297971167264457
-14.5678391959799             0.9297970409168708
-14.452261306532662           0.9297969997307753
-14.336683417085428           0.9297969151793823
-14.22110552763819            0.9297974368778913
-14.105527638190955           0.9297968649521225
-13.989949748743719           0.9297959571922255
-13.874371859296481           0.9297967100235607
-13.758793969849247           0.929797418209445
-13.64321608040201            0.9297968101840154
-13.527638190954773           0.9297961149758143
-13.412060301507537           0.9297968544392092
-13.296482412060302           0.9297966579423153
-13.180904522613066           0.9297970006645917
-13.065326633165828           0.9297964511868478
-12.949748743718594           0.9297968414965093
-12.834170854271356           0.9297963564144915
-12.71859296482412            0.9297970353692283
-12.603015075376884           0.9297962693968346
-12.487437185929648           0.9297968626890661
-12.371859296482413           0.9297966220737881
-12.256281407035175           0.929796936968981
-12.14070351758794            0.9297967053983477
-12.025125628140703           0.9297965031739978
-11.909547738693467           0.9297965215482824
-11.793969849246231           0.9297964354446576
-11.678391959798995           0.9297966859783822
-11.56281407035176            0.9297966223399676
-11.447236180904522           0.9297969998673343
-11.331658291457286           0.9297966876969175
-11.21608040201005            0.929796607990599
-11.100502512562814           0.9297969213732311
-10.984924623115578           0.9297966768032301
-10.869346733668342           0.9297965396394754
-10.753768844221106           0.9297958705089426
-10.638190954773869           0.9297966879965991
-10.522613065326633           0.9297964492543335
-10.407035175879397           0.9297966775173069
-10.291457286432161           0.9297973740812472
-10.175879396984925           0.9297965108957925
-10.06030150753769            0.9297963754291741
-9.944723618090451            0.9297965180931318
-9.829145728643216            0.9297961557626907
-9.71356783919598             0.9297969963132275
-9.597989949748744            0.9297964978300611
-9.482412060301508            0.9297964615352979
-9.366834170854272            0.9297965647846121
-9.251256281407034            0.9297964676487118
-9.135678391959798            0.9297964004318938
-9.020100502512562            0.9297965906149428
-8.904522613065327            0.9297960168630799
-8.78894472361809             0.9297959387841176
-8.673366834170855            0.929797499599604
-8.557788944723619            0.9297964336099255
-8.442211055276381            0.9297974362602118
-8.326633165829145            0.9297959681244988
-8.21105527638191             0.929796142134612
-8.095477386934673            0.9297964791959829
-7.9798994974874375           0.9297963676185205
-7.864321608040202            0.9297963227542806
-7.748743718592964            0.9297962488044098
-7.633165829145728            0.9297963745140059
-7.517587939698492            0.9297961039067844
-7.402010050251256            0.9297966299276078
-7.28643216080402             0.9297963323566811
-7.170854271356784            0.92979626270165
-7.055276381909547            0.9297959921825341
-6.939698492462311            0.9297962535256364
-6.824120603015075            0.9297962732199636
-6.708542713567839            0.929796110580209
-6.592964824120603            0.9297962451056211
-6.477386934673367            0.9297962242931757
-6.361809045226131            0.9297962352887414
-6.246231155778894            0.9297961232082957
-6.130653266331658            0.9297962099846594
-6.015075376884422            0.9297962121281417
-5.899497487437186            0.9297962743942425
-5.78391959798995             0.9297961577913667
-5.668341708542714            0.9297961813296737
-5.5527638190954764           0.9297960242656692
-5.4371859296482405           0.9297958902294579
-5.321608040201005            0.9297960166552474
-5.206030150753769            0.929796100302113
-5.090452261306533            0.9297962019294519
-4.974874371859297            0.9297961162958441
-4.859296482412061            0.9297963241783509
-4.743718592964823            0.9297961211552601
-4.628140703517587            0.9297962242516155
-4.5125628140703515           0.9297960636859774
-4.396984924623116            0.9297960771058547
-4.28140703517588             0.9297961011931438
-4.165829145728644            0.9297960790041941
-4.050251256281406            0.9297959786169726
-3.934673366834172            0.929796101286595
-3.8190954773869343           0.9297961185582014
-3.7035175879396967           0.9297960558405353
-3.5879396984924625           0.929796071639764
-3.472361809045225            0.9297960573918321
-3.3567839195979907           0.9297960774765706
-3.241206030150753            0.9297960260301221
-3.125628140703519            0.9297960138994186
-3.0100502512562812           0.9297960173321285
-2.8944723618090435           0.9297960556862562
-2.7788944723618094           0.9297958952807139
-2.6633165829145717           0.9297960016460409
-2.5477386934673376           0.9297960014142771
-2.4321608040201              0.9297959953684185
-2.316582914572866            0.9297959993505511
-2.201005025125628            0.9297960136434477
-2.0854271356783904           0.9297960011976241
-1.9698492462311563           0.9297959608338866
-1.8542713567839186           0.9297959006797957
-1.7386934673366845           0.9297959248691667
-1.6231155778894468           0.9297958768450458
-1.5075376884422127           0.9297959437935037
-1.391959798994975            0.9297958873844172
-1.2763819095477373           0.9297958171087582
-1.1608040201005032           0.929795586696455
-1.0452261306532655           0.9297948923046481
-0.9296482412060314           0.9297929721669174
-0.8140703517587937           0.9297877442138187
-0.698492462311556            0.9297728653077871
-0.5829145728643219           0.9297325093273207
-0.46733668341708423          0.929623670925734
-0.3517587939698501           0.929335785614265
-0.23618090452261245          0.9285933588702762
-0.12060301507537828          0.926740595506167
-0.005025125628140596         0.9223061545976577
0.11055276381909708           0.9122232372332346
0.22613065326633117           0.8906360843616693
0.34170854271356893           0.8474011188374525
0.457286432160803             0.7665956537555776
0.5728643216080407            0.6253341023060413
0.6884422110552748            0.3928552100410412
0.8040201005025125            0.029461233276367012
0.9195979899497502            -0.5152000052006055
1.0351758793969843            -1.3048596770022398
1.150753768844222             -2.420587690088004
1.266331658291456             -3.966354271819222
1.3819095477386938            -6.07673193912145
1.4974874371859315            -8.926979275643877
1.6130653266331656            -12.74560166294379
1.7286432160804033            -17.830315124427425
1.8442211055276374            -24.56901840762193
1.959798994974875             -33.46738258852549
2.075376884422109             -45.18489658996348
2.190954773869347             -60.58186996552947
2.3065326633165846            -80.78073497704563
2.4221105527638187            -107.24601840838912
2.5376884422110564            -141.8886825678376
2.6532663316582905            -187.20226984665572
2.768844221105528             -248.190187652442
