-20.0                         0.08656949315040531
-19.884422110552762           0.08656993040479379
-19.768844221105528           0.08656944663195132
-19.65326633165829            0.08656887187483084
-19.537688442211056           0.08656942297382146
-19.42211055276382            0.08656950355399218
-19.306532663316585           0.08656945911397633
-19.190954773869347           0.08656940627822311
-19.07537688442211            0.0865693917466616
-18.959798994974875           0.08656934063753906
-18.844221105527637           0.08656958525804143
-18.728643216080403           0.08656933077539236
-18.613065326633166           0.08656920225703386
-18.49748743718593            0.08656926603428483
-18.381909547738694           0.08656981388965687
-18.266331658291456           0.08656917131916778
-18.150753768844222           0.08656923683946388
-18.035175879396984           0.08656878807677539
-17.91959798994975            0.08656914963035943
-17.804020100502512           0.08656917560395491
-17.688442211055275           0.08656923109195336
-17.57286432160804            0.08656916284383856
-17.457286432160803           0.08656896339104704
-17.34170854271357            0.08656910125030484
-17.22613065326633            0.08656920240840273
-17.110552763819094           0.08656894929706367
-16.99497487437186            0.08656901123761108
-16.87939698492462            0.08656912559720507
-16.763819095477388           0.08656903273081336
-16.64824120603015            0.08656903795311453
-16.532663316582916           0.08656892569136782
-16.417085427135678           0.0865689849463431
-16.301507537688444           0.08656896533536794
-16.185929648241206           0.08656889770035892
-16.07035175879397            0.08656893703421464
-15.954773869346734           0.08656861021806636
-15.839195979899497           0.08656883186866209
-15.72361809045226            0.08656882748908382
-15.608040201005025           0.0865686920596623
-15.492462311557789           0.0865687488576543
-15.376884422110553           0.08656862023906456
-15.261306532663315           0.08656879296245332
-15.145728643216081           0.08656871975113924
-15.030150753768844           0.08656887992809169
-14.914572864321608           0.08656860783295804
-14.798994974874372           0.08656846771309591
-14.683417085427136           0.08656867160271281
-14.5678391959799             0.08656869744625169
-14.452261306532662           0.08656866768186165
-14.336683417085428           0.08656859974790469
-14.22110552763819            0.0865684949975618
-14.105527638190955           0.0865686111621683
-13.989949748743719           0.08656815858427801
-13.874371859296481           0.08656850411255067
-13.758793969849247           0.08656903784099088
-13.64321608040201            0.08656855693367782
-13.527638190954773           0.08656851865800777
-13.412060301507537           0.08656852804601557
-13.296482412060302           0.08656870972759431
-13.180904522613066           0.08656849007970864
-13.065326633165828           0.0865681984928819
-12.949748743718594           0.0865685199339328
-12.834170854271356           0.08656819426963652
-12.71859296482412            0.08656855758825517
-12.603015075376884           0.08656816384819556
-12.487437185929648           0.08656843492941695
-12.371859296482413           0.08656842826579579
-12.256281407035175           0.08656843700653008
-12.14070351758794            0.08656834769779115
-12.025125628140703           0.08656852223395578
-11.909547738693467           0.08656826537048981
-11.793969849246231           0.08656825456500683
-11.678391959798995           0.0865683111586397
-11.56281407035176            0.08656829383682106
-11.447236180904522           0.08656836875921162
-11.331658291457286           0.08656830665855374
-11.21608040201005            0.08656827317097668
-11.100502512562814           0.08656857523887034
-10.984924623115578           0.08656827571074076
-10.869346733668342           0.08656820462429562
-10.753768844221106           0.08656795430987167
-10.638190954773869           0.08656821537012696
-10.522613065326633           0.08656819653659276
-10.407035175879397           0.08656818689147971
-10.291457286432161           0.08656825441305718
-10.175879396984925           0.08656816292974646
-10.06030150753769            0.08656809631043176
-9.944723618090451            0.08656813258066026
-9.829145728643216            0.08656819436855963
-9.71356783919598             0.08656812917044351
-9.597989949748744            0.08656809372315852
-9.482412060301508            0.08656810179616341
-9.366834170854272            0.08656807701868892
-9.251256281407034            0.08656807254533562
-9.135678391959798            0.08656807107880889
-9.020100502512562            0.08656806974944112
-8.904522613065327            0.08656803870798463
-8.78894472361809             0.08656790231349736
-8.673366834170855            0.08656846056593723
-8.557788944723619            0.08656798575288233
-8.442211055276381            0.08656842278750385
-8.326633165829145            0.0865678978249741
-8.21105527638191             0.08656804866342006
-8.095477386934673            0.08656794599745946
-7.9798994974874375           0.08656795699860972
-7.864321608040202            0.08656794364512997
-7.748743718592964            0.08656792947554771
-7.633165829145728            0.08656793071805118
-7.517587939698492            0.08656790315860678
-7.402010050251256            0.08656792011638323
-7.28643216080402             0.08656792365689174
-7.170854271356784            0.08656790034583667
-7.055276381909547            0.0865677857400095
-6.939698492462311            0.08656786976044124
-6.824120603015075            0.08656787381364808
-6.708542713567839            0.08656790021766349
-6.592964824120603            0.08656782950416511
-6.477386934673367            0.08656775497567466
-6.361809045226131            0.0865678232491702
-6.246231155778894            0.08656776435228332
-6.130653266331658            0.08656782093047075
-6.015075376884422            0.08656781661030531
-5.899497487437186            0.08656782022179138
-5.78391959798995             0.08656780111621373
-5.668341708542714            0.08656779791206817
-5.5527638190954764           0.08656776691075141
-5.4371859296482405           0.08656768366663976
-5.321608040201005            0.08656776928631427
-5.206030150753769            0.0865677478833867
-5.090452261306533            0.08656773366937695
-4.974874371859297            0.08656779263138077
-4.859296482412061            0.08656783912730198
-4.743718592964823            0.08656772581112
-4.628140703517587            0.08656775403892461
-4.5125628140703515           0.08656768824021875
-4.396984924623116            0.08656767374202348
-4.28140703517588             0.08656765922787431
-4.165829145728644            0.0865676238833431
-4.050251256281406            0.08656760376321888
-3.934673366834172            0.08656752302496461
-3.8190954773869343           0.08656743428832413
-3.7035175879396967           0.08656728786153702
-3.5879396984924625           0.08656708637335717
-3.472361809045225            0.08656677913717586
-3.3567839195979907           0.0865663306028615
-3.241206030150753            0.08656563308688205
-3.125628140703519            0.08656457973007765
-3.0100502512562812           0.08656299795821244
-2.8944723618090435           0.08656056444473678
-2.7788944723618094           0.08655688823121697
-2.6633165829145717           0.08655136841574042
-2.5477386934673376           0.0865429914860624
-2.4321608040201              0.08653023811753074
-2.316582914572866            0.08651088610147746
-2.201005025125628            0.08648152309734274
-2.0854271356783904           0.0864369668262427
-1.9698492462311563           0.0863693574382776
-1.8542713567839186           0.08626681438950008
-1.7386934673366845           0.08611136149952543
-1.6231155778894468           0.08587569150150752
-1.5075376884422127           0.08551876123027458
-1.391959798994975            0.08497843780044781
-1.2763819095477373           0.08416137525659508
-1.1608040201005032           0.08292755404827833
-1.0452261306532655           0.08106769872185965
-0.9296482412060314           0.07827072060271219
-0.8140703517587937           0.07407694054261513
-0.698492462311556            0.06781225002308496
-0.5829145728643219           0.05849761207632629
-0.46733668341708423          0.044725626474411986
-0.3517587939698501           0.02449802487812096
-0.23618090452261245          -0.004985199165868233
-0.12060301507537828          -0.047593543907938386
-0.005025125628140596         -0.10860168395944526
0.11055276381909708           -0.19510767922382014
0.22613065326633117           -0.3165564813952549
0.34170854271356893           -0.48540144159150156
0.457286432160803             -0.7179523641818234
0.5728643216080407            -1.035474100900896
0.6884422110552748            -1.4656187859391778
0.8040201005025125            -2.0442946715855035
0.9195979899497502            -2.8180982955188876
1.0351758793969843            -3.8474811820011348
1.150753768844222             -5.210916807930218
1.266331658291456             -7.010498013194838
1.3819095477386938            -9.379466370723447
1.4974874371859315            -12.49200743512466
1.6130653266331656            -16.575685873072736
1.7286432160804033            -21.927458191026677
1.8442211055276374            -28.934669878669418
1.959798994974875             -38.10260291825757
2.075376884422109             -50.090470076230275
2.190954773869347             -65.75838160586218
2.3065326633165846            -86.22862393302202
2.4221105527638187            -112.96561598083537
2.5376884422110564            -147.88023962181057
2.6532663316582905            -193.46597687626385
2.768844221105528             -254.72466001425104
