-20.0                         0.44596440531310433
-19.884422110552762           0.4459651779167075
-19.768844221105528           0.4459643227576618
-19.65326633165829            0.4459634054787243
-19.537688442211056           0.44596427897131996
-19.42211055276382            0.44596427402028915
-19.306532663316585           0.4459644813601172
-19.190954773869347           0.44596356288680544
-19.07537688442211            0.4459643999418266
-18.959798994974875           0.4459641756261775
-18.844221105527637           0.44596519549928787
-18.728643216080403           0.4459642149743979
-18.613065326633166           0.44596415982921506
-18.49748743718593            0.44596414328899736
-18.381909547738694           0.44596575479626793
-18.266331658291456           0.4459639849056497
-18.150753768844222           0.4459640718984231
-18.035175879396984           0.44596376837019613
-17.91959798994975            0.4459640264609987
-17.804020100502512           0.4459642674536701
-17.688442211055275           0.4459643040969962
-17.57286432160804            0.445963859690112
-17.457286432160803           0.4459637577248609
-17.34170854271357            0.4459640226599864
-17.22613065326633            0.44596419265906906
-17.110552763819094           0.4459637082563871
-16.99497487437186            0.4459639900535805
-16.87939698492462            0.44596394351598295
-16.763819095477388           0.4459641348129586
-16.64824120603015            0.4459638959359497
-16.532663316582916           0.44596367293347994
-16.417085427135678           0.4459637869331945
-16.301507537688444           0.445963492031624
-16.185929648241206           0.445963776053035
-16.07035175879397            0.44596390739068503
-15.954773869346734           0.44596300597200667
-15.839195979899497           0.44596366565762563
-15.72361809045226            0.44596369777833655
-15.608040201005025           0.44596388392996006
-15.492462311557789           0.4459636139546924
-15.376884422110553           0.4459633547470035
-15.261306532663315           0.44596371692732784
-15.145728643216081           0.44596359424511783
-15.030150753768844           0.4459642604684913
-14.914572864321608           0.4459634042090993
-14.798994974874372           0.4459628795073885
-14.683417085427136           0.44596358093149335
-14.5678391959799             0.4459635377490367
-14.452261306532662           0.4459635000898067
-14.336683417085428           0.4459634459501126
-14.22110552763819            0.44596353012684
-14.105527638190955           0.4459634162227361
-13.989949748743719           0.445962693553898
-13.874371859296481           0.4459632883119673
-13.758793969849247           0.4459640355109625
-13.64321608040201            0.44596337600848435
-13.527638190954773           0.44596297751558833
-13.412060301507537           0.4459633748663304
-13.296482412060302           0.4459634867529639
-13.180904522613066           0.4459634122752081
-13.065326633165828           0.4459629146586225
-12.949748743718594           0.44596340566233356
-12.834170854271356           0.4459629347731177
-12.71859296482412            0.4459635253411678
-12.603015075376884           0.445962812164902
-12.487437185929648           0.4459633642941295
-12.371859296482413           0.4459632693170313
-12.256281407035175           0.4459633904409779
-12.14070351758794            0.44596321530753213
-12.025125628140703           0.4459632925662021
-11.909547738693467           0.44596307594227574
-11.793969849246231           0.4459629432620342
-11.678391959798995           0.4459631778742582
-11.56281407035176            0.445963145294348
-11.447236180904522           0.44596338392389573
-11.331658291457286           0.4459632056757449
-11.21608040201005            0.4459631362999088
-11.100502512562814           0.44596351632327647
-10.984924623115578           0.44596318775330845
-10.869346733668342           0.4459630598359603
-10.753768844221106           0.44596256906883175
-10.638190954773869           0.44596313029870344
-10.522613065326633           0.44596301097623836
-10.407035175879397           0.4459631314982097
-10.291457286432161           0.44596351907923965
-10.175879396984925           0.4459630392949874
-10.06030150753769            0.4459629218163043
-9.944723618090451            0.44596300951618195
-9.829145728643216            0.44596289286502255
-9.71356783919598             0.44596327332055274
-9.597989949748744            0.44596297621553405
-9.482412060301508            0.4459629687283794
-9.366834170854272            0.4459630108359107
-9.251256281407034            0.4459629632260275
-9.135678391959798            0.44596294204081244
-9.020100502512562            0.4459630653277609
-8.904522613065327            0.44596271088897727
-8.78894472361809             0.44596259366503754
-8.673366834170855            0.44596372286690095
-8.557788944723619            0.44596289917594095
-8.442211055276381            0.445963670391626
-8.326633165829145            0.4459626104481041
-8.21105527638191             0.445962819995407
-8.095477386934673            0.4459628690196383
-7.9798994974874375           0.4459628555060545
-7.864321608040202            0.44596282158234213
-7.748743718592964            0.4459627803783349
-7.633165829145728            0.44596284216326226
-7.517587939698492            0.4459626695144919
-7.402010050251256            0.44596298001957385
-7.28643216080402             0.4459628291444532
-7.170854271356784            0.44596277581811944
-7.055276381909547            0.44596254404085417
-6.939698492462311            0.4459627484446498
-6.824120603015075            0.44596277203588774
-6.708542713567839            0.4459627016490777
-6.592964824120603            0.4459627229307313
-6.477386934673367            0.4459626503363152
-6.361809045226131            0.4459627093690666
-6.246231155778894            0.4459626295177935
-6.130653266331658            0.4459627180517184
-6.015075376884422            0.4459627233853461
-5.899497487437186            0.4459627706267445
-5.78391959798995             0.4459626806260175
-5.668341708542714            0.44596268482643947
-5.5527638190954764           0.44596257437400766
-5.4371859296482405           0.445962468583811
-5.321608040201005            0.4459625874682922
-5.206030150753769            0.44596260498890916
-5.090452261306533            0.4459626412938008
-4.974874371859297            0.4459626839268074
-4.859296482412061            0.4459628133300934
-4.743718592964823            0.44596263058543006
-4.628140703517587            0.44596269498120494
-4.5125628140703515           0.4459625689615923
-4.396984924623116            0.4459625888552857
-4.28140703517588             0.4459626034674741
-4.165829145728644            0.4459625815373253
-4.050251256281406            0.4459625495484969
-3.934673366834172            0.44596259070649885
-3.8190954773869343           0.445962597345986
-3.7035175879396967           0.44596255450113637
-3.5879396984924625           0.44596255589391665
-3.472361809045225            0.445962544707934
-3.3567839195979907           0.44596256095793296
-3.241206030150753            0.4459625183757933
-3.125628140703519            0.44596251766292805
-3.0100502512562812           0.4459625225827632
-2.8944723618090435           0.44596251214437665
-2.7788944723618094           0.4459624215158462
-2.6633165829145717           0.44596247607867984
-2.5477386934673376           0.44596249666301363
-2.4321608040201              0.4459624898410633
-2.316582914572866            0.4459624841713003
-2.201005025125628            0.44596248223536156
-2.0854271356783904           0.44596245181434385
-1.9698492462311563           0.44596236814317136
-1.8542713567839186           0.4459622097154872
-1.7386934673366845           0.44596198262044384
-1.6231155778894468           0.44596140255790695
-1.5075376884422127           0.445960280415614
-1.391959798994975            0.4459577164948071
-1.2763819095477373           0.4459521659498239
-1.1608040201005032           0.4459401706392031
-1.0452261306532655           0.44591427289242774
-0.9296482412060314           0.4458586781071065
-0.8140703517587937           0.44573996514119846
-0.698492462311556            0.44548806811894204
-0.5829145728643219           0.44495967141357473
-0.46733668341708423          0.44386558410653404
-0.3517587939698501           0.4416392801584095
-0.23618090452261245          0.4372079078360136
-0.12060301507537828          0.42862395316398383
-0.005025125628140596         0.4125250796239534
0.11055276381909708           0.38342462895231294
0.22613065326633117           0.33288440676311565
0.34170854271356893           0.24864831138725818
0.457286432160803             0.11377523650854357
0.5728643216080407            -0.09429032093860247
0.6884422110552748            -0.40487454570109865
0.8040201005025125            -0.8556674760701451
0.9195979899497502            -1.4949492519522667
1.0351758793969843            -2.384632112097537
1.150753768844222             -3.6043582270900614
1.266331658291456             -5.257081003207642
1.3819095477386938            -7.476673343397512
1.4974874371859315            -10.437854046302208
1.6130653266331656            -14.368671039405513
1.7286432160804033            -19.566479418146788
1.8442211055276374            -26.418920462966994
1.959798994974875             -35.43148768880585
2.075376884422109             -47.2635460435238
2.190954773869347             -62.77531676135873
2.3065326633165846            -83.08916812931473
2.4221105527638187            -109.66957998748202
2.5376884422110564            -144.42747985043013
2.6532663316582905            -189.85638411880169
2.768844221105528             -250.95903187354753
