-20.0                         1.3375188027021157
-19.884422110552762           1.3375201358286424
-19.768844221105528           1.3375186387432674
-19.65326633165829            1.3375175968129833
-19.537688442211056           1.33751891329519
-19.42211055276382            1.337518461653917
-19.306532663316585           1.3375186931848344
-19.190954773869347           1.337516946665136
-19.07537688442211            1.337519038730742
-18.959798994974875           1.3375186405268913
-18.844221105527637           1.3375198707257316
-18.728643216080403           1.3375182407406478
-18.613065326633166           1.3375189590470438
-18.49748743718593            1.3375184494290253
-18.381909547738694           1.3375212474325997
-18.266331658291456           1.3375183878701578
-18.150753768844222           1.3375184530394
-18.035175879396984           1.3375191215587265
-17.91959798994975            1.3375183588196218
-17.804020100502512           1.3375190260945666
-17.688442211055275           1.337518327037064
-17.57286432160804            1.3375181148986084
-17.457286432160803           1.3375181721146798
-17.34170854271357            1.3375181549047757
-17.22613065326633            1.3375180471861912
-17.110552763819094           1.3375181525872302
-16.99497487437186            1.3375186731963435
-16.87939698492462            1.3375176906010946
-16.763819095477388           1.3375190099158951
-16.64824120603015            1.3375179585535508
-16.532663316582916           1.3375185177908224
-16.417085427135678           1.33751813279591
-16.301507537688444           1.3375174128998084
-16.185929648241206           1.337518159073614
-16.07035175879397            1.3375185057743377
-15.954773869346734           1.3375168323506568
-15.839195979899497           1.3375180876324004
-15.72361809045226            1.337518325617221
-15.608040201005025           1.3375193679103659
-15.492462311557789           1.3375181140503494
-15.376884422110553           1.3375183799504053
-15.261306532663315           1.3375181715478004
-15.145728643216081           1.3375181483120364
-15.030150753768844           1.337518981759058
-14.914572864321608           1.3375178124187843
-14.798994974874372           1.3375170143950759
-14.683417085427136           1.3375181528893678
-14.5678391959799             1.3375181144433657
-14.452261306532662           1.337518076716511
-14.336683417085428           1.3375179043822798
-14.22110552763819            1.3375188007881162
-14.105527638190955           1.3375178636529543
-13.989949748743719           1.337516810469221
-13.874371859296481           1.3375176624126979
-13.758793969849247           1.3375182856753862
-13.64321608040201            1.3375177875074113
-13.527638190954773           1.3375169001966656
-13.412060301507537           1.3375178674523431
-13.296482412060302           1.3375173768763717
-13.180904522613066           1.3375180807784457
-13.065326633165828           1.337517563592354
-12.949748743718594           1.3375177830399638
-12.834170854271356           1.3375173203183284
-12.71859296482412            1.3375180288542765
-12.603015075376884           1.3375173173455492
-12.487437185929648           1.337517843270264
-12.371859296482413           1.3375175205799585
-12.256281407035175           1.3375179378389177
-12.14070351758794            1.3375177132215796
-12.025125628140703           1.3375172640898279
-11.909547738693467           1.337517491694624
-11.793969849246231           1.3375175528369296
-11.678391959798995           1.3375177144338288
-11.56281407035176            1.3375176154115689
-11.447236180904522           1.3375180948407217
-11.331658291457286           1.3375176721641626
-11.21608040201005            1.3375175981435405
-11.100502512562814           1.3375178240667815
-10.984924623115578           1.337517664223263
-10.869346733668342           1.3375175376899282
-10.753768844221106           1.3375167424569243
-10.638190954773869           1.3375177460211471
-10.522613065326633           1.337517418006666
-10.407035175879397           1.337517669186714
-10.291457286432161           1.3375186202663174
-10.175879396984925           1.3375174925507078
-10.06030150753769            1.3375173500203614
-9.944723618090451            1.3375175552526346
-9.829145728643216            1.3375169919056085
-9.71356783919598             1.3375181030617207
-9.597989949748744            1.3375175312524394
-9.482412060301508            1.3375174755544241
-9.366834170854272            1.3375176030763454
-9.251256281407034            1.3375174827518237
-9.135678391959798            1.3375173872916686
-9.020100502512562            1.3375175438007496
-8.904522613065327            1.337516900946142
-8.78894472361809             1.337516836468779
-8.673366834170855            1.3375186981668246
-8.557788944723619            1.337517469697439
-8.442211055276381            1.3375186272797583
-8.326633165829145            1.3375168734462686
-8.21105527638191             1.337517013111309
-8.095477386934673            1.337517573900669
-7.9798994974874375           1.3375173690711775
-7.864321608040202            1.3375173330985846
-7.748743718592964            1.3375172322908588
-7.633165829145728            1.337517405393741
-7.517587939698492            1.3375171113537092
-7.402010050251256            1.3375177038686632
-7.28643216080402             1.3375173346685996
-7.170854271356784            1.3375172614223887
-7.055276381909547            1.3375169890843452
-6.939698492462311            1.3375172710694452
-6.824120603015075            1.3375172768060237
-6.708542713567839            1.3375170474262266
-6.592964824120603            1.3375172747940425
-6.477386934673367            1.337517312293302
-6.361809045226131            1.3375172729974267
-6.246231155778894            1.3375171291826615
-6.130653266331658            1.3375172007507061
-6.015075376884422            1.3375171837643327
-5.899497487437186            1.3375172410523524
-5.78391959798995             1.337517145910936
-5.668341708542714            1.3375171856947832
-5.5527638190954764           1.3375170244935124
-5.4371859296482405           1.3375168425651387
-5.321608040201005            1.3375169909901357
-5.206030150753769            1.3375171313306882
-5.090452261306533            1.3375172600046386
-4.974874371859297            1.3375170552722162
-4.859296482412061            1.3375173180942055
-4.743718592964823            1.3375171118405045
-4.628140703517587            1.3375172509720246
-4.5125628140703515           1.3375170894326507
-4.396984924623116            1.3375170747805931
-4.28140703517588             1.3375171007201205
-4.165829145728644            1.3375170878406188
-4.050251256281406            1.337516932134762
-3.934673366834172            1.3375171113209163
-3.8190954773869343           1.337517137979142
-3.7035175879396967           1.337517062253161
-3.5879396984924625           1.3375170913096819
-3.472361809045225            1.3375170751903995
-3.3567839195979907           1.3375170855342433
-3.241206030150753            1.3375170564564884
-3.125628140703519            1.3375170181696805
-3.0100502512562812           1.3375170182484386
-2.8944723618090435           1.3375171039398388
-2.7788944723618094           1.337516884411835
-2.6633165829145717           1.3375170359240756
-2.5477386934673376           1.337517010338313
-2.4321608040201              1.3375170008049746
-2.316582914572866            1.3375170106408434
-2.201005025125628            1.3375170210895968
-2.0854271356783904           1.3375170067756588
-1.9698492462311563           1.3375169660342454
-1.8542713567839186           1.3375168992507225
-1.7386934673366845           1.3375169303121017
-1.6231155778894468           1.3375168736081233
-1.5075376884422127           1.3375169658955306
-1.391959798994975            1.337516921304712
-1.2763819095477373           1.3375169459727447
-1.1608040201005032           1.3375169485274652
-1.0452261306532655           1.3375168937311817
-0.9296482412060314           1.3375167126157512
-0.8140703517587937           1.3375163265534245
-0.698492462311556            1.3375144214157066
-0.5829145728643219           1.337508629092256
-0.46733668341708423          1.337489847571321
-0.3517587939698501           1.3374302057864667
-0.23618090452261245          1.3372456609940828
-0.12060301507537828          1.3366937179261063
-0.005025125628140596         1.335115216683355
0.11055276381909708           1.3308496730839305
0.22613065326633117           1.3200985598836994
0.34170854271356893           1.2951170687276874
0.457286432160803             1.242001006165416
0.5728643216080407            1.1387467106697582
0.6884422110552748            0.9540936384548084
0.8040201005025125            0.6468512084414197
0.9195979899497502            0.1648176530173399
1.0351758793969843            -0.5574584364312615
1.150753768844222             -1.6024092537906887
1.266331658291456             -3.074963235306644
1.3819095477386938            -5.110329221986722
1.4974874371859315            -7.884229894241604
1.6130653266331656            -11.62554696151196
1.7286432160804033            -16.632284750884082
1.8442211055276374            -23.29254219815377
1.959798994974875             -32.11212497070078
2.075376884422109             -43.75061399666723
2.190954773869347             -59.06838329653524
2.3065326633165846            -79.18791123283061
2.4221105527638187            -105.57375808239657
2.5376884422110564            -140.13691078738984
2.6532663316582905            -185.37093003129013
2.768844221105528             -246.27968513987918
