-20.0                         0.11291909074863639
-19.884422110552762           0.11291958744792778
-19.768844221105528           0.11291904097302298
-19.65326633165829            0.11291840285295253
-19.537688442211056           0.11291901502791647
-19.42211055276382            0.11291909710316692
-19.306532663316585           0.11291907759460092
-19.190954773869347           0.11291892275848481
-19.07537688442211            0.11291900434504837
-18.959798994974875           0.1129189315729272
-18.844221105527637           0.1129192956547909
-18.728643216080403           0.11291893811156317
-18.613065326633166           0.11291880009654591
-18.49748743718593            0.11291886264525526
-18.381909547738694           0.11291957434436287
-18.266331658291456           0.11291875716242555
-18.150753768844222           0.11291883108326574
-18.035175879396984           0.11291836226372827
-17.91959798994975            0.11291874479622609
-17.804020100502512           0.1129187952655971
-17.688442211055275           0.1129188688999702
-17.57286432160804            0.11291875127673903
-17.457286432160803           0.11291854396387091
-17.34170854271357            0.11291871040019164
-17.22613065326633            0.11291883854775685
-17.110552763819094           0.1129185229936783
-16.99497487437186            0.11291861108187166
-16.87939698492462            0.11291874228780704
-16.763819095477388           0.1129186557203048
-16.64824120603015            0.11291864775463059
-16.532663316582916           0.11291849934794784
-16.417085427135678           0.11291857328151095
-16.301507537688444           0.11291853513366415
-16.185929648241206           0.11291849650111706
-16.07035175879397            0.11291854338867889
-15.954773869346734           0.11291813334764357
-15.839195979899497           0.11291842136791455
-15.72361809045226            0.11291842122163838
-15.608040201005025           0.11291829688649657
-15.492462311557789           0.11291834121753677
-15.376884422110553           0.11291817258753874
-15.261306532663315           0.11291839714251505
-15.145728643216081           0.11291831178289133
-15.030150753768844           0.11291854899756709
-14.914572864321608           0.11291818933086115
-14.798994974874372           0.11291798658891544
-14.683417085427136           0.11291826943486316
-14.5678391959799             0.11291829157165371
-14.452261306532662           0.11291826003306676
-14.336683417085428           0.11291819032397807
-14.22110552763819            0.11291808315423331
-14.105527638190955           0.11291819868655321
-13.989949748743719           0.1129176950069764
-13.874371859296481           0.11291808505237155
-13.758793969849247           0.11291868030818243
-13.64321608040201            0.11291814804168754
-13.527638190954773           0.11291806360847523
-13.412060301507537           0.11291812092991074
-13.296482412060302           0.11291832051811289
-13.180904522613066           0.11291808725115494
-13.065326633165828           0.11291775191831498
-12.949748743718594           0.11291812372618333
-12.834170854271356           0.11291776343337254
-12.71859296482412            0.11291817308233151
-12.603015075376884           0.11291771053590795
-12.487437185929648           0.11291803937041722
-12.371859296482413           0.11291802915473163
-12.256281407035175           0.1129180425993228
-12.14070351758794            0.11291794174408153
-12.025125628140703           0.11291812741559445
-11.909547738693467           0.11291784990835657
-11.793969849246231           0.11291781782357825
-11.678391959798995           0.11291790470133901
-11.56281407035176            0.1129178853630462
-11.447236180904522           0.11291798434996039
-11.331658291457286           0.1129179083951946
-11.21608040201005            0.11291786838196484
-11.100502512562814           0.11291820029031809
-10.984924623115578           0.1129178794936331
-10.869346733668342           0.11291779686659265
-10.753768844221106           0.11291750691565046
-10.638190954773869           0.11291781496738229
-10.522613065326633           0.11291778505855052
-10.407035175879397           0.11291778846842769
-10.291457286432161           0.11291789889981925
-10.175879396984925           0.1129177600558629
-10.06030150753769            0.1129176837438479
-9.944723618090451            0.11291772828768279
-9.829145728643216            0.11291777846020033
-9.71356783919598             0.11291775385775028
-9.597989949748744            0.11291768900092108
-9.482412060301508            0.11291769725676304
-9.366834170854272            0.11291767793231657
-9.251256281407034            0.11291767051036991
-9.135678391959798            0.11291766938311656
-9.020100502512562            0.1129176813864409
-8.904522613065327            0.11291761131115945
-8.78894472361809             0.11291746944095893
-8.673366834170855            0.11291812004656411
-8.557788944723619            0.11291758539660968
-8.442211055276381            0.11291807983645889
-8.326633165829145            0.11291746895275344
-8.21105527638191             0.11291764170221961
-8.095477386934673            0.11291754086605553
-7.9798994974874375           0.11291755489393634
-7.864321608040202            0.11291753921482776
-7.748743718592964            0.11291752169917131
-7.633165829145728            0.11291753047162764
-7.517587939698492            0.11291748525309558
-7.402010050251256            0.11291753584828249
-7.28643216080402             0.11291752476670665
-7.170854271356784            0.11291749705366812
-7.055276381909547            0.11291735926349093
-6.939698492462311            0.11291746543518433
-6.824120603015075            0.11291747339429285
-6.708542713567839            0.11291748844100273
-6.592964824120603            0.11291742591961235
-6.477386934673367            0.11291734616582849
-6.361809045226131            0.1129174184289859
-6.246231155778894            0.11291735675239367
-6.130653266331658            0.11291742044214463
-6.015075376884422            0.11291741695432123
-5.899497487437186            0.112917427198694
-5.78391959798995             0.11291739940962084
-5.668341708542714            0.1129173963007103
-5.5527638190954764           0.11291735515826685
-5.4371859296482405           0.11291726529546516
-5.321608040201005            0.11291736200453509
-5.206030150753769            0.11291734295526122
-5.090452261306533            0.11291733199458376
-4.974874371859297            0.11291740105928486
-4.859296482412061            0.11291746003118638
-4.743718592964823            0.11291733337300397
-4.628140703517587            0.11291737056575177
-4.5125628140703515           0.11291730119088846
-4.396984924623116            0.11291729950675167
-4.28140703517588             0.11291730122665727
-4.165829145728644            0.11291728620519668
-4.050251256281406            0.11291729604929843
-3.934673366834172            0.11291726951158113
-3.8190954773869343           0.11291725656823219
-3.7035175879396967           0.11291721836877427
-3.5879396984924625           0.11291718550128556
-3.472361809045225            0.11291713080294903
-3.3567839195979907           0.11291706367934963
-3.241206030150753            0.11291693208564627
-3.125628140703519            0.11291673367512871
-3.0100502512562812           0.11291643075825725
-2.8944723618090435           0.11291590840479038
-2.7788944723618094           0.11291508026940354
-2.6633165829145717           0.11291382436827534
-2.5477386934673376           0.11291179535671818
-2.4321608040201              0.11290848107462569
-2.316582914572866            0.11290314479691634
-2.201005025125628            0.11289455284871568
-2.0854271356783904           0.11288070851341764
-1.9698492462311563           0.1128583967578382
-1.8542713567839186           0.11282247814253288
-1.7386934673366845           0.11276471197277993
-1.6231155778894468           0.11267172160452825
-1.5075376884422127           0.11252230969694735
-1.391959798994975            0.11228228248503502
-1.2763819095477373           0.11189724166726302
-1.1608040201005032           0.11128068782293817
-1.0452261306532655           0.11029565115274108
-0.9296482412060314           0.10872672575581747
-0.8140703517587937           0.10623762177819829
-0.698492462311556            0.10230836781672437
-0.5829145728643219           0.09614509301280492
-0.46733668341708423          0.08655215018704829
-0.3517587939698501           0.0717590280559087
-0.23618090452261245          0.04919204853586
-0.12060301507537828          0.01518376316519941
-0.005025125628140596         -0.03538722149063747
0.11055276381909708           -0.10953504764480335
0.22613065326633117           -0.2167013388263563
0.34170854271356893           -0.36941546967604566
0.457286432160803             -0.5841295939106284
0.5728643216080407            -0.8822965405919415
0.6884422110552748            -1.2917792320133359
0.8040201005025125            -1.8486993579589905
0.9195979899497502            -2.599854261353942
1.0351758793969843            -3.605872630179723
1.150753768844222             -4.945372861745579
1.266331658291456             -6.720557208007109
1.3819095477386938            -9.06475097679227
1.4974874371859315            -12.152214404769243
1.6130653266331656            -16.210582440320565
1.7286432160804033            -21.536870977716067
1.8442211055276374            -28.518470504250025
1.959798994974875             -37.66069578437701
2.075376884422109             -49.622783526245364
2.190954773869347             -65.26486164773262
2.3065326633165846            -85.709229721741
2.4221105527638187            -112.42031652245667
2.5376884422110564            -147.30901134252528
2.6532663316582905            -192.86880181436587
2.768844221105528             -254.10167006450231
