-20.0                         0.3621937706401538
-19.884422110552762           0.36219449179884594
-19.768844221105528           0.36219369691249914
-19.65326633165829            0.3621928253415467
-19.537688442211056           0.362193653098637
-19.42211055276382            0.362193676496397
-19.306532663316585           0.36219383780412
-19.190954773869347           0.36219307659752836
-19.07537688442211            0.3621937486621407
-18.959798994974875           0.3621935553656449
-18.844221105527637           0.3621944634064745
-18.728643216080403           0.36219360383273036
-18.613065326633166           0.3621935090358473
-18.49748743718593            0.36219351925600524
-18.381909547738694           0.3621949590901628
-18.266331658291456           0.3621933681074933
-18.150753768844222           0.36219345555831045
-18.035175879396984           0.3621930875144384
-17.91959798994975            0.3621934009124276
-17.804020100502512           0.36219359818463676
-17.688442211055275           0.3621936670988915
-17.57286432160804            0.36219327923769407
-17.457286432160803           0.3621931420095474
-17.34170854271357            0.36219340103834574
-17.22613065326633            0.3621935788898759
-17.110552763819094           0.36219309577694925
-16.99497487437186            0.3621933339496759
-16.87939698492462            0.3621933611786368
-16.763819095477388           0.3621934635072449
-16.64824120603015            0.36219329333387384
-16.532663316582916           0.36219305600512364
-16.417085427135678           0.36219317508983384
-16.301507537688444           0.36219294479883524
-16.185929648241206           0.36219315364050275
-16.07035175879397            0.3621932610201651
-15.954773869346734           0.36219245964620345
-15.839195979899497           0.3621930458690115
-15.72361809045226            0.3621930690981591
-15.608040201005025           0.36219316583434374
-15.492462311557789           0.36219298714886344
-15.376884422110553           0.3621927221721716
-15.261306532663315           0.3621930848832987
-15.145728643216081           0.36219296354171626
-15.030150753768844           0.36219355536904474
-14.914572864321608           0.3621927886680546
-14.798994974874372           0.36219232025703985
-14.683417085427136           0.3621929455928223
-14.5678391959799             0.3621929173845425
-14.452261306532662           0.3621928807453723
-14.336683417085428           0.3621928234116799
-14.22110552763819            0.36219284336241936
-14.105527638190955           0.36219280165543727
-13.989949748743719           0.3621921176145212
-13.874371859296481           0.3621926758665598
-13.758793969849247           0.3621934130998691
-13.64321608040201            0.362192761369448
-13.527638190954773           0.3621924273915457
-13.412060301507537           0.3621927529558864
-13.296482412060302           0.3621929051561267
-13.180904522613066           0.3621927708041075
-13.065326633165828           0.36219229613164006
-12.949748743718594           0.3621927837297923
-12.834170854271356           0.36219232540404356
-12.71859296482412            0.36219288864146637
-12.603015075376884           0.36219220800441226
-12.487437185929648           0.36219273023681636
-12.371859296482413           0.3621926604919399
-12.256281407035175           0.36219274865201656
-12.14070351758794            0.36219258915902164
-12.025125628140703           0.3621927071855925
-11.909547738693467           0.3621924587393325
-11.793969849246231           0.36219233757404445
-11.678391959798995           0.36219255065592015
-11.56281407035176            0.3621925215685953
-11.447236180904522           0.3621927320118053
-11.331658291457286           0.36219257747494205
-11.21608040201005            0.3621925124823491
-11.100502512562814           0.36219289528648274
-10.984924623115578           0.3621925576123805
-10.869346733668342           0.362192435766175
-10.753768844221106           0.3621919830195319
-10.638190954773869           0.36219249355080557
-10.522613065326633           0.3621923952814396
-10.407035175879397           0.3621924892812971
-10.291457286432161           0.36219281836847433
-10.175879396984925           0.3621924138038817
-10.06030150753769            0.3621923026081682
-9.944723618090451            0.3621923815673019
-9.829145728643216            0.3621923079673829
-9.71356783919598             0.3621925933802593
-9.597989949748744            0.36219234587413623
-9.482412060301508            0.36219234319950677
-9.366834170854272            0.36219237098406226
-9.251256281407034            0.36219233357508773
-9.135678391959798            0.3621923194711501
-9.020100502512562            0.36219241953312137
-8.904522613065327            0.3621921228907925
-8.78894472361809             0.36219199703774013
-8.673366834170855            0.3621930344041107
-8.557788944723619            0.36219226412033123
-8.442211055276381            0.3621929842554573
-8.326633165829145            0.362192010840695
-8.21105527638191             0.36219222183170563
-8.095477386934673            0.3621922247215363
-7.9798994974874375           0.36219222333494233
-7.864321608040202            0.3621921932947355
-7.748743718592964            0.36219215762913864
-7.633165829145728            0.3621922075734128
-7.517587939698492            0.36219206089125283
-7.402010050251256            0.36219231673542246
-7.28643216080402             0.36219219798838764
-7.170854271356784            0.3621921494402913
-7.055276381909547            0.3621919315971471
-6.939698492462311            0.36219211996438727
-6.824120603015075            0.36219214178022036
-6.708542713567839            0.362192089864408
-6.592964824120603            0.3621920909098736
-6.477386934673367            0.3621920126278188
-6.361809045226131            0.3621920779116661
-6.246231155778894            0.36219200270808893
-6.130653266331658            0.3621920884093128
-6.015075376884422            0.36219209204531083
-5.899497487437186            0.3621921330852086
-5.78391959798995             0.3621920548122022
-5.668341708542714            0.36219205637437385
-5.5527638190954764           0.3621919595266437
-5.4371859296482405           0.3621918561431063
-5.321608040201005            0.36219197378583856
-5.206030150753769            0.3621919809131022
-5.090452261306533            0.3621920042036579
-4.974874371859297            0.3621920624010311
-4.859296482412061            0.3621921764401002
-4.743718592964823            0.36219200113438044
-4.628140703517587            0.3621920595210884
-4.5125628140703515           0.36219194421864936
-4.396984924623116            0.36219196106965906
-4.28140703517588             0.3621919733498767
-4.165829145728644            0.3621919530427147
-4.050251256281406            0.36219193306736
-3.934673366834172            0.36219195885103905
-3.8190954773869343           0.3621919636033447
-3.7035175879396967           0.3621919251033359
-3.5879396984924625           0.36219192451043414
-3.472361809045225            0.36219191372623605
-3.3567839195979907           0.3621919278733477
-3.241206030150753            0.36219189076716296
-3.125628140703519            0.362191889087664
-3.0100502512562812           0.36219189349152775
-2.8944723618090435           0.3621918757756402
-2.7788944723618094           0.36219179660450485
-2.6633165829145717           0.36219184067711757
-2.5477386934673376           0.3621918600849266
-2.4321608040201              0.3621918460199985
-2.316582914572866            0.3621918249404692
-2.201005025125628            0.3621917913346034
-2.0854271356783904           0.3621917020258642
-1.9698492462311563           0.3621915001891978
-1.8542713567839186           0.3621911039167485
-1.7386934673366845           0.36219039253945523
-1.6231155778894468           0.362188849526838
-1.5075376884422127           0.36218581045610515
-1.391959798994975            0.3621794700775856
-1.2763819095477373           0.36216648629462445
-1.1608040201005032           0.3621399755481532
-1.0452261306532655           0.36208594865624233
-0.9296482412060314           0.36197637080551337
-0.8140703517587937           0.36175530780358195
-0.698492462311556            0.361312360582507
-0.5829145728643219           0.36043411972568873
-0.46733668341708423          0.3587147338816872
-0.3517587939698501           0.35540376163200343
-0.23618090452261245          0.3491582507641084
-0.12060301507537828          0.3376687023487436
-0.005025125628140596         0.31714178577540403
0.11055276381909708           0.28165205336346283
0.22613065326633117           0.22240436454771245
0.34170854271356893           0.12695199773662508
0.457286432160803             -0.021630793140597918
0.5728643216080407            -0.2456999308482941
0.6884422110552748            -0.5742634408243944
0.8040201005025125            -1.0446495737614514
0.9195979899497502            -1.7047909660729936
1.0351758793969843            -2.6163001301491247
1.150753768844222             -3.8585827088354008
1.266331658291456             -5.534421000782753
1.3819095477386938            -7.777566316046011
1.4974874371859315            -10.76263915664833
1.6130653266331656            -14.717601188998964
1.7286432160804033            -19.93973786617816
1.8442211055276374            -26.816639756965213
1.959798994974875             -35.85376473336722
2.075376884422109             -47.71045246537239
2.190954773869347             -63.24690595888289
2.3065326633165846            -83.58548017233593
2.4221105527638187            -110.19064509427625
2.5376884422110564            -144.9733208965395
2.6532663316582905            -190.42701847109564
2.768844221105528             -251.55433338108523
