-20.0                         0.23126576017989223
-19.884422110552762           0.23126638759198676
-19.768844221105528           0.23126569929732463
-19.65326633165829            0.23126492200253213
-19.537688442211056           0.23126566264096646
-19.42211055276382            0.2312657237942772
-19.306532663316585           0.2312657978477176
-19.190954773869347           0.23126532145070397
-19.07537688442211            0.2312657099300302
-18.959798994974875           0.23126557267745446
-18.844221105527637           0.23126624995268474
-18.728643216080403           0.2312656144293824
-18.613065326633166           0.2312654797248503
-18.49748743718593            0.23126552312015752
-18.381909547738694           0.231266645250363
-18.266331658291456           0.23126539041037367
-18.150753768844222           0.23126547567607916
-18.035175879396984           0.23126502871609816
-17.91959798994975            0.23126540373156132
-17.804020100502512           0.23126552952428492
-17.688442211055275           0.23126562273939202
-17.57286432160804            0.23126535474664237
-17.457286432160803           0.23126516821274354
-17.34170854271357            0.23126539703549115
-17.22613065326633            0.23126556898876716
-17.110552763819094           0.23126513113543862
-16.99497487437186            0.23126529640979016
-16.87939698492462            0.2312654089078628
-16.763819095477388           0.2312653933238836
-16.64824120603015            0.2312653176295394
-16.532663316582916           0.2312650962973406
-16.417085427135678           0.2312652042690005
-16.301507537688444           0.23126507714762734
-16.185929648241206           0.23126515927324254
-16.07035175879397            0.23126523298706814
-15.954773869346734           0.23126460831907775
-15.839195979899497           0.23126506254158732
-15.72361809045226            0.23126507380419625
-15.608040201005025           0.2312650410488874
-15.492462311557789           0.23126499287030236
-15.376884422110553           0.23126474919248735
-15.261306532663315           0.23126507535487068
-15.145728643216081           0.2312649648614175
-15.030150753768844           0.23126540515489197
-14.914572864321608           0.23126481475314614
-14.798994974874372           0.23126445791201258
-14.683417085427136           0.2312649368877177
-14.5678391959799             0.23126493541784846
-14.452261306532662           0.23126490070890557
-14.336683417085428           0.23126483573162332
-14.22110552763819            0.23126477177404187
-14.105527638190955           0.23126482894925554
-13.989949748743719           0.23126421810501732
-13.874371859296481           0.2312647066547445
-13.758793969849247           0.23126540389280226
-13.64321608040201            0.231264785807834
-13.527638190954773           0.2312645668205142
-13.412060301507537           0.23126476692245249
-13.296482412060302           0.23126496458401247
-13.180904522613066           0.23126475580180747
-13.065326633165828           0.23126433287642773
-12.949748743718594           0.23126479032487426
-12.834170854271356           0.23126436520346802
-12.71859296482412            0.23126486980116576
-12.603015075376884           0.23126426806610817
-12.487437185929648           0.23126471856978706
-12.371859296482413           0.23126468423385274
-12.256281407035175           0.23126472729151215
-12.14070351758794            0.2312645952242966
-12.025125628140703           0.23126476463157664
-11.909547738693467           0.2312644812604776
-11.793969849246231           0.23126439394258577
-11.678391959798995           0.23126455662783754
-11.56281407035176            0.23126453232499364
-11.447236180904522           0.2312646928477049
-11.331658291457286           0.2312645765850294
-11.21608040201005            0.23126452137643128
-11.100502512562814           0.23126489569811817
-10.984924623115578           0.23126455288321848
-10.869346733668342           0.23126444561354753
-10.753768844221106           0.23126406274803868
-10.638190954773869           0.2312644838932416
-10.522613065326633           0.23126441933443992
-10.407035175879397           0.2312644682821091
-10.291457286432161           0.23126469660528617
-10.175879396984925           0.23126441868522563
-10.06030150753769            0.2312643211349395
-9.944723618090451            0.23126438505078184
-9.829145728643216            0.23126437805944683
-9.71356783919598             0.23126450655542066
-9.597989949748744            0.23126434652955416
-9.482412060301508            0.23126435067044723
-9.366834170854272            0.231264354327966
-9.251256281407034            0.23126433301313717
-9.135678391959798            0.2312643278249157
-9.020100502512562            0.2312643854743108
-8.904522613065327            0.23126419441079452
-8.78894472361809             0.23126405600967337
-8.673366834170855            0.2312649258911175
-8.557788944723619            0.23126425522699956
-8.442211055276381            0.2312648800114263
-8.326633165829145            0.23126406401750862
-8.21105527638191             0.23126426832851676
-8.095477386934673            0.2312642072802682
-7.9798994974874375           0.23126421923078366
-7.864321608040202            0.23126419612001337
-7.748743718592964            0.2312641692496671
-7.633165829145728            0.2312641995768552
-7.517587939698492            0.23126410017537455
-7.402010050251256            0.23126425850979543
-7.28643216080402             0.23126419368992465
-7.170854271356784            0.23126415431081676
-7.055276381909547            0.2312639670901333
-6.939698492462311            0.23126412259260548
-6.824120603015075            0.2312641393556488
-6.708542713567839            0.2312641191808808
-6.592964824120603            0.23126408784519834
-6.477386934673367            0.2312640043653524
-6.361809045226131            0.23126407684959796
-6.246231155778894            0.23126400841800995
-6.130653266331658            0.23126408637645557
-6.015075376884422            0.2312640864640985
-5.899497487437186            0.23126411447017972
-5.78391959798995             0.23126405927856244
-5.668341708542714            0.2312640576274317
-5.5527638190954764           0.23126398623864394
-5.4371859296482405           0.2312638869343258
-5.321608040201005            0.23126399954504828
-5.206030150753769            0.23126399172489542
-5.090452261306533            0.23126399553261848
-4.974874371859297            0.2312640691431336
-4.859296482412061            0.23126415730311348
-4.743718592964823            0.23126399944745807
-4.628140703517587            0.23126404825736724
-4.5125628140703515           0.23126395349246426
-4.396984924623116            0.2312639628365025
-4.28140703517588             0.23126397098362694
-4.165829145728644            0.23126395415637532
-4.050251256281406            0.23126395265899433
-3.934673366834172            0.23126395418840667
-3.8190954773869343           0.23126395567094646
-3.7035175879396967           0.23126392491643874
-3.5879396984924625           0.23126392147859262
-3.472361809045225            0.23126391078381736
-3.3567839195979907           0.23126392015539662
-3.241206030150753            0.23126389215356638
-3.125628140703519            0.23126388436614917
-3.0100502512562812           0.23126388228527317
-2.8944723618090435           0.23126384540629819
-2.7788944723618094           0.2312637676743918
-2.6633165829145717           0.2312637638661085
-2.5477386934673376           0.23126372284419233
-2.4321608040201              0.23126359351551862
-2.316582914572866            0.23126335977505505
-2.201005025125628            0.2312629347095099
-2.0854271356783904           0.2312621363135806
-1.9698492462311563           0.23126064007289285
-1.8542713567839186           0.23125788186504698
-1.7386934673366845           0.23125285542810267
-1.6231155778894468           0.23124348569938646
-1.5075376884422127           0.2312262790294016
-1.391959798994975            0.2311944332439276
-1.2763819095477373           0.23113571498234559
-1.1608040201005032           0.23102771760650667
-1.0452261306532655           0.230829592910489
-0.9296482412060314           0.2304675878307205
-0.8140703517587937           0.22980951823935453
-0.698492462311556            0.22862119508050205
-0.5829145728643219           0.2264947941409487
-0.46733668341708423          0.22273248616692995
-0.3517587939698501           0.21616936288557248
-0.23618090452261245          0.2049154256620161
-0.12060301507537828          0.18600356564555168
-0.005025125628140596         0.15494050155493472
0.11055276381909708           0.10517013737494141
0.22613065326633117           0.02746118511693581
0.34170854271356893           -0.09078399481964362
0.457286432160803             -0.2663389394489883
0.5728643216080407            -0.5211617451810607
0.6884422110552748            -0.8837177200902089
0.8040201005025125            -1.3907491674349888
0.9195979899497502            -2.0896347976231207
1.0351758793969843            -3.0415091739399824
1.150753768844222             -4.32539824413588
1.266331658291456             -6.04380698120206
1.3819095477386938            -8.330286130800536
1.4974874371859315            -11.359290080522374
1.6130653266331656            -15.358632113716993
1.7286432160804033            -20.62547647861854
1.8442211055276374            -27.547324568037425
1.959798994974875             -36.62957098073598
2.075376884422109             -48.53151016318327
2.190954773869347             -64.11331231104606
2.3065326633165846            -84.49730827878555
2.4221105527638187            -111.14795017407967
2.5376884422110564            -145.97614480401717
2.6532663316582905            -191.4753930123381
2.768844221105528             -252.6480268484219
