-20.0                         0.09192610276198486
-19.884422110552762           0.09192655607649017
-19.768844221105528           0.09192605544050124
-19.65326633165829            0.09192546356648351
-19.537688442211056           0.09192603134791934
-19.42211055276382            0.09192611293215633
-19.306532663316585           0.09192607410388239
-19.190954773869347           0.09192599662833154
-19.07537688442211            0.09192600530032424
-18.959798994974875           0.09192594883267242
-18.844221105527637           0.09192622385144383
-18.728643216080403           0.09192594317164064
-18.613065326633166           0.09192581169505484
-18.49748743718593            0.0919258755208835
-18.381909547738694           0.09192646601688853
-18.266331658291456           0.09192577802204913
-18.150753768844222           0.09192584599765197
-18.035175879396984           0.09192539018780455
-17.91959798994975            0.09192575869209903
-17.804020100502512           0.09192579070759584
-17.688442211055275           0.0919258512901895
-17.57286432160804            0.09192577105964835
-17.457286432160803           0.09192556859862408
-17.34170854271357            0.0919257140057882
-17.22613065326633            0.09192582261875276
-17.110552763819094           0.09192555274074667
-16.99497487437186            0.09192562127914185
-16.87939698492462            0.09192574115794569
-16.763819095477388           0.09192564885597017
-16.64824120603015            0.09192565129744208
-16.532663316582916           0.09192552955348526
-16.417085427135678           0.09192559255900408
-16.301507537688444           0.09192556912799917
-16.185929648241206           0.09192550779965267
-16.07035175879397            0.09192554901756156
-15.954773869346734           0.09192520057975755
-15.839195979899497           0.09192543956643313
-15.72361809045226            0.09192543629300594
-15.608040201005025           0.09192530229375469
-15.492462311557789           0.09192535720978307
-15.376884422110553           0.09192521781667767
-15.261306532663315           0.09192540444138607
-15.145728643216081           0.09192532798711803
-15.030150753768844           0.09192550775916629
-14.914572864321608           0.09192521331505521
-14.798994974874372           0.09192505694485877
-14.683417085427136           0.09192528134014114
-14.5678391959799             0.09192530659875099
-14.452261306532662           0.09192527633189435
-14.336683417085428           0.09192520767840393
-14.22110552763819            0.09192510125057247
-14.105527638190955           0.0919252185306466
-13.989949748743719           0.09192475197488688
-13.874371859296481           0.09192510951998639
-13.758793969849247           0.09192566067747089
-13.64321608040201            0.09192516524047877
-13.527638190954773           0.09192511553418564
-13.412060301507537           0.09192513673779305
-13.296482412060302           0.09192532415808319
-13.180904522613066           0.09192509963187329
-13.065326633165828           0.0919247960508173
-12.949748743718594           0.09192513158969635
-12.834170854271356           0.09192479632038515
-12.71859296482412            0.09192517230204023
-12.603015075376884           0.09192475983111423
-12.487437185929648           0.0919250464816854
-12.371859296482413           0.09192503918842686
-12.256281407035175           0.09192504885624514
-12.14070351758794            0.09192495655496559
-12.025125628140703           0.09192513504953849
-11.909547738693467           0.0919248716962276
-11.793969849246231           0.09192485556659608
-11.678391959798995           0.0919249199153484
-11.56281407035176            0.09192490205960614
-11.447236180904522           0.09192498323327306
-11.331658291457286           0.09192491762294926
-11.21608040201005            0.09192488242758438
-11.100502512562814           0.09192519313749552
-10.984924623115578           0.0919248872016513
-10.869346733668342           0.0919248130187113
-10.753768844221106           0.09192455215864948
-10.638190954773869           0.09192482567098781
-10.522613065326633           0.09192480412061721
-10.407035175879397           0.09192479755724833
-10.291457286432161           0.0919248759743351
-10.175879396984925           0.09192477264818216
-10.06030150753769            0.09192470342876655
-9.944723618090451            0.09192474190265984
-9.829145728643216            0.09192480139017593
-9.71356783919598             0.09192474542227226
-9.597989949748744            0.09192470289945448
-9.482412060301508            0.09192471113763923
-9.366834170854272            0.09192468753398667
-9.251256281407034            0.09192468245069567
-9.135678391959798            0.09192468116431035
-9.020100502512562            0.09192468297893654
-8.904522613065327            0.09192464246007115
-8.78894472361809             0.09192450412571056
-8.673366834170855            0.09192508688755693
-8.557788944723619            0.09192459601453232
-8.442211055276381            0.09192504846041342
-8.326633165829145            0.09192450072899026
-8.21105527638191             0.09192465787637315
-8.095477386934673            0.09192455488239284
-7.9798994974874375           0.09192456684817625
-7.864321608040202            0.09192455292748036
-7.748743718592964            0.09192453790140391
-7.633165829145728            0.09192454104411625
-7.517587939698492            0.09192450917478627
-7.402010050251256            0.09192453423740235
-7.28643216080402             0.09192453442019628
-7.170854271356784            0.09192450998250154
-7.055276381909547            0.09192438913681038
-6.939698492462311            0.09192447906910432
-6.824120603015075            0.09192448415030835
-6.708542713567839            0.09192450780334278
-6.592964824120603            0.0919244389282678
-6.477386934673367            0.09192436280365084
-6.361809045226131            0.09192443238659649
-6.246231155778894            0.09192437272828927
-6.130653266331658            0.09192443125406684
-6.015075376884422            0.09192442712386925
-5.899497487437186            0.09192443241754109
-5.78391959798995             0.09192441123824657
-5.668341708542714            0.09192440807205793
-5.5527638190954764           0.09192437460898585
-5.4371859296482405           0.09192428947326765
-5.321608040201005            0.0919243783866373
-5.206030150753769            0.0919243576007205
-5.090452261306533            0.09192434428389351
-4.974874371859297            0.0919244065931924
-4.859296482412061            0.09192445682255265
-4.743718592964823            0.09192434055866901
-4.628140703517587            0.09192437228004421
-4.5125628140703515           0.09192430722521117
-4.396984924623116            0.09192429842667857
-4.28140703517588             0.09192429171019748
-4.165829145728644            0.09192426693431299
-4.050251256281406            0.0919242625443446
-3.934673366834172            0.0919242069828177
-3.8190954773869343           0.09192415451486417
-3.7035175879396967           0.09192406044799563
-3.5879396984924625           0.09192393810104049
-3.472361809045225            0.09192374793964103
-3.3567839195979907           0.09192347331393148
-3.241206030150753            0.09192303142935129
-3.125628140703519            0.09192235721927125
-3.0100502512562812           0.09192133452212985
-2.8944723618090435           0.09191972409390309
-2.7788944723618094           0.09191725714718958
-2.6633165829145717           0.09191351709360443
-2.5477386934673376           0.09190774879746752
-2.4321608040201              0.09189881229052074
-2.316582914572866            0.09188503498969948
-2.201005025125628            0.09186379590284663
-2.0854271356783904           0.09183104824033203
-1.9698492462311563           0.09178055542797195
-1.8542713567839186           0.09170274593991441
-1.7386934673366845           0.09158290974342692
-1.6231155778894468           0.09139831702966564
-1.5075376884422127           0.09111430440613816
-1.391959798994975            0.09067752357513813
-1.2763819095477373           0.0900065957871456
-1.1608040201005032           0.08897756347258391
-1.0452261306532655           0.08740233151502605
-0.9296482412060314           0.08499715183129995
-0.8140703517587937           0.08133671883117966
-0.698492462311556            0.0757887677097332
-0.5829145728643219           0.0674232275811734
-0.46733668341708423          0.05488722941489977
-0.3517587939698501           0.03623959802572435
-0.23618090452261245          0.008735492779108405
-0.12060301507537828          -0.03144686167846141
-0.005025125628140596         -0.08954746574667569
0.11055276381909708           -0.17264721074455155
0.22613065326633117           -0.2901935598828968
0.34170854271356893           -0.454661378502922
0.457286432160803             -0.682397700008583
0.5728643216080407            -0.994715370646143
0.6884422110552748            -1.4193199010106674
0.8040201005025125            -1.992173532352543
0.9195979899497502            -2.7599237258254155
1.0351758793969843            -3.783067112081993
1.150753768844222             -5.140114206507128
1.266331658291456             -6.9331859212981515
1.3819095477386938            -9.295545451984157
1.4974874371859315            -12.401397794173558
1.6130653266331656            -16.478326010812157
1.7286432160804033            -21.82330220792295
1.8442211055276374            -28.82368373031706
1.959798994974875             -37.984761220083136
2.075376884422109             -49.96575378183147
2.190954773869347             -65.62677635310075
2.3065326633165846            -86.09011885057932
2.4221105527638187            -112.82020281567046
2.5376884422110564            -147.72791209456835
2.6532663316582905            -193.30673020123672
2.768844221105528             -254.55852936098472
