-20.0                         0.5221593604545637
-19.884422110552762           0.5221601774666805
-19.768844221105528           0.5221592695774537
-19.65326633165829            0.5221583179768309
-19.537688442211056           0.5221592297209747
-19.42211055276382            0.5221591967082079
-19.306532663316585           0.5221594388041834
-19.190954773869347           0.5221583921250945
-19.07537688442211            0.5221593702173003
-18.959798994974875           0.5221591204849662
-18.844221105527637           0.5221602228012728
-18.728643216080403           0.5221591437609222
-18.613065326633166           0.5221591326464264
-18.49748743718593            0.5221590881799919
-18.381909547738694           0.5221608415291351
-18.266331658291456           0.5221589261307865
-18.150753768844222           0.5221590120955119
-18.035175879396984           0.522158773793007
-17.91959798994975            0.522158973146665
-17.804020100502512           0.5221592532015256
-17.688442211055275           0.5221592514403995
-17.57286432160804            0.5221587687085442
-17.457286432160803           0.522158698610565
-17.34170854271357            0.5221589614520272
-17.22613065326633            0.5221591190337095
-17.110552763819094           0.5221586475318145
-16.99497487437186            0.522158966883445
-16.87939698492462            0.5221588448667132
-16.763819095477388           0.5221591235649792
-16.64824120603015            0.5221588180611431
-16.532663316582916           0.5221586219238188
-16.417085427135678           0.5221587235342557
-16.301507537688444           0.5221583721983463
-16.185929648241206           0.5221587198149322
-16.07035175879397            0.5221588740275062
-15.954773869346734           0.5221578875312551
-15.839195979899497           0.5221586093472503
-15.72361809045226            0.522158650781478
-15.608040201005025           0.5221589201208877
-15.492462311557789           0.5221585640926251
-15.376884422110553           0.522158320181383
-15.261306532663315           0.5221586694093499
-15.145728643216081           0.5221585484888461
-15.030150753768844           0.5221592701971769
-14.914572864321608           0.5221583448299126
-14.798994974874372           0.5221577761038769
-14.683417085427136           0.5221585384607252
-14.5678391959799             0.5221584837730308
-14.452261306532662           0.5221584452657725
-14.336683417085428           0.5221583921703458
-14.22110552763819            0.5221585395108791
-14.105527638190955           0.5221583563709385
-13.989949748743719           0.5221576014908162
-13.874371859296481           0.5221582260846201
-13.758793969849247           0.52215897591848
-13.64321608040201            0.5221583153300047
-13.527638190954773           0.522157862567136
-13.412060301507537           0.5221583210778334
-13.296482412060302           0.5221583913090617
-13.180904522613066           0.5221583765052519
-13.065326633165828           0.5221578626172338
-12.949748743718594           0.5221583494487397
-12.834170854271356           0.5221578708731479
-12.71859296482412            0.5221584819196496
-12.603015075376884           0.5221577472907175
-12.487437185929648           0.5221583189808807
-12.371859296482413           0.5221582002077417
-12.256281407035175           0.5221583528019837
-12.14070351758794            0.5221581647300804
-12.025125628140703           0.5221582017014075
-11.909547738693467           0.5221580178165848
-11.793969849246231           0.5221578804943615
-11.678391959798995           0.5221581289121289
-11.56281407035176            0.5221580927022657
-11.447236180904522           0.522158355419224
-11.331658291457286           0.5221581558220403
-11.21608040201005            0.5221580833398167
-11.100502512562814           0.5221584574824414
-10.984924623115578           0.5221581394155367
-10.869346733668342           0.5221580075106945
-10.753768844221106           0.5221574848834469
-10.638190954773869           0.5221580898030074
-10.522613065326633           0.522157951423742
-10.407035175879397           0.5221580943005796
-10.291457286432161           0.522158532834185
-10.175879396984925           0.5221579873377822
-10.06030150753769            0.5221578652859884
-9.944723618090451            0.5221579608346891
-9.829145728643216            0.5221578050440634
-9.71356783919598             0.5221582681485948
-9.597989949748744            0.5221579299090577
-9.482412060301508            0.5221579178934227
-9.366834170854272            0.5221579721261908
-9.251256281407034            0.522157915497026
-9.135678391959798            0.5221578872984236
-9.020100502512562            0.5221580288820219
-8.904522613065327            0.522157627589944
-8.78894472361809             0.5221575179831779
-8.673366834170855            0.5221587243752107
-8.557788944723619            0.5221578563662287
-8.442211055276381            0.5221586699499376
-8.326633165829145            0.5221575371773357
-8.21105527638191             0.5221577432883278
-8.095477386934673            0.522157836325874
-7.9798994974874375           0.5221578100047775
-7.864321608040202            0.5221577729779844
-7.748743718592964            0.5221577267068275
-7.633165829145728            0.5221577990022787
-7.517587939698492            0.5221576052576932
-7.402010050251256            0.5221579607429306
-7.28643216080402             0.5221577823095146
-7.170854271356784            0.5221577252266275
-7.055276381909547            0.5221574833075768
-6.939698492462311            0.5221577001074643
-6.824120603015075            0.5221577245358284
-6.708542713567839            0.5221576382080111
-6.592964824120603            0.5221576776765968
-6.477386934673367            0.5221576113652671
-6.361809045226131            0.5221576639953355
-6.246231155778894            0.5221575796551743
-6.130653266331658            0.5221576697249347
-6.015075376884422            0.5221576760873575
-5.899497487437186            0.5221577278268055
-5.78391959798995             0.5221576291096854
-5.668341708542714            0.5221576359946668
-5.5527638190954764           0.52215751473664
-5.4371859296482405           0.5221574063501908
-5.321608040201005            0.5221575259166445
-5.206030150753769            0.5221575532917934
-5.090452261306533            0.522157601361466
-4.974874371859297            0.5221576272359368
-4.859296482412061            0.5221577700716513
-4.743718592964823            0.5221575820775153
-4.628140703517587            0.5221576520674405
-4.5125628140703515           0.5221575176637518
-4.396984924623116            0.5221575391643922
-4.28140703517588             0.5221575557235991
-4.165829145728644            0.5221575327335574
-4.050251256281406            0.5221574898159145
-3.934673366834172            0.5221575447279907
-3.8190954773869343           0.5221575530382226
-3.7035175879396967           0.5221575065559432
-3.5879396984924625           0.5221575099283584
-3.472361809045225            0.5221574983201829
-3.3567839195979907           0.5221575161537282
-3.241206030150753            0.5221574695236176
-3.125628140703519            0.5221574688328376
-3.0100502512562812           0.5221574738776259
-2.8944723618090435           0.522157470265753
-2.7788944723618094           0.5221573687044139
-2.6633165829145717           0.5221574315579292
-2.5477386934673376           0.5221574502362252
-2.4321608040201              0.5221574449368545
-2.316582914572866            0.5221574433324241
-2.201005025125628            0.522157450266263
-2.0854271356783904           0.5221574345039606
-1.9698492462311563           0.5221573822349773
-1.8542713567839186           0.5221572913862307
-1.7386934673366845           0.5221572143550834
-1.6231155778894468           0.5221569485399488
-1.5075376884422127           0.522156490169253
-1.391959798994975            0.5221553010103979
-1.2763819095477373           0.5221526148319526
-1.1608040201005032           0.5221465260163175
-1.0452261306532655           0.522132721106799
-0.9296482412060314           0.5221016493265082
-0.8140703517587937           0.5220320796459963
-0.698492462311556            0.5218771294483566
-0.5829145728643219           0.5215363680540568
-0.46733668341708423          0.5207966735065742
-0.3517587939698501           0.5192196066059654
-0.23618090452261245          0.5159336558077537
-0.12060301507537828          0.5092807361493341
-0.005025125628140596         0.4962690576778046
0.11055276381909708           0.47181947665631274
0.22613065326633117           0.42785718348033497
0.34170854271356893           0.3523548112504397
0.457286432160803             0.22840936877942433
0.5728643216080407            0.03331898324643645
0.6884422110552748            -0.26251543007040307
0.8040201005025125            -0.6971089091745403
0.9195979899497502            -1.319058649125927
1.0351758793969843            -2.190550980316093
1.150753768844222             -3.391443695280467
1.266331658291456             -5.024845314229449
1.3819095477386938            -7.224737790376694
1.4974874371859315            -10.165926751949797
1.6130653266331656            -14.076535471668056
1.7286432160804033            -19.253979423482104
1.8442211055276374            -26.085943563064227
1.959798994974875             -35.07795191596867
2.075376884422109             -46.8893909595982
2.190954773869347             -62.38049739267621
2.3065326633165846            -82.67365077550926
2.4221105527638187            -109.23333926106018
2.5376884422110564            -143.9704965485661
2.6532663316582905            -189.37864367204756
2.768844221105528             -250.46063991374854
