-20.0                         0.364047619872477
-19.884422110552762           0.364048342216455
-19.768844221105528           0.36404754595412797
-19.65326633165829            0.3640466732687586
-19.537688442211056           0.3640475020968447
-19.42211055276382            0.36404752489806486
-19.306532663316585           0.3640476873107549
-19.190954773869347           0.3640469224283409
-19.07537688442211            0.3640475982670989
-18.959798994974875           0.3640474042469809
-18.844221105527637           0.364048315028821
-18.728643216080403           0.36404745261743454
-18.613065326633166           0.36404735858918547
-18.49748743718593            0.364047368262771
-18.381909547738694           0.36404881210923357
-18.266331658291456           0.36404721691704073
-18.150753768844222           0.3640473043684731
-18.035175879396984           0.36404693765579255
-17.91959798994975            0.3640472499466288
-17.804020100502512           0.3640474481982094
-17.688442211055275           0.36404751652438566
-17.57286432160804            0.36404712724584315
-17.457286432160803           0.3640469907855314
-17.34170854271357            0.36404725004716765
-17.22613065326633            0.3640474278046625
-17.110552763819094           0.3640469444623773
-16.99497487437186            0.3640471836250564
-16.87939698492462            0.364047209352856
-16.763819095477388           0.3640473135536755
-16.64824120603015            0.3640471419209543
-16.532663316582916           0.3640469047202869
-16.417085427135678           0.36404702379234344
-16.301507537688444           0.36404679205029455
-16.185929648241206           0.36404700261122924
-16.07035175879397            0.3640471105034225
-15.954773869346734           0.36404630682830325
-15.839195979899497           0.36404689474864904
-15.72361809045226            0.3640469181614608
-15.608040201005025           0.3640470168384645
-15.492462311557789           0.36404683618324335
-15.376884422110553           0.36404657119231215
-15.261306532663315           0.36404693406730726
-15.145728643216081           0.36404681265427635
-15.030150753768844           0.36404740629583726
-14.914572864321608           0.3640466374418114
-14.798994974874372           0.3640461676802762
-14.683417085427136           0.3640467948210622
-14.5678391959799             0.364046766258612
-14.452261306532662           0.3640467295956749
-14.336683417085428           0.36404667235213023
-14.22110552763819            0.3640466936516599
-14.105527638190955           0.3640466504051002
-13.989949748743719           0.3640459654602369
-13.874371859296481           0.36404652457233727
-13.758793969849247           0.3640472621268785
-13.64321608040201            0.3640466101334769
-13.527638190954773           0.3640462746639995
-13.412060301507537           0.36404660187667376
-13.296482412060302           0.36404675326073255
-13.180904522613066           0.364046620152125
-13.065326633165828           0.3640461449037161
-12.949748743718594           0.36404663268542353
-12.834170854271356           0.3640461740243472
-12.71859296482412            0.36404673793358994
-12.603015075376884           0.3640460564549502
-12.487437185929648           0.3640465794601722
-12.371859296482413           0.36404650917298276
-12.256281407035175           0.3640465980357857
-12.14070351758794            0.36404643818128424
-12.025125628140703           0.36404655535676084
-11.909547738693467           0.36404630755385936
-11.793969849246231           0.36404618605533434
-11.678391959798995           0.36404639969349306
-11.56281407035176            0.36404637053374395
-11.447236180904522           0.3640465816248653
-11.331658291457286           0.3640464265592807
-11.21608040201005            0.3640463614566778
-11.100502512562814           0.36404674425195316
-10.984924623115578           0.36404640674328215
-10.869346733668342           0.36404628474017964
-10.753768844221106           0.364045831109422
-10.638190954773869           0.36404634280211945
-10.522613065326633           0.36404624406466385
-10.407035175879397           0.3640463386719199
-10.291457286432161           0.3640466690906879
-10.175879396984925           0.36404626282223784
-10.06030150753769            0.3640461514706137
-9.944723618090451            0.36404623062704144
-9.829145728643216            0.3640461560756777
-9.71356783919598             0.3640464436378642
-9.597989949748744            0.36404619498308427
-9.482412060301508            0.3640461922046412
-9.366834170854272            0.36404622031662437
-9.251256281407034            0.3640461826798267
-9.135678391959798            0.3640461684285054
-9.020100502512562            0.36404626903841514
-8.904522613065327            0.3640459710412492
-8.78894472361809             0.3640458453790889
-8.673366834170855            0.36404688487627634
-8.557788944723619            0.3640461133443158
-8.442211055276381            0.3640468346735435
-8.326633165829145            0.364045859252656
-8.21105527638191             0.3640460702469352
-8.095477386934673            0.36404607412383405
-7.9798994974874375           0.3640460724947686
-7.864321608040202            0.36404604236372057
-7.748743718592964            0.36404600657557745
-7.633165829145728            0.364046056786103
-7.517587939698492            0.3640459094960205
-7.402010050251256            0.3640461666111758
-7.28643216080402             0.3640460471328837
-7.170854271356784            0.3640459984709697
-7.055276381909547            0.3640457802814407
-6.939698492462311            0.3640459690367724
-6.824120603015075            0.3640459909026928
-6.708542713567839            0.36404593856543715
-6.592964824120603            0.364045940061994
-6.477386934673367            0.36404586188951177
-6.361809045226131            0.36404592704587324
-6.246231155778894            0.3640458517425941
-6.130653266331658            0.3640459375214858
-6.015075376884422            0.3640459412007617
-5.899497487437186            0.36404598239379854
-5.78391959798995             0.36404590383637675
-5.668341708542714            0.3640459054527206
-5.5527638190954764           0.3640458082831378
-5.4371859296482405           0.3640457048488039
-5.321608040201005            0.3640458225290763
-5.206030150753769            0.3640458298804369
-5.090452261306533            0.3640458534572648
-4.974874371859297            0.3640459113495373
-4.859296482412061            0.364046025736511
-4.743718592964823            0.36404585024225644
-4.628140703517587            0.36404590876127013
-4.5125628140703515           0.36404579320336505
-4.396984924623116            0.364045810136407
-4.28140703517588             0.36404582247052036
-4.165829145728644            0.3640458021222883
-4.050251256281406            0.36404578188167785
-3.934673366834172            0.36404580800763486
-3.8190954773869343           0.36404581280262793
-3.7035175879396967           0.3640457742018408
-3.5879396984924625           0.3640457736505871
-3.472361809045225            0.3640457628584479
-3.3567839195979907           0.3640457770564193
-3.241206030150753            0.3640457398188397
-3.125628140703519            0.36404573817325736
-3.0100502512562812           0.36404574259653094
-2.8944723618090435           0.3640457250447917
-2.7788944723618094           0.36404564563829495
-2.6633165829145717           0.36404568998313636
-2.5477386934673376           0.3640457095010233
-2.4321608040201              0.36404569574670315
-2.316582914572866            0.36404567529730725
-2.201005025125628            0.36404564295103947
-2.0854271356783904           0.36404555601212707
-1.9698492462311563           0.3640453588208466
-1.8542713567839186           0.3640449716676671
-1.7386934673366845           0.3640442783080749
-1.6231155778894468           0.3640427703116739
-1.5075376884422127           0.3640397992380105
-1.391959798994975            0.3640335897721758
-1.2763819095477373           0.3640208573159379
-1.1608040201005032           0.3639948253774983
-1.0452261306532655           0.3639417032976385
-0.9296482412060314           0.36383381807492743
-0.8140703517587937           0.3636158819806409
-0.698492462311556            0.3631786202951129
-0.5829145728643219           0.36231051745781134
-0.46733668341708423          0.36060877364745636
-0.3517587939698501           0.3573275976638339
-0.23618090452261245          0.3511306286892102
-0.12060301507537828          0.3397168801557178
-0.005025125628140596         0.31930276906311633
0.11055276381909708           0.28397235713308194
0.22613065326633117           0.22493783062639688
0.34170854271356893           0.1297559446507121
0.457286432160803             -0.01850005179863927
0.5728643216080407            -0.2421909392459369
0.6884422110552748            -0.5703319980974104
0.8040201005025125            -1.0402595552056346
0.9195979899497502            -1.69991395045352
1.0351758793969843            -2.6109143370221046
1.150753768844222             -3.8526716090009954
1.266331658291456             -5.527971876098086
1.3819095477386938            -7.770569172875625
1.4974874371859315            -10.755086222314413
1.6130653266331656            -14.709486651814249
1.7286432160804033            -19.931057504046244
1.8442211055276374            -26.80739050943219
1.959798994974875             -35.84394435912101
2.075376884422109             -47.700059305598515
2.190954773869347             -63.23593877569894
2.3065326633165846            -83.57393803614525
2.4221105527638187            -110.17852730363134
2.5376884422110564            -144.96062692020573
2.6532663316582905            -190.41374790563094
2.768844221105528             -251.5404891599797
