-20.0                         1.3281081878386596
-19.884422110552762           1.3281095141289905
-19.768844221105528           1.3281080243025525
-19.65326633165829            1.3281069814742443
-19.537688442211056           1.3281082926758832
-19.42211055276382            1.3281078469749674
-19.306532663316585           1.32810808168588
-19.190954773869347           1.3281063380167941
-19.07537688442211            1.3281084204617792
-18.959798994974875           1.3281080230837163
-18.844221105527637           1.328109257285637
-18.728643216080403           1.3281076290640659
-18.613065326633166           1.3281083379144434
-18.49748743718593            1.328107834793882
-18.381909547738694           1.3281106243219076
-18.266331658291456           1.3281077710846514
-18.150753768844222           1.3281078365687309
-18.035175879396984           1.328108493244296
-17.91959798994975            1.328107743989092
-17.804020100502512           1.3281084073249807
-17.688442211055275           1.328107717628212
-17.57286432160804            1.328107496482166
-17.457286432160803           1.3281075551841777
-17.34170854271357            1.3281075424592232
-17.22613065326633            1.3281074384652976
-17.110552763819094           1.3281075349235785
-16.99497487437186            1.328108055754413
-16.87939698492462            1.3281070812343039
-16.763819095477388           1.3281083890733183
-16.64824120603015            1.3281073452019188
-16.532663316582916           1.3281078934986352
-16.417085427135678           1.3281075167049716
-16.301507537688444           1.3281067983392358
-16.185929648241206           1.3281075423008681
-16.07035175879397            1.32810788819523
-15.954773869346734           1.3281062208714451
-15.839195979899497           1.328107470751988
-15.72361809045226            1.3281077054868409
-15.608040201005025           1.3281087411897945
-15.492462311557789           1.3281074963698507
-15.376884422110553           1.3281077542089568
-15.261306532663315           1.3281075546521588
-15.145728643216081           1.3281075302097407
-15.030150753768844           1.3281083658899937
-14.914572864321608           1.3281071955757686
-14.798994974874372           1.3281063984896875
-14.683417085427136           1.3281075345202815
-14.5678391959799             1.3281074947809333
-14.452261306532662           1.3281074568786257
-14.336683417085428           1.3281072870280748
-14.22110552763819            1.3281081751833066
-14.105527638190955           1.3281072458820895
-13.989949748743719           1.3281061960668863
-13.874371859296481           1.3281070459348199
-13.758793969849247           1.3281076714020363
-13.64321608040201            1.3281071702615546
-13.527638190954773           1.3281062869941016
-13.412060301507537           1.3281072494568158
-13.296482412060302           1.328106765713891
-13.180904522613066           1.328107461587774
-13.065326633165828           1.3281069429573962
-12.949748743718594           1.3281071669079316
-12.834170854271356           1.3281067035014107
-12.71859296482412            1.3281074116223046
-12.603015075376884           1.3281066981832765
-12.487437185929648           1.3281072263550964
-12.371859296482413           1.3281069049284462
-12.256281407035175           1.328107320785572
-12.14070351758794            1.3281070954480736
-12.025125628140703           1.3281066519356268
-11.909547738693467           1.3281068748218474
-11.793969849246231           1.3281069317326464
-11.678391959798995           1.3281070962269035
-11.56281407035176            1.328106998017855
-11.447236180904522           1.3281074751977775
-11.331658291457286           1.3281070550502383
-11.21608040201005            1.3281069807365646
-11.100502512562814           1.3281072089052668
-10.984924623115578           1.3281070470604706
-10.869346733668342           1.32810692017354
-10.753768844221106           1.3281061277046786
-10.638190954773869           1.3281071272984344
-10.522613065326633           1.3281068011131056
-10.407035175879397           1.3281070524428547
-10.291457286432161           1.3281079976306522
-10.175879396984925           1.328106875401779
-10.06030150753769            1.3281067330591623
-9.944723618090451            1.32810693666275
-9.829145728643216            1.3281063778875009
-9.71356783919598             1.3281074839213385
-9.597989949748744            1.3281069129905916
-9.482412060301508            1.3281068576360935
-9.366834170854272            1.3281069848365394
-9.251256281407034            1.3281068648408403
-9.135678391959798            1.328106769824877
-9.020100502512562            1.3281069279626898
-8.904522613065327            1.3281062857885566
-8.78894472361809             1.3281062211900618
-8.673366834170855            1.3281080763269262
-8.557788944723619            1.3281068513555674
-8.442211055276381            1.3281080056044419
-8.326633165829145            1.3281062580091934
-8.21105527638191             1.3281063984015757
-8.095477386934673            1.328106954460442
-7.9798994974874375           1.3281067517238792
-7.864321608040202            1.3281067153640203
-7.748743718592964            1.3281066151461638
-7.633165829145728            1.328106787249331
-7.517587939698492            1.3281064932028361
-7.402010050251256            1.328107085214309
-7.28643216080402             1.328106717155558
-7.170854271356784            1.328106643924854
-7.055276381909547            1.328106371410006
-6.939698492462311            1.3281066531442447
-6.824120603015075            1.3281066592521007
-6.708542713567839            1.3281064313309932
-6.592964824120603            1.3281066565723563
-6.477386934673367            1.3281066926233445
-6.361809045226131            1.3281066545721472
-6.246231155778894            1.3281065115110515
-6.130653266331658            1.3281065835141481
-6.015075376884422            1.3281065670965422
-5.899497487437186            1.3281066246293984
-5.78391959798995             1.3281065286477158
-5.668341708542714            1.328106568094274
-5.5527638190954764           1.3281064066724366
-5.4371859296482405           1.3281062260876944
-5.321608040201005            1.3281063738017387
-5.206030150753769            1.3281065128777938
-5.090452261306533            1.328106641272038
-4.974874371859297            1.328106439192251
-4.859296482412061            1.3281067008530256
-4.743718592964823            1.3281064945705845
-4.628140703517587            1.3281066328786317
-4.5125628140703515           1.3281064711384813
-4.396984924623116            1.3281064572697703
-4.28140703517588             1.328106483238149
-4.165829145728644            1.3281064700820608
-4.050251256281406            1.3281063156258592
-3.934673366834172            1.3281064936291644
-3.8190954773869343           1.3281065200700992
-3.7035175879396967           1.3281064446195507
-3.5879396984924625           1.328106473379923
-3.472361809045225            1.3281064572824863
-3.3567839195979907           1.32810646798582
-3.241206030150753            1.3281064381249934
-3.125628140703519            1.328106400555787
-3.0100502512562812           1.3281064007155508
-2.8944723618090435           1.328106485287723
-2.7788944723618094           1.3281062671279473
-2.6633165829145717           1.3281064175800024
-2.5477386934673376           1.3281063926387577
-2.4321608040201              1.3281063832109947
-2.316582914572866            1.3281063928910133
-2.201005025125628            1.32810640351007
-2.0854271356783904           1.3281063891990668
-1.9698492462311563           1.3281063484022204
-1.8542713567839186           1.3281062817375762
-1.7386934673366845           1.3281063126313275
-1.6231155778894468           1.3281062562763322
-1.5075376884422127           1.3281063482078062
-1.391959798994975            1.3281063039028242
-1.2763819095477373           1.3281063280303296
-1.1608040201005032           1.3281063296013491
-1.0452261306532655           1.3281062718214829
-0.9296482412060314           1.3281060820881065
-0.8140703517587937           1.3281056672024432
-0.698492462311556            1.3281036767997152
-0.5829145728643219           1.3280976272932765
-0.46733668341708423          1.3280780906425431
-0.3517587939698501           1.3280162969216707
-0.23618090452261245          1.3278258507922753
-0.12060301507537828          1.3272585094552314
-0.005025125628140596         1.32564230773159
0.11055276381909708           1.3212915774226228
0.22613065326633117           1.3103658686190816
0.34170854271356893           1.2850645340951186
0.457286432160803             1.231428681947962
0.5728643216080407            1.127422560796806
0.6884422110552748            0.9417880962646944
0.8040201005025125            0.6333656383224282
0.9195979899497502            0.14999667741260342
1.0351758793969843            -0.5737284352760303
1.150753768844222             -1.620208507853432
1.266331658291456             -3.0943485419123418
1.3819095477386938            -5.131341998236359
1.4974874371859315            -7.90690056767729
1.6130653266331656            -11.649897196041183
1.7286432160804033            -16.65832957126149
1.8442211055276374            -23.32029206682492
1.959798994974875             -32.14158731319008
2.075376884422109             -43.78179417975123
2.190954773869347             -59.10128525387332
2.3065326633165846            -79.222537878451
2.4221105527638187            -105.61011159246443
2.5376884422110564            -140.17499279703205
2.6532663316582905            -185.41074177482645
2.768844221105528             -246.32121780319576
