-20.0                         0.36776916932793824
-19.884422110552762           0.36776989404347143
-19.768844221105528           0.3677690950260791
-19.65326633165829            0.36776822011873117
-19.537688442211056           0.36776905108728414
-19.42211055276382            0.36776907268651704
-19.306532663316585           0.367769237305835
-19.190954773869347           0.36776846507190164
-19.07537688442211            0.3677691484694569
-18.959798994974875           0.36776895300196727
-18.844221105527637           0.36776986924777555
-18.728643216080403           0.3677690011634793
-18.613065326633166           0.3677689086938284
-18.49748743718593            0.3677689172638836
-18.381909547738694           0.36777036913274486
-18.266331658291456           0.3677687655273812
-18.150753768844222           0.3677688529783005
-18.035175879396984           0.3677684889524275
-17.91959798994975            0.36776879900372095
-17.804020100502512           0.3677689992194615
-17.688442211055275           0.3677690663468427
-17.57286432160804            0.367768674245913
-17.457286432160803           0.36776853932993975
-17.34170854271357            0.36776879904432624
-17.22613065326633            0.36776897660099933
-17.110552763819094           0.36776849282778085
-16.99497487437186            0.3677687339744745
-16.87939698492462            0.36776875666871367
-16.763819095477388           0.36776886464236797
-16.64824120603015            0.36776869007102814
-16.532663316582916           0.3677684531545486
-16.417085427135678           0.3677685721873416
-16.301507537688444           0.36776833753461863
-16.185929648241206           0.36776855153971044
-16.07035175879397            0.36776866046347095
-15.954773869346734           0.36776785218198094
-15.839195979899497           0.36776844349909105
-15.72361809045226            0.3677684672822206
-15.608040201005025           0.3677685698617136
-15.492462311557789           0.3677683852443762
-15.376884422110553           0.36776812024561245
-15.261306532663315           0.3677684834239303
-15.145728643216081           0.36776836187353384
-15.030150753768844           0.3677689591328394
-14.914572864321608           0.3677681859814991
-14.798994974874372           0.3677677135244768
-14.683417085427136           0.36776834427063543
-14.5678391959799             0.3677683150000085
-14.452261306532662           0.36776827828954994
-14.336683417085428           0.3677682212246339
-14.22110552763819            0.36776824524280166
-14.105527638190955           0.3677681988965317
-13.989949748743719           0.36776751214486075
-13.874371859296481           0.367768072975475
-13.758793969849247           0.36776881115932486
-13.64321608040201            0.3677681586518691
-13.527638190954773           0.36776782019757354
-13.412060301507537           0.36776815071037283
-13.296482412060302           0.3677683004444395
-13.180904522613066           0.3677681698444628
-13.065326633165828           0.3677676934501661
-12.949748743718594           0.36776818158405583
-12.834170854271356           0.3677677222585742
-12.71859296482412            0.36776828750623597
-12.603015075376884           0.36776760435647476
-12.487437185929648           0.3677681288965251
-12.371859296482413           0.36776805751804936
-12.256281407035175           0.3677681477958081
-12.14070351758794            0.3677679872176813
-12.025125628140703           0.3677681026766858
-11.909547738693467           0.36776785617477736
-11.793969849246231           0.36776773401846
-11.678391959798995           0.36776794876178737
-11.56281407035176            0.3677679194560552
-11.447236180904522           0.36776813184411383
-11.331658291457286           0.367767975717808
-11.21608040201005            0.36776791039631296
-11.100502512562814           0.36776829316565096
-10.984924623115578           0.36776795599474377
-10.869346733668342           0.3677678336800466
-10.753768844221106           0.36776737828106926
-10.638190954773869           0.367767892299056
-10.522613065326633           0.36776779262233106
-10.407035175879397           0.36776788844623054
-10.291457286432161           0.367768221532277
-10.175879396984925           0.3677678118492631
-10.06030150753769            0.36776770018718086
-9.944723618090451            0.3677677797389256
-9.829145728643216            0.3677677032772508
-9.71356783919598             0.3677679951479212
-9.597989949748744            0.36776774419435265
-9.482412060301508            0.36776774120707173
-9.366834170854272            0.3677677699749952
-9.251256281407034            0.36776773188104434
-9.135678391959798            0.36776771733241737
-9.020100502512562            0.36776781903774675
-8.904522613065327            0.3677675183315207
-8.78894472361809             0.36776739305285355
-8.673366834170855            0.3677684368124054
-8.557788944723619            0.3677676627849867
-8.442211055276381            0.3677683865015103
-8.326633165829145            0.36776740706745353
-8.21105527638191             0.36776761806272096
-8.095477386934673            0.3677676239264273
-7.9798994974874375           0.36776762180677447
-7.864321608040202            0.36776759149400634
-7.748743718592964            0.3677675554598905
-7.633165829145728            0.3677676062042373
-7.517587939698492            0.36776745769847596
-7.402010050251256            0.3677677173565128
-7.28643216080402             0.3677675964129791
-7.170854271356784            0.367767547523746
-7.055276381909547            0.36776732864461836
-6.939698492462311            0.3677675181739801
-6.824120603015075            0.36776754013888296
-6.708542713567839            0.36776748695749223
-6.592964824120603            0.36776748935910974
-6.477386934673367            0.36776741140903085
-6.361809045226131            0.3677674763078145
-6.246231155778894            0.3677674008039734
-6.130653266331658            0.3677674867365633
-6.015075376884422            0.3677674905019965
-5.899497487437186            0.3677675320001494
-5.78391959798995             0.36776745287521506
-5.668341708542714            0.3677674546009332
-5.5527638190954764           0.3677673567881857
-5.4371859296482405           0.3677672532517784
-5.321608040201005            0.36776737100564794
-5.206030150753769            0.367767378807756
-5.090452261306533            0.36776740295970717
-4.974874371859297            0.3677674602335639
-4.859296482412061            0.3677675753177577
-4.743718592964823            0.367767399448729
-4.628140703517587            0.367767458233346
-4.5125628140703515           0.3677673421652165
-4.396984924623116            0.3677673592609153
-4.28140703517588             0.36776737170289536
-4.165829145728644            0.36776735127291754
-4.050251256281406            0.36776733049967775
-3.934673366834172            0.36776735731253374
-3.8190954773869343           0.36776736219306144
-3.7035175879396967           0.3677673233906536
-3.5879396984924625           0.3677673229233196
-3.472361809045225            0.36776731211507474
-3.3567839195979907           0.36776732641449655
-3.241206030150753            0.36776728891436694
-3.125628140703519            0.3677672873348986
-3.0100502512562812           0.3677672917955283
-2.8944723618090435           0.36776727457202935
-2.7788944723618094           0.3677671946888808
-2.6633165829145717           0.3677672395713998
-2.5477386934673376           0.3677672592925182
-2.4321608040201              0.3677672461296908
-2.316582914572866            0.3677672268844078
-2.201005025125628            0.36776719695100424
-2.0854271356783904           0.36776711455130284
-1.9698492462311563           0.3677669262759794
-1.8542713567839186           0.3677665566630897
-1.7386934673366845           0.3677658980444106
-1.6231155778894468           0.3677644576987763
-1.5075376884422127           0.36776161826908843
-1.391959798994975            0.36775566275103494
-1.2763819095477373           0.36774341883354233
-1.1608040201005032           0.3677183195193237
-1.0452261306532655           0.3676669634539686
-0.9296482412060314           0.36756238871734764
-0.8140703517587937           0.3673505809749144
-0.698492462311556            0.36692448531695393
-0.5829145728643219           0.366076334166967
-0.46733668341708423          0.36440938153652214
-0.3517587939698501           0.36118708498483815
-0.23618090452261245          0.35508622742033136
-0.12060301507537828          0.34382284215493175
-0.005025125628140596         0.3236328903017659
0.11055276381909708           0.2886195580723351
0.22613065326633117           0.23000982473578976
0.34170854271356893           0.13536752981945185
0.457286432160803             -0.012236002787329836
0.5728643216080407            -0.23517124442077927
0.6884422110552748            -0.5624680091161952
0.8040201005025125            -1.0314788248593143
0.9195979899497502            -1.6901594918367555
1.0351758793969843            -2.6001424909844237
1.150753768844222             -3.8408492537537064
1.266331658291456             -5.515073535494919
1.3819095477386938            -7.756574834257249
1.4974874371859315            -10.739980324083483
1.6130653266331656            -14.693257560715898
1.7286432160804033            -19.913696770248208
1.8442211055276374            -26.788892008893622
1.959798994974875             -35.82430360747004
2.075376884422109             -47.67927298422013
2.190954773869347             -63.21400440826668
2.3065326633165846            -83.55085376314356
2.4221105527638187            -110.15429172197935
2.5376884422110564            -144.9352389673265
2.6532663316582905            -190.3872067745776
2.768844221105528             -251.51280071776864
