-20.0                         1.2322278339517612
-19.884422110552762           1.2322290916779095
-19.768844221105528           1.2322276754740826
-19.65326633165829            1.2322266251706868
-19.537688442211056           1.2322278835565805
-19.42211055276382            1.2322274971366813
-19.306532663316585           1.2322277613797548
-19.190954773869347           1.2322260519089252
-19.07537688442211            1.2322280328277795
-18.959798994974875           1.2322276445955427
-18.844221105527637           1.2322289142550367
-18.728643216080403           1.2322273097387957
-18.613065326633166           1.2322279221456502
-18.49748743718593            1.2322274844463907
-18.381909547738694           1.232230183485897
-18.266331658291456           1.2322273995602455
-18.150753768844222           1.232227468113404
-18.035175879396984           1.2322280054286139
-17.91959798994975            1.232227391420207
-17.804020100502512           1.2322280135675174
-17.688442211055275           1.2322274188535987
-17.57286432160804            1.232227112332155
-17.457286432160803           1.2322271820594017
-17.34170854271357            1.2322272146846447
-17.22613065326633            1.232227148070689
-17.110552763819094           1.2322271547348862
-16.99497487437186            1.2322276742289018
-16.87939698492462            1.2322267860015077
-16.763819095477388           1.232227975040087
-16.64824120603015            1.2322270101174027
-16.532663316582916           1.2322274475510588
-16.417085427135678           1.232227152053546
-16.301507537688444           1.2322264528991396
-16.185929648241206           1.2322271718948516
-16.07035175879397            1.232227507007065
-15.954773869346734           1.2322259038970225
-15.839195979899497           1.2322270981318082
-15.72361809045226            1.2322273008620306
-15.608040201005025           1.232228265706199
-15.492462311557789           1.232227115484892
-15.376884422110553           1.2322272929852844
-15.261306532663315           1.2322271819129522
-15.145728643216081           1.2322271446413287
-15.030150753768844           1.2322279996432788
-14.914572864321608           1.232226823324977
-14.798994974874372           1.2322260375550362
-14.683417085427136           1.2322271466815489
-14.5678391959799             1.2322270946370475
-14.452261306532662           1.2322270552232026
-14.336683417085428           1.2322269096728762
-14.22110552763819            1.2322277124092997
-14.105527638190955           1.2322268647454158
-13.989949748743719           1.2322258491814775
-13.874371859296481           1.2322266774009518
-13.758793969849247           1.2322273248075009
-13.64321608040201            1.2322267944296896
-13.527638190954773           1.2322259532921733
-13.412060301507537           1.2322268657556263
-13.296482412060302           1.2322264516745114
-13.180904522613066           1.2322270647050007
-13.065326633165828           1.2322265332124784
-12.949748743718594           1.2322268017152311
-12.834170854271356           1.2322263316878412
-12.71859296482412            1.2322270349604274
-12.603015075376884           1.232226303479469
-12.487437185929648           1.2322268529026923
-12.371859296482413           1.2322265461538011
-12.256281407035175           1.2322269450018553
-12.14070351758794            1.2322267137612617
-12.025125628140703           1.232226327817338
-11.909547738693467           1.2322265022291388
-11.793969849246231           1.2322265180607994
-11.678391959798995           1.232226709925452
-11.56281407035176            1.2322266201208851
-11.447236180904522           1.2322270741231725
-11.331658291457286           1.2322266797976391
-11.21608040201005            1.2322266029703282
-11.100502512562814           1.2322268534192355
-10.984924623115578           1.232226671263239
-10.869346733668342           1.232226541010392
-10.753768844221106           1.2322257770633418
-10.638190954773869           1.2322267352712735
-10.522613065326633           1.2322264284498776
-10.407035175879397           1.2322266795494394
-10.291457286432161           1.2322275647397476
-10.175879396984925           1.2322265001095825
-10.06030150753769            1.232226359532339
-9.944723618090451            1.2322265470152396
-9.829145728643216            1.2322260350191914
-9.71356783919598             1.2322270859496034
-9.597989949748744            1.232226525982255
-9.482412060301508            1.2322264744576843
-9.366834170854272            1.2322265977863212
-9.251256281407034            1.232226481687635
-9.135678391959798            1.232226391811163
-9.020100502512562            1.2322265643666983
-8.904522613065327            1.2322259313595305
-8.78894472361809             1.2322258650259899
-8.673366834170855            1.2322276524128635
-8.557788944723619            1.2322264636722182
-8.442211055276381            1.2322275833897218
-8.326633165829145            1.232225900189617
-8.21105527638191             1.2322260482112908
-8.095477386934673            1.2322265547798972
-7.9798994974874375           1.2322263736478154
-7.864321608040202            1.2322263338072654
-7.748743718592964            1.2322262396987707
-7.633165829145728            1.2322264013351798
-7.517587939698492            1.2322261086477242
-7.402010050251256            1.232226692895608
-7.28643216080402             1.2322263378085991
-7.170854271356784            1.2322262648848306
-7.055276381909547            1.2322259911066817
-6.939698492462311            1.2322262696873045
-6.824120603015075            1.2322262794960865
-6.708542713567839            1.2322260666432356
-6.592964824120603            1.2322262701807594
-6.477386934673367            1.2322262917222104
-6.361809045226131            1.2322262661305248
-6.246231155778894            1.2322261307142226
-6.130653266331658            1.2322262069618688
-6.015075376884422            1.232226196049084
-5.899497487437186            1.2322262557555803
-5.78391959798995             1.232226152043343
-5.668341708542714            1.2322261879250243
-5.5527638190954764           1.2322260250727375
-5.4371859296482405           1.2322258575612335
-5.321608040201005            1.232225998584941
-5.206030150753769            1.2322261246135944
-5.090452261306533            1.2322262492201326
-4.974874371859297            1.2322260745480058
-4.859296482412061            1.2322263240968057
-4.743718592964823            1.2322261177985832
-4.628140703517587            1.2322262476495767
-4.5125628140703515           1.2322260844045083
-4.396984924623116            1.2322260782412484
-4.28140703517588             1.2322261043049179
-4.165829145728644            1.2322260884584524
-4.050251256281406            1.2322259468131482
-3.934673366834172            1.2322261124521159
-3.8190954773869343           1.232226136672552
-3.7035175879396967           1.2322260640881804
-3.5879396984924625           1.2322260897885415
-3.472361809045225            1.2322260739813202
-3.3567839195979907           1.232226087996574
-3.241206030150753            1.2322260508212461
-3.125628140703519            1.2322260203086157
-3.0100502512562812           1.2322260212984226
-2.8944723618090435           1.232226094510792
-2.7788944723618094           1.2322258902833312
-2.6633165829145717           1.2322260299798786
-2.5477386934673376           1.232226011451634
-2.4321608040201              1.2322260030330738
-2.316582914572866            1.23222601117857
-2.201005025125628            1.2322260233259332
-2.0854271356783904           1.2322260091589423
-1.9698492462311563           1.2322259679683492
-1.8542713567839186           1.23222590261642
-1.7386934673366845           1.2322259318823483
-1.6231155778894468           1.2322258788401612
-1.5075376884422127           1.2322259669411544
-1.391959798994975            1.2322259251358476
-1.2763819095477373           1.232225942151949
-1.1608040201005032           1.2322259292840256
-1.0452261306532655           1.2322258284703262
-0.9296482412060314           1.232225514381642
-0.8140703517587937           1.2322247022622261
-0.698492462311556            1.2322215558198124
-0.5829145728643219           1.232212107958781
-0.46733668341708423          1.2321828374814727
-0.3517587939698501           1.2320939813345513
-0.23618090452261245          1.231831129334202
-0.12060301507537828          1.2310794516358963
-0.005025125628140596         1.2290228113869353
0.11055276381909708           1.2237003412603007
0.22613065326633117           1.210827597664599
0.34170854271356893           1.1820318525537092
0.457286432160803             1.1228147144751086
0.5728643216080407            1.0108440253497932
0.6884422110552748            0.8149125709246675
0.8040201005025125            0.4941868691073172
0.9195979899497502            -0.003051670488082084
1.0351758793969843            -0.7417926859142798
1.150753768844222             -1.8041002157038388
1.266331658291456             -3.29464420727878
1.3819095477386938            -5.348463407262389
1.4974874371859315            -8.141158383056402
1.6130653266331656            -11.901513087157436
1.7286432160804033            -16.927457596567216
1.8442211055276374            -23.60703970096597
1.959798994974875             -32.44603094343475
2.075376884422109             -44.103989074330975
2.190954773869347             -59.44127195540802
2.3065326633165846            -79.58034643912659
2.4221105527638187            -105.98576446542413
2.5376884422110564            -140.5685068591201
2.6532663316582905            -185.82212976944172
2.768844221105528             -246.7503886574671
