-20.0                         0.08147636745654033
-19.884422110552762           0.08147678307013624
-19.768844221105528           0.08147632194437808
-19.65326633165829            0.08147577027601734
-19.537688442211056           0.08147629866544352
-19.42211055276382            0.08147637724060162
-19.306532663316585           0.08147632650942702
-19.190954773869347           0.0814763034666675
-19.07537688442211            0.08147626088544496
-18.959798994974875           0.0814762164241078
-18.844221105527637           0.0814764224312296
-18.728643216080403           0.08147620125286033
-18.613065326633166           0.0814760770698741
-18.49748743718593            0.08147614036330343
-18.381909547738694           0.08147663274866053
-18.266331658291456           0.08147604925550996
-18.150753768844222           0.08147611126253083
-18.035175879396984           0.08147567377803991
-17.91959798994975            0.08147602456891226
-17.804020100502512           0.08147604305463321
-17.688442211055275           0.08147609161165673
-17.57286432160804            0.08147603791302555
-17.457286432160803           0.08147584342831578
-17.34170854271357            0.08147597137433292
-17.22613065326633            0.08147606243217868
-17.110552763819094           0.0814758315648641
-16.99497487437186            0.08147588511246126
-16.87939698492462            0.08147599120180221
-16.763819095477388           0.08147589867086362
-16.64824120603015            0.08147590686734325
-16.532663316582916           0.08147580688266592
-16.417085427135678           0.08147586136987803
-16.301507537688444           0.0814758456516513
-16.185929648241206           0.08147577120732605
-16.07035175879397            0.08147580812609433
-15.954773869346734           0.08147550945733512
-15.839195979899497           0.08147570845315878
-15.72361809045226            0.0814757026225211
-15.608040201005025           0.08147556690194808
-15.492462311557789           0.08147562470150771
-15.376884422110553           0.08147551037773143
-15.261306532663315           0.08147566468321334
-15.145728643216081           0.08147559576701166
-15.030150753768844           0.08147573105186272
-14.914572864321608           0.08147548747082245
-14.798994974874372           0.08147536836485154
-14.683417085427136           0.08147554567913311
-14.5678391959799             0.0814755718537677
-14.452261306532662           0.08147554279304686
-14.336683417085428           0.08147547609099756
-14.22110552763819            0.08147537461038717
-14.105527638190955           0.08147548795329722
-13.989949748743719           0.08147505442409729
-13.874371859296481           0.08147538375913277
-13.758793969849247           0.08147589313263626
-13.64321608040201            0.08147543251328232
-13.527638190954773           0.08147540838387109
-13.412060301507537           0.08147540320346397
-13.296482412060302           0.08147557624462384
-13.180904522613066           0.08147536438464778
-13.065326633165828           0.08147508912754511
-12.949748743718594           0.08147539111200079
-12.834170854271356           0.08147507865156056
-12.71859296482412            0.0814754247536479
-12.603015075376884           0.08147505631702873
-12.487437185929648           0.08147530654443988
-12.371859296482413           0.08147530041043739
-12.256281407035175           0.08147530820557153
-12.14070351758794            0.08147522280447488
-12.025125628140703           0.08147539101438751
-11.909547738693467           0.08147514384388221
-11.793969849246231           0.08147513964587465
-11.678391959798995           0.08147518635025286
-11.56281407035176            0.08147516973311025
-11.447236180904522           0.08147523652706525
-11.331658291457286           0.08147517890645982
-11.21608040201005            0.08147514764174017
-11.100502512562814           0.08147543742750826
-10.984924623115578           0.08147514728238363
-10.869346733668342           0.08147508032446232
-10.753768844221106           0.08147484403396113
-10.638190954773869           0.08147508858335008
-10.522613065326633           0.08147507309471015
-10.407035175879397           0.08147505979141477
-10.291457286432161           0.08147511346323034
-10.175879396984925           0.08147503684770607
-10.06030150753769            0.08147497370238045
-9.944723618090451            0.08147500704011881
-9.829145728643216            0.08147507099131979
-9.71356783919598             0.08147499531359945
-9.597989949748744            0.08147496840565822
-9.482412060301508            0.08147497612912061
-9.366834170854272            0.08147495010396504
-9.251256281407034            0.08147494625049384
-9.135678391959798            0.08147494446013581
-9.020100502512562            0.0814749394083093
-8.904522613065327            0.0814749198837005
-8.78894472361809             0.08147478664247722
-8.673366834170855            0.08147531236462092
-8.557788944723619            0.08147485908973871
-8.442211055276381            0.08147527545151323
-8.326633165829145            0.08147478066735175
-8.21105527638191             0.08147492260234616
-8.095477386934673            0.08147482123515665
-7.9798994974874375           0.08147483081214327
-7.864321608040202            0.08147481815540138
-7.748743718592964            0.08147480508689985
-7.633165829145728            0.08147480392307466
-7.517587939698492            0.08147478163305971
-7.402010050251256            0.08147478880175077
-7.28643216080402             0.08147479619725011
-7.170854271356784            0.08147477432969097
-7.055276381909547            0.08147466806689115
-6.939698492462311            0.08147474423443095
-6.824120603015075            0.08147474694079694
-6.708542713567839            0.08147477666274205
-6.592964824120603            0.08147470390896945
-6.477386934673367            0.08147463172348995
-6.361809045226131            0.08147469795880073
-6.246231155778894            0.08147464010317568
-6.130653266331658            0.08147469401059704
-6.015075376884422            0.08147468943827071
-5.899497487437186            0.081474690879476
-5.78391959798995             0.08147467419216381
-5.668341708542714            0.08147467082414293
-5.5527638190954764           0.08147464269105442
-5.4371859296482405           0.0814745619353979
-5.321608040201005            0.08147464253083929
-5.206030150753769            0.08147461993220302
-5.090452261306533            0.08147460392806535
-4.974874371859297            0.08147465697775655
-4.859296482412061            0.0814746969300392
-4.743718592964823            0.08147458527195311
-4.628140703517587            0.08147460536918812
-4.5125628140703515           0.08147453350602658
-4.396984924623116            0.08147450437014675
-4.28140703517588             0.08147446922593425
-4.165829145728644            0.08147440506162767
-4.050251256281406            0.08147434267726979
-3.934673366834172            0.08147419862721783
-3.8190954773869343           0.08147401868886674
-3.7035175879396967           0.0814737413596578
-3.5879396984924625           0.08147334758762531
-3.472361809045225            0.08147276113925328
-3.3567839195979907           0.08147190641420964
-3.241206030150753            0.08147062166925852
-3.125628140703519            0.0814687157786723
-3.0100502512562812           0.0814659006927838
-2.8944723618090435           0.08146168598099737
-2.7788944723618094           0.0814554415125136
-2.6633165829145717           0.08144621744213058
-2.5477386934673376           0.08143251442161585
-2.4321608040201              0.08141211730634279
-2.316582914572866            0.08138181589948479
-2.201005025125628            0.08133680369719846
-2.0854271356783904           0.08126993810268592
-1.9698492462311563           0.081170614170392
-1.8542713567839186           0.0810231269311726
-1.7386934673366845           0.08080420322362317
-1.6231155778894468           0.08047926546043449
-1.5075376884422127           0.07999735285611624
-1.391959798994975            0.07928296591219684
-1.2763819095477373           0.078224941483051
-1.1608040201005032           0.07665986373646799
-1.0452261306532655           0.07434827746878182
-0.9296482412060314           0.07094098798016442
-0.8140703517587937           0.06593145454546182
-0.698492462311556            0.05858976289400387
-0.5829145728643219           0.047872978952656534
-0.46733668341708423          0.032304062037018196
-0.3517587939698501           0.009813385380508632
-0.23618090452261245          -0.02246648935962054
-0.12060301507537828          -0.06846193551715561
-0.005025125628140596         -0.13348745503031154
0.11055276381909708           -0.2246589347689761
0.22613065326633117           -0.35141495508214804
0.34170854271356893           -0.5261794148968073
0.457286432160803             -0.765213683534998
0.5728643216080407            -1.0897211727702591
0.6884422110552748            -1.5272860356781879
0.8040201005025125            -2.1137477587406206
0.9195979899497502            -2.8956378441766617
1.0351758793969843            -3.9333500019373244
1.150753768844222             -5.3053100769626464
1.266331658291456             -7.113574687065746
1.3819095477386938            -9.491357351376557
1.4974874371859315            -12.612818227272644
1.6130653266331656            -16.705497836662385
1.7286432160804033            -22.066332150672164
1.8442211055276374            -29.082651013189498
1.959798994974875             -38.25972495194026
2.075376884422109             -50.256758334417626
2.190954773869347             -65.93385519778094
2.3065326633165846            -86.41329733042711
2.4221105527638187            -113.15950017422043
2.5376884422110564            -148.08334297574913
2.6532663316582905            -193.67830576708835
2.768844221105528             -254.94616755193948
