-20.0                         0.9215407555597426
-19.884422110552762           0.921541806822629
-19.768844221105528           0.921540621797705
-19.65326633165829            0.9215395747192665
-19.537688442211056           0.9215406744549084
-19.42211055276382            0.9215404624005695
-19.306532663316585           0.9215407772860942
-19.190954773869347           0.9215392558848099
-19.07537688442211            0.9215408584194299
-18.959798994974875           0.9215405123299668
-18.844221105527637           0.9215418175065543
-18.728643216080403           0.9215403637689452
-18.613065326633166           0.9215406721982649
-18.49748743718593            0.9215404313026097
-18.381909547738694           0.9215427826445585
-18.266331658291456           0.921540291462516
-18.150753768844222           0.9215403686198046
-18.035175879396984           0.9215405386224228
-17.91959798994975            0.9215403289058105
-17.804020100502512           0.9215408072230955
-17.688442211055275           0.9215405068530687
-17.57286432160804            0.9215400145063068
-17.457286432160803           0.9215400681431672
-17.34170854271357            0.9215402344775119
-17.22613065326633            0.9215402807607614
-17.110552763819094           0.9215400234645973
-16.99497487437186            0.9215404941651107
-16.87939698492462            0.921539927624309
-16.763819095477388           0.9215407149988507
-16.64824120603015            0.9215400318762701
-16.532663316582916           0.9215401331612144
-16.417085427135678           0.921540064321603
-16.301507537688444           0.9215394734850659
-16.185929648241206           0.9215400755335887
-16.07035175879397            0.9215403476472132
-15.954773869346734           0.9215389809092677
-15.839195979899497           0.9215399848760399
-15.72361809045226            0.9215400997487109
-15.608040201005025           0.9215407912795203
-15.492462311557789           0.9215399746333599
-15.376884422110553           0.9215399211683362
-15.261306532663315           0.9215400663569228
-15.145728643216081           0.9215399849037873
-15.030150753768844           0.9215408513840436
-14.914572864321608           0.9215397119746714
-14.798994974874372           0.9215389878145671
-14.683417085427136           0.9215399829692013
-14.5678391959799             0.9215399069222863
-14.452261306532662           0.9215398657433839
-14.336683417085428           0.9215397824523996
-14.22110552763819            0.9215402963480731
-14.105527638190955           0.9215397322465595
-13.989949748743719           0.9215388274455972
-13.874371859296481           0.921539578037057
-13.758793969849247           0.92154028764125
-13.64321608040201            0.921539677861441
-13.527638190954773           0.9215389869647992
-13.412060301507537           0.921539721342555
-13.296482412060302           0.921539530668928
-13.180904522613066           0.9215398659148883
-13.065326633165828           0.9215393164409527
-12.949748743718594           0.9215397096013516
-12.834170854271356           0.9215392242745242
-12.71859296482412            0.9215399023293788
-12.603015075376884           0.9215391359724463
-12.487437185929648           0.9215397298794956
-12.371859296482413           0.9215394914429105
-12.256281407035175           0.9215398034747488
-12.14070351758794            0.9215395722976737
-12.025125628140703           0.921539375091094
-11.909547738693467           0.9215393891857696
-11.793969849246231           0.9215393009663675
-11.678391959798995           0.9215395524611278
-11.56281407035176            0.9215394894942229
-11.447236180904522           0.9215398648526166
-11.331658291457286           0.9215395549410216
-11.21608040201005            0.9215394752537929
-11.100502512562814           0.9215397901856704
-10.984924623115578           0.9215395439667794
-10.869346733668342           0.9215394067142146
-10.753768844221106           0.9215387402948225
-10.638190954773869           0.9215395537409882
-10.522613065326633           0.9215393169689212
-10.407035175879397           0.9215395441205634
-10.291457286432161           0.9215402355419003
-10.175879396984925           0.9215393782671416
-10.06030150753769            0.9215392429609799
-9.944723618090451            0.9215393845319528
-9.829145728643216            0.9215390263300575
-9.71356783919598             0.9215398603239117
-9.597989949748744            0.9215393641525279
-9.482412060301508            0.9215393283235852
-9.366834170854272            0.9215394308416122
-9.251256281407034            0.921539334365079
-9.135678391959798            0.9215392678798141
-9.020100502512562            0.9215394579176596
-8.904522613065327            0.9215388865128256
-8.78894472361809             0.9215388079740755
-8.673366834170855            0.9215403622720366
-8.557788944723619            0.9215392998526964
-8.442211055276381            0.9215402990962194
-8.326633165829145            0.9215388371399623
-8.21105527638191             0.9215390118793545
-8.095477386934673            0.9215393440834104
-7.9798994974874375           0.9215392343887916
-7.864321608040202            0.9215391895195212
-7.748743718592964            0.9215391161318556
-7.633165829145728            0.9215392408083686
-7.517587939698492            0.9215389712005257
-7.402010050251256            0.9215394948638064
-7.28643216080402             0.9215391992271698
-7.170854271356784            0.9215391297218467
-7.055276381909547            0.9215388594678786
-6.939698492462311            0.9215391201770895
-6.824120603015075            0.9215391400850977
-6.708542713567839            0.9215389788799533
-6.592964824120603            0.9215391115069467
-6.477386934673367            0.9215390896227005
-6.361809045226131            0.9215391015567169
-6.246231155778894            0.9215389900887226
-6.130653266331658            0.9215390770765679
-6.015075376884422            0.9215390794682842
-5.899497487437186            0.9215391417001519
-5.78391959798995             0.9215390250245389
-5.668341708542714            0.9215390482127949
-5.5527638190954764           0.9215388915390849
-5.4371859296482405           0.9215387582443988
-5.321608040201005            0.9215388844044693
-5.206030150753769            0.9215389668842014
-5.090452261306533            0.921539067658565
-4.974874371859297            0.9215389844593834
-4.859296482412061            0.9215391911283105
-4.743718592964823            0.921538988269594
-4.628140703517587            0.9215390906491675
-4.5125628140703515           0.9215389303357405
-4.396984924623116            0.9215389441583217
-4.28140703517588             0.9215389681455776
-4.165829145728644            0.9215389458418627
-4.050251256281406            0.921538846598051
-3.934673366834172            0.9215389680063044
-3.8190954773869343           0.921538985091573
-3.7035175879396967           0.9215389226639534
-3.5879396984924625           0.9215389381937232
-3.472361809045225            0.9215389239979948
-3.3567839195979907           0.9215389441531888
-3.241206030150753            0.9215388925209624
-3.125628140703519            0.9215388807913817
-3.0100502512562812           0.9215388842817969
-2.8944723618090435           0.921538921715674
-2.7788944723618094           0.9215387625037034
-2.6633165829145717           0.9215388679724488
-2.5477386934673376           0.9215388681965573
-2.4321608040201              0.9215388621982523
-2.316582914572866            0.9215388660811346
-2.201005025125628            0.9215388803716508
-2.0854271356783904           0.9215388679950881
-1.9698492462311563           0.9215388276924142
-1.8542713567839186           0.9215387676865028
-1.7386934673366845           0.9215387916834503
-1.6231155778894468           0.9215387435390562
-1.5075376884422127           0.9215388093546945
-1.391959798994975            0.9215387511498843
-1.2763819095477373           0.9215386748158502
-1.1608040201005032           0.9215384290905428
-1.0452261306532655           0.9215376947342606
-0.9296482412060314           0.9215356711190801
-0.8140703517587937           0.9215301755451296
-0.698492462311556            0.9215146208518533
-0.5829145728643219           0.9214725831871091
-0.46733668341708423          0.9213596606589899
-0.3517587939698501           0.9210621554658184
-0.23618090452261245          0.9202979410782499
-0.12060301507537828          0.9183982312557523
-0.005025125628140596         0.9138687263784184
0.11055276381909708           0.9036072345779073
0.22613065326633117           0.8817124433571274
0.34170854271356893           0.837994875068838
0.457286432160803             0.756500195256071
0.5728643216080407            0.6143360393940678
0.6884422110552748            0.3807588892175014
0.8040201005025125            0.01610377813566222
0.9195979899497502            -0.5299448254474572
1.0351758793969843            -1.3210851482008992
1.150753768844222             -2.438361206224421
1.266331658291456             -3.985724946161831
1.3819095477386938            -6.09773657035656
1.4974874371859315            -8.94964546642659
1.6130653266331656            -12.769949418374507
1.7286432160804033            -17.856358556589434
1.8442211055276374            -24.596767489874857
1.959798994974875             -33.496844481551584
2.075376884422109             -45.21607651446084
2.190954773869347             -60.614771773356466
2.3065326633165846            -80.81536153589678
2.4221105527638187            -107.28237186795766
2.5376884422110564            -141.9267645480267
2.6532663316582905            -187.2420815729864
2.768844221105528             -248.2317203157586
