-20.0                         1.2018382361338074
-19.884422110552762           1.201839472569029
-19.768844221105528           1.2018380795366101
-19.65326633165829            1.201837027563996
-19.537688442211056           1.2018382695930467
-19.42211055276382            1.2018379014652332
-19.306532663316585           1.2018381738880224
-19.190954773869347           1.2018364773381967
-19.07537688442211            1.201838424692185
-18.959798994974875           1.2018380396700359
-18.844221105527637           1.2018393184260585
-18.728643216080403           1.2018377236243125
-18.613065326633166           1.2018383055147355
-18.49748743718593            1.2018378882014389
-18.381909547738694           1.2018405569685915
-18.266331658291456           1.201837796926565
-18.150753768844222           1.2018378664035934
-18.035175879396984           1.201838366412511
-17.91959798994975            1.201837794389638
-17.804020100502512           1.201838403109742
-17.688442211055275           1.2018378382762025
-17.57286432160804            1.2018375072334357
-17.457286432160803           1.2018375788800457
-17.34170854271357            1.201837625664938
-17.22613065326633            1.2018375706765598
-17.110552763819094           1.2018375494746174
-16.99497487437186            1.201838067177278
-16.87939698492462            1.2018372077634596
-16.763819095477388           1.20183835849166
-16.64824120603015            1.2018374195312267
-16.532663316582916           1.2018378221990498
-16.417085427135678           1.2018375515269357
-16.301507537688444           1.201836859848043
-16.185929648241206           1.201837569953196
-16.07035175879397            1.2018379007061653
-15.954773869346734           1.2018363187577743
-15.839195979899497           1.2018374951017279
-15.72361809045226            1.2018376881316395
-15.608040201005025           1.2018386291232943
-15.492462311557789           1.2018375097982201
-15.376884422110553           1.2018376625788665
-15.261306532663315           1.2018375788383282
-15.145728643216081           1.2018375373329553
-15.030150753768844           1.2018383970792708
-14.914572864321608           1.2018372204155827
-14.798994974874372           1.2018364389273513
-14.683417085427136           1.2018375388029605
-14.5678391959799             1.201837483240766
-14.452261306532662           1.2018374434502315
-14.336683417085428           1.2018373051798728
-14.22110552763819            1.2018380803693447
-14.105527638190955           1.201837259241059
-13.989949748743719           1.2018362545110777
-13.874371859296481           1.2018370756682248
-13.758793969849247           1.201837729811007
-13.64321608040201            1.2018371905835914
-13.527638190954773           1.2018363631719269
-13.412060301507537           1.2018372593321753
-13.296482412060302           1.2018368673230557
-13.180904522613066           1.2018374537288496
-13.065326633165828           1.2018369188681999
-12.949748743718594           1.201837200961219
-12.834170854271356           1.2018367289852563
-12.71859296482412            1.2018374304708312
-12.603015075376884           1.2018366939169465
-12.487437185929648           1.2018372494176064
-12.371859296482413           1.2018369479924986
-12.256281407035175           1.2018373404287128
-12.14070351758794            1.2018371078783636
-12.025125628140703           1.2018367402861185
-11.909547738693467           1.201836899195785
-11.793969849246231           1.20183690281393
-11.678391959798995           1.2018371025177603
-11.56281407035176            1.2018370154031888
-11.447236180904522           1.2018374619583847
-11.331658291457286           1.2018370758387447
-11.21608040201005            1.2018369983874164
-11.100502512562814           1.2018372556707435
-10.984924623115578           1.2018370671132674
-10.869346733668342           1.2018369358923209
-10.753768844221106           1.2018361811259677
-10.638190954773869           1.201837125872515
-10.522613065326633           1.2018368254481542
-10.407035175879397           1.2018370757929375
-10.291457286432161           1.2018379419844232
-10.175879396984925           1.201836896250471
-10.06030150753769            1.201836756189557
-9.944723618090451            1.201836938748615
-9.829145728643216            1.2018364416513743
-9.71356783919598             1.2018374739885802
-9.597989949748744            1.2018369182918522
-9.482412060301508            1.2018368680984282
-9.366834170854272            1.2018369899652122
-9.251256281407034            1.201836875312138
-9.135678391959798            1.2018367872904507
-9.020100502512562            1.2018369635666415
-8.904522613065327            1.201836334351592
-8.78894472361809             1.2018362672744551
-8.673366834170855            1.2018380328260896
-8.557788944723619            1.2018368558063013
-8.442211055276381            1.201837964350606
-8.326633165829145            1.2018363018964777
-8.21105527638191             1.2018364524139273
-8.095477386934673            1.201836942822534
-7.9798994974874375           1.2018367686256404
-7.864321608040202            1.2018367278639195
-7.748743718592964            1.201836635726729
-7.633165829145728            1.201836793943259
-7.517587939698492            1.2018365022363795
-7.402010050251256            1.2018370829980538
-7.28643216080402             1.2018367325396246
-7.170854271356784            1.201836659775166
-7.055276381909547            1.2018363858086971
-6.939698492462311            1.2018366631621014
-6.824120603015075            1.2018366741044892
-6.708542713567839            1.2018364661078937
-6.592964824120603            1.2018366627508275
-6.477386934673367            1.2018366797915592
-6.361809045226131            1.2018366580642652
-6.246231155778894            1.201836525054213
-6.130653266331658            1.2018366025697722
-6.015075376884422            1.2018365932821906
-5.899497487437186            1.2018366535514793
-5.78391959798995             1.2018365477211337
-5.668341708542714            1.201836582428341
-5.5527638190954764           1.201836419438688
-5.4371859296482405           1.2018362558318463
-5.321608040201005            1.2018363949452562
-5.206030150753769            1.2018365167836869
-5.090452261306533            1.2018366398331546
-4.974874371859297            1.201836473975019
-4.859296482412061            1.2018367195769073
-4.743718592964823            1.201836513378251
-4.628140703517587            1.2018366405307859
-4.5125628140703515           1.201836477024487
-4.396984924623116            1.2018364731839446
-4.28140703517588             1.2018364992031518
-4.165829145728644            1.2018364825591243
-4.050251256281406            1.201836345002987
-3.934673366834172            1.2018365066012593
-3.8190954773869343           1.2018365301169796
-3.7035175879396967           1.201836458464812
-3.5879396984924625           1.2018364831816122
-3.472361809045225            1.201836467490565
-3.3567839195979907           1.201836482419582
-3.241206030150753            1.2018364431881587
-3.125628140703519            1.2018364148066318
-3.0100502512562812           1.201836416058978
-2.8944723618090435           1.2018364856918267
-2.7788944723618094           1.2018362858768348
-2.6633165829145717           1.2018364221824358
-2.5477386934673376           1.201836405627447
-2.4321608040201              1.2018363975031705
-2.316582914572866            1.2018364051832107
-2.201005025125628            1.2018364177339371
-2.0854271356783904           1.2018364036554483
-1.9698492462311563           1.2018363624064432
-1.8542713567839186           1.2018362975095311
-1.7386934673366845           1.2018363262865075
-1.6231155778894468           1.201836274190209
-1.5075376884422127           1.2018363609685647
-1.391959798994975            1.2018363197125743
-1.2763819095477373           1.201836333630742
-1.1608040201005032           1.2018363138646715
-1.0452261306532655           1.2018361928671228
-0.9296482412060314           1.2018358208324962
-0.8140703517587937           1.2018348313800586
-0.698492462311556            1.201831178740839
-0.5829145728643219           1.2018202830107774
-0.46733668341708423          1.2017869752892751
-0.3517587939698501           1.201687194296306
-0.23618090452261245          1.20139590084366
-0.12060301507537828          1.2005737823543443
-0.005025125628140596         1.1983534190885596
0.11055276381909708           1.1926794249256814
0.22613065326633117           1.1791204413181242
0.34170854271356893           1.1491218975041313
0.457286432160803             1.0880218690994319
0.5728643216080407            0.9734060898682163
0.6884422110552748            0.7740930364497108
0.8040201005025125            0.449356533828018
0.9195979899497502            -0.05238301630160167
1.0351758793969843            -0.7959842233329948
1.150753768844222             -1.8634070438874566
1.266331658291456             -3.3592483098711035
1.3819095477386938            -5.4184984677636105
1.4974874371859315            -8.216723170524677
1.6130653266331656            -11.982678263540397
1.7286432160804033            -17.014272395940054
1.8442211055276374            -23.69953854613341
1.959798994974875             -32.54423834256545
2.075376884422109             -44.20792278282548
2.190954773869347             -59.55094501071632
2.3065326633165846            -79.695768512426
2.4221105527638187            -106.10694278649798
2.5376884422110564            -140.69544686454802
2.6532663316582905            -185.95483556562934
2.768844221105528             -246.8888308685224
