-20.0                         0.37526739694031525
-19.884422110552762           0.3752681264033041
-19.768844221105528           0.375267321862968
-19.65326633165829            0.3752664425394251
-19.537688442211056           0.3752672777831309
-19.42211055276382            0.3752672969427307
-19.306532663316585           0.37526746596094057
-19.190954773869347           0.37526667902626204
-19.07537688442211            0.37526737758234385
-18.959798994974875           0.37526717921991976
-18.844221105527637           0.3752681063200148
-18.728643216080403           0.3752672269002242
-18.613065326633166           0.37526713763354785
-18.49748743718593            0.37526714395469046
-18.381909547738694           0.3752686118590426
-18.266331658291456           0.37526699145163517
-18.150753768844222           0.37526707889464656
-18.035175879396984           0.3752667203399108
-17.91959798994975            0.37526702581093
-17.804020100502512           0.37526722997660533
-17.688442211055275           0.37526729461540287
-17.57286432160804            0.375266896920545
-17.457286432160803           0.3752667651271101
-17.34170854271357            0.37526702569476494
-17.22613065326633            0.375267202798832
-17.110552763819094           0.3752667182754302
-16.99497487437186            0.3752669634062008
-16.87939698492462            0.37526697990871716
-16.763819095477388           0.37526709554153487
-16.64824120603015            0.37526691501333975
-16.532663316582916           0.3752666787782845
-16.417085427135678           0.3752667976759157
-16.301507537688444           0.3752665571683853
-16.185929648241206           0.37526677808324854
-16.07035175879397            0.37526688909610467
-15.954773869346734           0.37526607158593805
-15.839195979899497           0.3752666697032365
-15.72361809045226            0.3752666942391705
-15.608040201005025           0.37526680470634577
-15.492462311557789           0.37526661207472556
-15.376884422110553           0.37526634714330387
-15.261306532663315           0.37526671083003826
-15.145728643216081           0.3752665890272073
-15.030150753768844           0.3752671934781844
-14.914572864321608           0.3752664117681673
-14.798994974874372           0.3752659339426577
-14.683417085427136           0.375266571880701
-14.5678391959799             0.3752665411948543
-14.452261306532662           0.3752665043893951
-14.336683417085428           0.37526644767465156
-14.22110552763819            0.3752664772140987
-14.105527638190955           0.37526642458660864
-13.989949748743719           0.37526573422547066
-13.874371859296481           0.37526629848669196
-13.758793969849247           0.37526703787679555
-13.64321608040201            0.3752663843887491
-13.527638190954773           0.3752660399584529
-13.412060301507537           0.37526637708501337
-13.296482412060302           0.37526652344876626
-13.180904522613066           0.37526639795294264
-13.065326633165828           0.375265919290884
-12.949748743718594           0.3752664080694309
-12.834170854271356           0.37526594744008374
-12.71859296482412            0.3752665153437284
-12.603015075376884           0.37526582889998333
-12.487437185929648           0.3752663564662609
-12.371859296482413           0.3752662828787636
-12.256281407035175           0.3752663760242191
-12.14070351758794            0.3752662139965867
-12.025125628140703           0.3752663259658041
-11.909547738693467           0.3752660821226717
-11.793969849246231           0.37526595868598267
-11.678391959798995           0.3752661756096602
-11.56281407035176            0.3752661460073383
-11.447236180904522           0.37526636099370647
-11.331658291457286           0.37526620273286687
-11.21608040201005            0.3752661369781193
-11.100502512562814           0.375266519662872
-10.984924623115578           0.375266183194892
-10.869346733668342           0.3752660602658389
-10.753768844221106           0.37526560133044584
-10.638190954773869           0.37526612000883475
-10.522613065326633           0.375266018441219
-10.407035175879397           0.37526611670544757
-10.291457286432161           0.37526645514243157
-10.175879396984925           0.3752660386031418
-10.06030150753769            0.3752659263256243
-9.944723618090451            0.3752660066710028
-9.829145728643216            0.3752659263592448
-9.71356783919598             0.37526622688553074
-9.597989949748744            0.37526597132903977
-9.482412060301508            0.3752659679192783
-9.366834170854272            0.37526599800322913
-9.251256281407034            0.37526595898905496
-9.135678391959798            0.37526594383570056
-9.020100502512562            0.37526604772958033
-8.904522613065327            0.3752657416083501
-8.78894472361809             0.37526561710328027
-8.673366834170855            0.37526666939045994
-8.557788944723619            0.37526589037572383
-8.442211055276381            0.37526661886322465
-8.326633165829145            0.3752656313991805
-8.21105527638191             0.37526584237442806
-8.095477386934673            0.375265852262164
-7.9798994974874375           0.37526584913874333
-7.864321608040202            0.3752658184624611
-7.748743718592964            0.3752657819328651
-7.633165829145728            0.37526583375011924
-7.517587939698492            0.37526568281395783
-7.402010050251256            0.3752659475607749
-7.28643216080402             0.375265823676171
-7.170854271356784            0.37526577433361236
-7.055276381909547            0.37526555408798773
-6.939698492462311            0.37526574515678707
-6.824120603015075            0.37526576731483796
-6.708542713567839            0.37526571244024903
-6.592964824120603            0.3752657166634359
-6.477386934673367            0.3752656391711856
-6.361809045226131            0.37526570354442657
-6.246231155778894            0.3752656276348004
-6.130653266331658            0.3752657138681997
-6.015075376884422            0.375265717804256
-5.899497487437186            0.3752657599079073
-5.78391959798995             0.3752656796534701
-5.668341708542714            0.3752656816020574
-5.5527638190954764           0.37526558250531356
-5.4371859296482405           0.37526547876265315
-5.321608040201005            0.3752655966579557
-5.206030150753769            0.3752656053717484
-5.090452261306533            0.3752656306841032
-4.974874371859297            0.37526568668832033
-4.859296482412061            0.37526580317255176
-4.743718592964823            0.37526562656310636
-4.628140703517587            0.37526568588294845
-4.5125628140703515           0.3752655687973275
-4.396984924623116            0.37526558621256556
-4.28140703517588             0.3752655988705624
-4.165829145728644            0.37526557827872603
-4.050251256281406            0.375265556431828
-3.934673366834172            0.3752655846277428
-3.8190954773869343           0.3752655896799885
-3.7035175879396967           0.37526555047410437
-3.5879396984924625           0.3752655501771262
-3.472361809045225            0.37526553933580115
-3.3567839195979907           0.3752655538370597
-3.241206030150753            0.3752655158130556
-3.125628140703519            0.3752655143590545
-3.0100502512562812           0.37526551888892873
-2.8944723618090435           0.3752655023224239
-2.7788944723618094           0.37526542146364034
-2.6633165829145717           0.37526546739692607
-2.5477386934673376           0.3752654874614795
-2.4321608040201              0.3752654753712694
-2.316582914572866            0.37526545832512964
-2.201005025125628            0.37526543282018127
-2.0854271356783904           0.3752653587476642
-1.9698492462311563           0.37526518689518906
-1.8542713567839186           0.37526484972959556
-1.7386934673366845           0.37526425569514227
-1.6231155778894468           0.3752629416113944
-1.5075376884422127           0.37526034890554655
-1.391959798994975            0.3752548711902566
-1.2763819095477373           0.3752435502558969
-1.1608040201005032           0.3752202200937384
-1.0452261306532655           0.37517222781587983
-0.9296482412060314           0.37507398462542874
-0.8140703517587937           0.37487394627700044
-0.698492462311556            0.37446938351910214
-0.5829145728643219           0.3736598671703
-0.46733668341708423          0.37206056238331986
-0.3517587939698501           0.3689532160456426
-0.23618090452261245          0.36304073824470245
-0.12060301507537828          0.35207317645504854
-0.005025125628140596         0.33232576902485367
0.11055276381909708           0.2979403698049411
0.22613065326633117           0.24017410183060514
0.34170854271356893           0.1466055017208346
0.457286432160803             0.00030238763649558794
0.5728643216080407            -0.2211249903403914
0.6884422110552748            -0.5467356062198095
0.8040201005025125            -1.0139145851531801
0.9195979899497502            -1.6706488618599467
1.0351758793969843            -2.5785977581157424
1.150753768844222             -3.817203920114069
1.266331658291456             -5.489276488949154
1.3819095477386938            -7.728585947723167
1.4974874371859315            -10.709768409287015
1.6130653266331656            -14.660799311568171
1.7286432160804033            -19.878975264500088
1.8442211055276374            -26.75189498591983
1.959798994974875             -35.78502209153099
2.075376884422109             -47.637700334139545
2.190954773869347             -63.170135669144194
2.3065326633165846            -83.50468521465872
2.4221105527638187            -110.10582055722656
2.5376884422110564            -144.88446306072098
2.6532663316582905            -190.33412451197526
2.768844221105528             -251.45742383334652
