-20.0                         1.2291768758475217
-19.884422110552762           1.2291781314261871
-19.768844221105528           1.229176717552755
-19.65326633165829            1.2291756670655487
-19.537688442211056           1.2291769238008694
-19.42211055276382            1.2291765392285845
-19.306532663316585           1.2291768043199651
-19.190954773869347           1.2291750960991208
-19.07537688442211            1.2291770736792111
-18.959798994974875           1.2291766857619593
-18.844221105527637           1.2291779563831569
-18.728643216080403           1.229176352794035
-18.613065326633166           1.2291769621346076
-18.49748743718593            1.2291765264904466
-18.381909547738694           1.2291792225257145
-18.266331658291456           1.229176440955163
-18.150753768844222           1.2291765096020735
-18.035175879396984           1.2291770431600568
-17.91959798994975            1.2291764333870603
-17.804020100502512           1.2291770541939873
-17.688442211055275           1.2291764624860517
-17.57286432160804            1.2291761534459198
-17.457286432160803           1.2291762234002352
-17.34170854271357            1.2291762574530407
-17.22613065326633            1.2291761920111801
-17.110552763819094           1.229176195863308
-16.99497487437186            1.2291767152071877
-16.87939698492462            1.2291758298418491
-16.763819095477388           1.229177015047557
-16.64824120603015            1.2291760527119253
-16.532663316582916           1.2291764866448474
-16.417085427135678           1.2291761936614545
-16.301507537688444           1.229175495227259
-16.185929648241206           1.2291762133525366
-16.07035175879397            1.2291765480470032
-15.954773869346734           1.2291749470435163
-15.839195979899497           1.229176139487997
-15.72361809045226            1.2291763412343726
-15.608040201005025           1.2291773037138234
-15.492462311557789           1.2291761565750836
-15.376884422110553           1.2291763315765385
-15.261306532663315           1.2291762232651606
-15.145728643216081           1.2291761855715333
-15.030150753768844           1.2291770410810108
-14.914572864321608           1.2291758646930737
-14.798994974874372           1.2291750793374743
-14.683417085427136           1.2291761875515987
-14.5678391959799             1.2291761351448252
-14.452261306532662           1.2291760956909812
-14.336683417085428           1.2291759508813311
-14.22110552763819            1.2291767508617575
-14.105527638190955           1.229175905848089
-13.989949748743719           1.2291748913722271
-13.874371859296481           1.2291757188872134
-13.758793969849247           1.2291763669750992
-13.64321608040201            1.2291758356994493
-13.527638190954773           1.2291749959315483
-13.412060301507537           1.2291759067683607
-13.296482412060302           1.2291754949037266
-13.180904522613066           1.2291761052686896
-13.065326633165828           1.2291755734225531
-12.949748743718594           1.2291758433016784
-12.834170854271356           1.2291753730751651
-12.71859296482412            1.229176076174034
-12.603015075376884           1.229175344169285
-12.487437185929648           1.2291758942175153
-12.371859296482413           1.229175587988746
-12.256281407035175           1.2291759862149787
-12.14070351758794            1.229175754830459
-12.025125628140703           1.2291753707269129
-11.909547738693467           1.229175543585144
-11.793969849246231           1.229175558172552
-11.678391959798995           1.2291757508427013
-11.56281407035176            1.2291756613079285
-11.447236180904522           1.2291761145647893
-11.331658291457286           1.229175721062608
-11.21608040201005            1.2291756441690003
-11.100502512562814           1.2291758953090024
-10.984924623115578           1.2291757125094378
-10.869346733668342           1.2291755821571106
-10.753768844221106           1.2291748191286238
-10.638190954773869           1.2291757759924138
-10.522613065326633           1.2291754698078805
-10.407035175879397           1.2291757208467053
-10.291457286432161           1.2291766041291745
-10.175879396984925           1.2291755413822578
-10.06030150753769            1.2291754008575817
-9.944723618090451            1.2291755878420365
-9.829145728643216            1.2291750773402412
-9.71356783919598             1.2291761264288221
-9.597989949748744            1.229175566872437
-9.482412060301508            1.2291755154790893
-9.366834170854272            1.2291756386661914
-9.251256281407034            1.2291755227080277
-9.135678391959798            1.2291754330129876
-9.020100502512562            1.2291756059608483
-8.904522613065327            1.2291749733145134
-8.78894472361809             1.2291749069105808
-8.673366834170855            1.2291766921134908
-8.557788944723619            1.2291755045441841
-8.442211055276381            1.2291766231451262
-8.326633165829145            1.2291749420202158
-8.21105527638191             1.229175090290861
-8.095477386934673            1.229175595247085
-7.9798994974874375           1.2291754148096679
-7.864321608040202            1.2291753748726015
-7.748743718592964            1.2291752809613041
-7.633165829145728            1.2291754422565284
-7.517587939698492            1.2291751496554355
-7.402010050251256            1.2291757335760007
-7.28643216080402             1.2291753789423359
-7.170854271356784            1.229175306033126
-7.055276381909547            1.229175032231335
-6.939698492462311            1.2291753106937133
-6.824120603015075            1.2291753206172942
-6.708542713567839            1.229175108250208
-6.592964824120603            1.2291753110959018
-6.477386934673367            1.2291753321832966
-6.361809045226131            1.2291753069814237
-6.246231155778894            1.2291751718071238
-6.130653266331658            1.2291752481838418
-6.015075376884422            1.229175237436964
-5.899497487437186            1.2291752972027745
-5.78391959798995             1.229175193270408
-5.668341708542714            1.2291752290350777
-5.5527638190954764           1.2291750661620415
-5.4371859296482405           1.229174899047811
-5.321608040201005            1.2291750398751708
-5.206030150753769            1.229175165484218
-5.090452261306533            1.2291752899421755
-4.974874371859297            1.2291751161524658
-4.859296482412061            1.229175365307382
-4.743718592964823            1.2291751590168898
-4.628140703517587            1.229175288597242
-4.5125628140703515           1.2291751253210947
-4.396984924623116            1.2291751193938596
-4.28140703517588             1.2291751454546735
-4.165829145728644            1.2291751295268325
-4.050251256281406            1.2291749882914533
-3.934673366834172            1.2291751535274467
-3.8190954773869343           1.2291751776771287
-3.7035175879396967           1.2291751051858122
-3.5879396984924625           1.2291751307876846
-3.472361809045225            1.2291751149916261
-3.3567839195979907           1.2291751291016109
-3.241206030150753            1.229175091714007
-3.125628140703519            1.2291750614177603
-3.0100502512562812           1.2291750624339746
-2.8944723618090435           1.229175135286449
-2.7788944723618094           1.229174931502058
-2.6633165829145717           1.229175070857772
-2.5477386934673376           1.2291750525289378
-2.4321608040201              1.2291750441404825
-2.316582914572866            1.2291750522387856
-2.201005025125628            1.229175064428443
-2.0854271356783904           1.2291750502694154
-1.9698492462311563           1.2291750090714966
-1.8542713567839186           1.2291749437644015
-1.7386934673366845           1.2291749729807269
-1.6231155778894468           1.2291749200359974
-1.5075376884422127           1.229175008007178
-1.391959798994975            1.229174966263991
-1.2763819095477373           1.2291749829919776
-1.1608040201005032           1.2291749694943617
-1.0452261306532655           1.2291748668297102
-0.9296482412060314           1.2291745474136404
-0.8140703517587937           1.2291737188332161
-0.698492462311556            1.2291705251720328
-0.5829145728643219           1.2291609413744728
-0.46733668341708423          1.2291312894443855
-0.3517587939698501           1.2290413945198395
-0.23618090452261245          1.228775820964251
-0.12060301507537828          1.228017359859315
-0.005025125628140596         1.2259448533769888
0.11055276381909708           1.2205881067668585
0.22613065326633117           1.2076480574138528
0.34170854271356893           1.1787337211983797
0.457286432160803             1.119330115522536
0.5728643216080407            1.0070965783880155
0.6884422110552748            0.8108282700613983
0.8040201005025125            0.4897024003424851
0.9195979899497502            -0.00798565544346696
1.0351758793969843            -0.7472123349383131
1.150753768844222             -1.8100311837490408
1.266331658291456             -3.301104779164013
1.3819095477386938            -5.3554670030062175
1.4974874371859315            -8.148714911023363
1.6130653266331656            -11.909629631949235
1.7286432160804033            -16.936139091680673
1.8442211055276374            -23.6162895940678
1.959798994974875             -32.45585168824931
2.075376884422109             -44.11438244799814
2.190954773869347             -59.45223926256705
2.3065326633165846            -79.59188864740103
2.4221105527638187            -105.99788229808102
2.5376884422110564            -140.5812008599833
2.6532663316582905            -185.8354003492476
2.768844221105528             -246.76423287857264
