-20.0                         1.3093560776947524
-19.884422110552762           1.3093573904174203
-19.768844221105528           1.3093559150409155
-19.65326633165829            1.309354870505807
-19.537688442211056           1.3093561712357886
-19.42211055276382            1.3093557373090028
-19.306532663316585           1.3093559782136144
-19.190954773869347           1.309354240485024
-19.07537688442211            1.3093563035801226
-18.959798994974875           1.3093559078833146
-18.844221105527637           1.3093571497921501
-18.728643216080403           1.3093555253832572
-18.613065326633166           1.3093562153789646
-18.49748743718593            1.3093557251690606
-18.381909547738694           1.3093584975933228
-18.266331658291456           1.3093556572096725
-18.150753768844222           1.3093557233135735
-18.035175879396984           1.309356356455074
-17.91959798994975            1.3093556339624115
-17.804020100502512           1.3093562893916526
-17.688442211055275           1.3093556183330195
-17.57286432160804            1.3093553795643782
-17.457286432160803           1.309355441013202
-17.34170854271357            1.309355437213514
-17.22613065326633            1.3093553406121365
-17.110552763819094           1.3093554193126407
-16.99497487437186            1.3093559403974142
-16.87939698492462            1.3093549821831456
-16.763819095477388           1.3093562670522858
-16.64824120603015            1.3093552382495728
-16.532663316582916           1.3093557647663592
-16.417085427135678           1.3093554042029132
-16.301507537688444           1.3093546890750856
-16.185929648241206           1.3093554285058866
-16.07035175879397            1.3093557726567329
-15.954773869346734           1.30935411759407
-15.839195979899497           1.3093553566811713
-15.72361809045226            1.3093555849960683
-15.608040201005025           1.3093566073715455
-15.492462311557789           1.309355380698362
-15.376884422110553           1.309355622563637
-15.261306532663315           1.3093554405544099
-15.145728643216081           1.3093554136768784
-15.030150753768844           1.3093562536334011
-14.914572864321608           1.3093550815782486
-14.798994974874372           1.309354286450911
-14.683417085427136           1.309355417480819
-14.5678391959799             1.3093553752058873
-14.452261306532662           1.3093553369685837
-14.336683417085428           1.3093551720177437
-14.22110552763819            1.3093560436581848
-14.105527638190955           1.309355130064922
-13.989949748743719           1.3093540869581441
-13.874371859296481           1.3093549326647345
-13.758793969849247           1.3093555624989393
-13.64321608040201            1.309355055488707
-13.527638190954773           1.3093541803257518
-13.412060301507537           1.3093551331776803
-13.296482412060302           1.309354663054678
-13.180904522613066           1.3093553428740496
-13.065326633165828           1.3093548214623232
-12.949748743718594           1.3093550543182584
-12.834170854271356           1.3093545895646284
-12.71859296482412            1.3093552968271545
-12.603015075376884           1.3093545796246364
-12.487437185929648           1.3093551121907225
-12.371859296482413           1.30935479337738
-12.256281407035175           1.3093552062975127
-12.14070351758794            1.309354979598657
-12.025125628140703           1.3093545473011983
-11.909547738693467           1.3093547607630656
-11.793969849246231           1.3093548093457454
-11.678391959798995           1.3093549795024197
-11.56281407035176            1.309354882921545
-11.447236180904522           1.3093553556059538
-11.331658291457286           1.3093549405007068
-11.21608040201005            1.3093548656283187
-11.100502512562814           1.309355098240149
-10.984924623115578           1.3093549324111657
-10.869346733668342           1.309354804831351
-10.753768844221106           1.3093540178889953
-10.638190954773869           1.3093550095213775
-10.522613065326633           1.309354687020273
-10.407035175879397           1.309354938557692
-10.291457286432161           1.3093558720062757
-10.175879396984925           1.3093547607997138
-10.06030150753769            1.3093546188225014
-9.944723618090451            1.3093548192049371
-9.829145728643216            1.3093542695504319
-9.71356783919598             1.3093553652264414
-9.597989949748744            1.3093547961491787
-9.482412060301508            1.3093547414970879
-9.366834170854272            1.3093548680263623
-9.251256281407034            1.309354748714265
-9.135678391959798            1.3093546546160717
-9.020100502512562            1.309354815887265
-8.904522613065327            1.30935417518306
-8.78894472361809             1.3093541103172464
-8.673366834170855            1.3093559523342095
-8.557788944723619            1.3093547343631804
-8.442211055276381            1.309355881940821
-8.326633165829145            1.3093541468186907
-8.21105527638191             1.3093542886722456
-8.095477386934673            1.3093548352359157
-7.9798994974874375           1.30935463668597
-7.864321608040202            1.309354599578307
-7.748743718592964            1.3093545005412748
-7.633165829145728            1.3093546706373103
-7.517587939698492            1.3093543766518354
-7.402010050251256            1.3093549675241616
-7.28643216080402             1.3093546018094129
-7.170854271356784            1.3093545286169819
-7.055276381909547            1.3093542557774076
-6.939698492462311            1.3093545369805095
-6.824120603015075            1.3093545438245522
-6.708542713567839            1.3093543188207668
-6.592964824120603            1.3093545398229005
-6.477386934673367            1.3093545730005218
-6.361809045226131            1.3093545374179467
-6.246231155778894            1.3093543958571765
-6.130653266331658            1.3093544687177978
-6.015075376884422            1.3093544534191073
-5.899497487437186            1.309354511423359
-5.78391959798995             1.3093544138094904
-5.668341708542714            1.3093544525769116
-5.5527638190954764           1.3093542907578637
-5.4371859296482405           1.309354112818641
-5.321608040201005            1.3093542591449245
-5.206030150753769            1.3093543956921072
-5.090452261306533            1.3093545234799784
-4.974874371859297            1.3093543267072385
-4.859296482412061            1.309354586039514
-4.743718592964823            1.3093543797143736
-4.628140703517587            1.3093545163774323
-4.5125628140703515           1.3093543542646926
-4.396984924623116            1.3093543419436364
-4.28140703517588             1.3093543679590518
-4.165829145728644            1.3093543542579793
-4.050251256281406            1.3093542022961322
-3.934673366834172            1.3093543779262942
-3.8190954773869343           1.3093544039337677
-3.7035175879396967           1.309354329035124
-3.5879396984924625           1.309354357202948
-3.472361809045225            1.3093543411526931
-3.3567839195979907           1.3093543525542402
-3.241206030150753            1.3093543211669583
-3.125628140703519            1.3093542850150302
-3.0100502512562812           1.3093542853366358
-2.8944723618090435           1.309354367680507
-2.7788944723618094           1.3093541522467589
-2.6633165829145717           1.3093543005886104
-2.5477386934673376           1.3093542769237005
-2.4321608040201              1.3093542677028662
-2.316582914572866            1.3093542770750661
-2.201005025125628            1.3093542880228553
-2.0854271356783904           1.3093542737237023
-1.9698492462311563           1.309354232825221
-1.8542713567839186           1.3093541664027237
-1.7386934673366845           1.3093541969668332
-1.6231155778894468           1.3093541412952765
-1.5075376884422127           1.3093542325087286
-1.391959798994975            1.3093541887570892
-1.2763819095477373           1.309354211738275
-1.1608040201005032           1.3093542111588996
-1.0452261306532655           1.3093541468847856
-0.9296482412060314           1.3093539383690527
-0.8140703517587937           1.309353461427165
-0.698492462311556            1.3093512881363687
-0.5829145728643219           1.3093446905375443
-0.46733668341708423          1.3093235545808466
-0.3517587939698501           1.3092572315229014
-0.23618090452261245          1.3090544418755172
-0.12060301507537828          1.3084550942194912
-0.005025125628140596         1.306761018872651
0.11055276381909708           1.3022354092259536
0.22613065326633117           1.2909533813126088
0.34170854271356893           1.265002803650665
0.457286432160803             1.210316665603813
0.5728643216080407            1.1047968501038765
0.6884422110552748            0.917191562545695
0.8040201005025125            0.6064033852700916
0.9195979899497502            0.12035997490675256
1.0351758793969843            -0.6062653883855067
1.150753768844222             -1.6558052695252514
1.266331658291456             -3.133118168901794
1.3819095477386938            -5.173367005201297
1.4974874371859315            -7.952241616098417
1.6130653266331656            -11.698597500880686
1.7286432160804033            -16.710419120416688
1.8442211055276374            -23.375791752426075
1.959798994974875             -32.200511968660344
2.075376884422109             -43.84415452896964
2.190954773869347             -59.167089158761314
2.3065326633165846            -79.29179116401637
2.4221105527638187            -105.6828186092994
2.5376884422110564            -140.25115681439232
2.6532663316582905            -185.49036526077555
2.768844221105528             -246.40428312982894
