-20.0                         1.2721306507661396
-19.884422110552762           1.2721319367782786
-19.768844221105528           1.2721304900192418
-19.65326633165829            1.2721294424385272
-19.537688442211056           1.272130722583996
-19.42211055276382            1.2721303117750689
-19.306532663316585           1.2721305643874379
-19.190954773869347           1.2721288395096675
-19.07537688442211            1.2721308634714996
-18.959798994974875           1.272130471261791
-18.844221105527637           1.2721317273757726
-18.728643216080403           1.2721301117189268
-18.613065326633166           1.2721307642604975
-18.49748743718593            1.2721302995218662
-18.381909547738694           1.2721330371403827
-18.266331658291456           1.272130223274348
-18.150753768844222           1.2721302905798701
-18.035175879396984           1.2721308772722415
-17.91959798994975            1.2721302074695486
-17.804020100502512           1.27213084698385
-17.688442211055275           1.2721302128477807
-17.57286432160804            1.2721299404116921
-17.457286432160803           1.2721300064644736
-17.34170854271357            1.2721300203154502
-17.22613065326633            1.2721299382721942
-17.110552763819094           1.27212998198897
-16.99497487437186            1.2721305028355658
-16.87939698492462            1.2721295778234074
-16.763819095477388           1.272130816703571
-16.64824120603015            1.272129818359382
-16.532663316582916           1.2721303017581236
-16.417085427135678           1.2721299729506887
-16.301507537688444           1.2721292649971032
-16.185929648241206           1.272129994935247
-16.07035175879397            1.272130335093527
-15.954773869346734           1.2721287047958738
-15.839195979899497           1.2721299223304945
-15.72361809045226            1.2721301381285657
-15.608040201005025           1.2721311332795313
-15.492462311557789           1.2721299431465174
-15.376884422110553           1.27213015366814
-15.261306532663315           1.2721300061587468
-15.145728643216081           1.2721299743349492
-15.030150753768844           1.2721308220757468
-14.914572864321608           1.2721296473702877
-14.798994974874372           1.272128856494017
-14.683417085427136           1.2721299772266785
-14.5678391959799             1.2721299300959148
-14.452261306532662           1.2721298912507153
-14.336683417085428           1.2721297358209216
-14.22110552763819            1.2721305743950508
-14.105527638190955           1.2721296923615997
-13.989949748743719           1.2721286625574468
-13.874371859296481           1.272129499900157
-13.758793969849247           1.2721301382967176
-13.64321608040201            1.2721296198496712
-13.527638190954773           1.272128760967299
-13.412060301507537           1.2721296945004879
-13.296482412060302           1.272129251424924
-13.180904522613066           1.272129899156104
-13.065326633165828           1.2721293726053091
-12.949748743718594           1.2721296228672605
-12.834170854271356           1.2721291555124483
-12.71859296482412            1.2721298609438605
-12.603015075376884           1.2721291366043612
-12.487437185929648           1.2721296775560993
-12.371859296482413           1.2721293643033822
-12.256281407035175           1.2721297708295563
-12.14070351758794            1.2721295417235827
-12.025125628140703           1.2721291317553367
-11.909547738693467           1.272129326425548
-11.793969849246231           1.2721293588939686
-11.678391959798995           1.2721295398485524
-11.56281407035176            1.2721294465252888
-11.447236180904522           1.2721299102316632
-11.331658291457286           1.2721295051473611
-11.21608040201005            1.2721294292636178
-11.100502512562814           1.2721296705722964
-10.984924623115578           1.272129496850145
-10.869346733668342           1.272129367943302
-10.753768844221106           1.2721285920457293
-10.638190954773869           1.2721295676807338
-10.522613065326633           1.2721292526443002
-10.407035175879397           1.2721295042322838
-10.291457286432161           1.2721304143832217
-10.175879396984925           1.2721293254079133
-10.06030150753769            1.27212918412505
-9.944723618090451            1.2721293782105072
-9.829145728643216            1.2721288467032292
-9.71356783919598             1.2721299212168213
-9.597989949748744            1.2721293562329057
-9.482412060301508            1.272129303043691
-9.366834170854272            1.2721294281178632
-9.251256281407034            1.272129310275566
-9.135678391959798            1.272129218126353
-9.020100502512562            1.2721293851694284
-8.904522613065327            1.2721287478425414
-8.78894472361809             1.272128682342828
-8.673366834170855            1.27213049812998
-8.557788944723619            1.2721292941768798
-8.442211055276381            1.272130428394507
-8.326633165829145            1.2721287182049819
-8.21105527638191             1.2721288630045935
-8.095477386934673            1.272129390451157
-7.9798994974874375           1.2721292002710447
-7.864321608040202            1.272129161774634
-7.748743718592964            1.2721290651023673
-7.633165829145728            1.2721292311557348
-7.517587939698492            1.2721289375851186
-7.402010050251256            1.27212952565358
-7.28643216080402             1.2721291648689892
-7.170854271356784            1.2721290917830212
-7.055276381909547            1.2721288184095152
-6.939698492462311            1.2721290984349047
-6.824120603015075            1.2721291067238776
-6.708542713567839            1.272128887553864
-6.592964824120603            1.2721291001326802
-6.477386934673367            1.272129127656888
-6.361809045226131            1.2721290969290673
-6.246231155778894            1.2721289583398099
-6.130653266331658            1.272129032864217
-6.015075376884422            1.2721290197272812
-5.899497487437186            1.2721290786012893
-5.78391959798995             1.2721289779179639
-5.668341708542714            1.2721290153104983
-5.5527638190954764           1.2721288528712664
-5.4371859296482405           1.272128680056735
-5.321608040201005            1.2721288237423374
-5.206030150753769            1.2721289552351578
-5.090452261306533            1.2721290816256763
-4.974874371859297            1.2721288954677
-4.859296482412061            1.2721291501196705
-4.743718592964823            1.2721289437669736
-4.628140703517587            1.2721290771503089
-4.5125628140703515           1.2721289144090517
-4.396984924623116            1.2721289051040932
-4.28140703517588             1.2721289311718331
-4.165829145728644            1.272128916414926
-4.050251256281406            1.2721287694210108
-3.934673366834172            1.2721289402757239
-3.8190954773869343           1.2721289654212797
-3.7035175879396967           1.2721288916305598
-3.5879396984924625           1.2721289186131617
-3.472361809045225            1.2721289026706057
-3.3567839195979907           1.2721289153859132
-3.241206030150753            1.2721288811049831
-3.125628140703519            1.272128847714374
-3.0100502512562812           1.2721288483583428
-2.8944723618090435           1.2721289262875013
-2.7788944723618094           1.2721287162636616
-2.6633165829145717           1.2721288604259986
-2.5477386934673376           1.2721288392631045
-2.4321608040201              1.272128830439346
-2.316582914572866            1.2721288392114731
-2.201005025125628            1.272128850769256
-2.0854271356783904           1.2721288365172099
-1.9698492462311563           1.2721287954522162
-1.8542713567839186           1.2721287295313584
-1.7386934673366845           1.2721287594578063
-1.6231155778894468           1.2721287050934897
-1.5075376884422127           1.2721287948411653
-1.391959798994975            1.2721287521075508
-1.2763819095477373           1.2721287724948238
-1.1608040201005032           1.2721287667700276
-1.0452261306532655           1.2721286870901334
-0.9296482412060314           1.2721284339938834
-0.8140703517587937           1.2721278131296703
-0.698492462311556            1.2721252190999217
-0.5829145728643219           1.2721173768217058
-0.46733668341708423          1.2720926541494653
-0.3517587939698501           1.2720162997999576
-0.23618090452261245          1.2717865142669382
-0.12060301507537828          1.2711180440978342
-0.005025125628140596         1.269257889609224
0.11055276381909708           1.2643638958835366
0.22613065326633117           1.25234007338362
0.34170854271356893           1.225052292750893
0.457286432160803             1.1682225539953601
0.5728643216080407            1.0596352301253706
0.6884422110552748            0.868056307465287
0.8040201005025125            0.5525141961526316
0.9195979899497502            0.06110744151361562
1.0351758793969843            -0.6713271775520612
1.150753768844222             -1.7269918365142136
1.266331658291456             -3.210653491798826
1.3819095477386938            -5.257414843168004
1.4974874371859315            -8.042922521757331
1.6130653266331656            -11.7959974547682
1.7286432160804033            -16.814597852781407
1.8442211055276374            -23.4867909168561
1.959798994974875             -32.31836116165035
2.075376884422109             -43.96887515964413
2.190954773869347             -59.29869692940041
2.3065326633165846            -79.43029771245243
2.4221105527638187            -105.82823262976932
2.5376884422110564            -140.4034848414178
2.6532663316582905            -185.64961222818008
2.768844221105528             -246.57041378309526
