-20.0                         1.0081699361468315
-19.884422110552762           1.0081710424200332
-19.768844221105528           1.0081697943736214
-19.65326633165829            1.008168741400421
-19.537688442211056           1.0081698835421442
-19.42211055276382            1.0081696258027366
-19.306532663316585           1.0081699345696629
-19.190954773869347           1.0081683472969443
-19.07537688442211            1.008170063607032
-18.959798994974875           1.008169703449418
-18.844221105527637           1.0081710125593233
-18.728643216080403           1.0081695051305417
-18.613065326633166           1.0081698957480278
-18.49748743718593            1.0081696029539606
-18.381909547738694           1.0081720600579747
-18.266331658291456           1.0081694758136759
-18.150753768844222           1.0081695507324857
-18.035175879396984           1.0081698197527917
-17.91959798994975            1.008169503406388
-17.804020100502512           1.0081700230979749
-17.688442211055275           1.008169643850934
-17.57286432160804            1.0081691880948909
-17.457286432160803           1.0081692540981473
-17.34170854271357            1.0081693863143968
-17.22613065326633            1.0081694025945884
-17.110552763819094           1.0081692133417939
-16.99497487437186            1.0081697043272773
-16.87939698492462            1.0081690428471926
-16.763819095477388           1.008169943841041
-16.64824120603015            1.0081691790967493
-16.532663316582916           1.0081693685688715
-16.417085427135678           1.0081692432079101
-16.301507537688444           1.0081686150461566
-16.185929648241206           1.008169255925102
-16.07035175879397            1.0081695493461489
-15.954773869346734           1.0081681120545152
-15.839195979899497           1.0081691709098635
-15.72361809045226            1.008169307653221
-15.608040201005025           1.0081700816435366
-15.492462311557789           1.0081691684168708
-15.376884422110553           1.0081691739323004
-15.261306532663315           1.008169253647212
-15.145728643216081           1.0081691843685252
-15.030150753768844           1.0081700565587124
-14.914572864321608           1.0081688972614464
-14.798994974874372           1.0081681516917276
-14.683417085427136           1.0081691832995845
-14.5678391959799             1.0081691109530377
-14.452261306532662           1.0081690698317842
-14.336683417085428           1.00816897215021
-14.22110552763819            1.0081695677616989
-14.105527638190955           1.0081689221971648
-13.989949748743719           1.008167986435313
-13.874371859296481           1.0081687599924056
-13.758793969849247           1.0081694539674289
-13.64321608040201            1.0081688636574018
-13.527638190954773           1.0081681284773443
-13.412060301507537           1.0081689151884359
-13.296482412060302           1.0081686629852464
-13.180904522613066           1.00816907658059
-13.065326633165828           1.0081685284029
-12.949748743718594           1.008168890267187
-12.834170854271356           1.0081684080219036
-12.71859296482412            1.008169094817167
-12.603015075376884           1.0081683341065901
-12.487437185929648           1.008168919871388
-12.371859296482413           1.0081686594753372
-12.256281407035175           1.0081690001769246
-12.14070351758794            1.0081687659409124
-12.025125628140703           1.008168516018944
-11.909547738693467           1.0081685750484293
-11.793969849246231           1.008168510916439
-11.678391959798995           1.0081687505454615
-11.56281407035176            1.0081686803711485
-11.447236180904522           1.0081690782517776
-11.331658291457286           1.0081687446842682
-11.21608040201005            1.0081686650449144
-11.100502512562814           1.0081689632455282
-10.984924623115578           1.008168734507903
-10.869346733668342           1.0081685984851516
-10.753768844221106           1.0081679039834102
-10.638190954773869           1.0081687593225448
-10.522613065326633           1.0081685021191407
-10.407035175879397           1.0081687396244408
-10.291457286432161           1.0081694849953196
-10.175879396984925           1.0081685667823177
-10.06030150753769            1.0081684298963214
-9.944723618090451            1.0081685832761387
-9.829145728643216            1.0081681818709147
-9.71356783919598             1.0081690824590153
-9.597989949748744            1.008168563794656
-9.482412060301508            1.0081685231859099
-9.366834170854272            1.00816863286999
-9.251256281407034            1.0081685298455776
-9.135678391959798            1.008168455941252
-9.020100502512562            1.0081686458042514
-8.904522613065327            1.0081680518321199
-8.78894472361809             1.0081679777423818
-8.673366834170855            1.0081695994401458
-8.557788944723619            1.0081685002100256
-8.442211055276381            1.008169534573054
-8.326633165829145            1.0081680086931835
-8.21105527638191             1.0081681757932872
-8.095477386934673            1.0081685584490967
-7.9798994974874375           1.008168428884253
-7.864321608040202            1.008168384421035
-7.748743718592964            1.0081683051552888
-7.633165829145728            1.0081684405466196
-7.517587939698492            1.0081681615302018
-7.402010050251256            1.0081687078236699
-7.28643216080402             1.0081683928696834
-7.170854271356784            1.0081683219707764
-7.055276381909547            1.0081680494394267
-6.939698492462311            1.008168316348676
-6.824120603015075            1.0081683338385885
-6.708542713567839            1.0081681577627983
-6.592964824120603            1.0081683102652155
-6.477386934673367            1.0081682998693462
-6.361809045226131            1.0081683017918375
-6.246231155778894            1.008168183820962
-6.130653266331658            1.008168268364444
-6.015075376884422            1.0081682678435357
-5.899497487437186            1.0081683301371764
-5.78391959798995             1.00816821501438
-5.668341708542714            1.0081682418571363
-5.5527638190954764           1.0081680817236456
-5.4371859296482405           1.0081679401847365
-5.321608040201005            1.0081680694707136
-5.206030150753769            1.008168164193175
-5.090452261306533            1.0081682733407413
-4.974874371859297            1.0081681645218548
-4.859296482412061            1.0081683837186721
-4.743718592964823            1.0081681793453166
-4.628140703517587            1.0081682893032224
-4.5125628140703515           1.0081681268482239
-4.396984924623116            1.0081681360501085
-4.28140703517588             1.0081681609689166
-4.165829145728644            1.0081681400416196
-4.050251256281406            1.0081680288458246
-3.934673366834172            1.0081681632507882
-3.8190954773869343           1.0081681823023143
-3.7035175879396967           1.0081681168917966
-3.5879396984924625           1.008168135260596
-3.472361809045225            1.0081681205360669
-3.3567839195979907           1.0081681396995255
-3.241206030150753            1.0081680905768418
-3.125628140703519            1.0081680743454593
-3.0100502512562812           1.0081680771986226
-2.8944723618090435           1.0081681243875056
-2.7788944723618094           1.0081679526458185
-2.6633165829145717           1.0081680675575446
-2.5477386934673376           1.0081680628788368
-2.4321608040201              1.0081680563364674
-2.316582914572866            1.0081680612974506
-2.201005025125628            1.0081680754456
-2.0854271356783904           1.0081680623891054
-1.9698492462311563           1.0081680215271518
-1.8542713567839186           1.00816795993188
-1.7386934673366845           1.0081679856520833
-1.6231155778894468           1.0081679377067205
-1.5075376884422127           1.0081680129785706
-1.391959798994975            1.00816796753917
-1.2763819095477373           1.0081679392309957
-1.1608040201005032           1.008167815251456
-1.0452261306532655           1.0081674035985044
-0.9296482412060314           1.008166228693371
-0.8140703517587937           1.0081629700994623
-0.698492462311556            1.0081531590372472
-0.5829145728643219           1.008125671226721
-0.46733668341708423          1.0080487238451563
-0.3517587939698501           1.007837508818442
-0.23618090452261245          1.0072723508868007
-0.12060301507537828          1.0058095419087922
-0.005025125628140596         1.002181084879501
0.11055276381909708           0.9936424544475825
0.22613065326633117           0.9747650986807244
0.34170854271356893           0.9358503338818588
0.457286432160803             0.8612968679436618
0.5728643216080407            0.7283056188517986
0.6884422110552748            0.5059608762416206
0.8040201005025125            0.15425775805606884
0.9195979899497502            -0.3775057449575308
1.0351758793969843            -1.1533772142402758
1.150753768844222             -2.254675502220178
1.266331658291456             -3.7855464180024176
1.3819095477386938            -5.880680376570109
1.4974874371859315            -8.715423548268852
1.6130653266331656            -12.518353382556336
1.7286432160804033            -17.587241650699447
1.8442211055276374            -24.310026155281804
1.959798994974875             -33.19240445188588
2.075376884422109             -44.893883691456686
2.190954773869347             -60.27478626961095
2.3065326633165846            -80.45755367037665
2.4221105527638187            -106.90671939958203
2.5376884422110564            -141.53325072191026
2.6532663316582905            -186.83069371622028
2.768844221105528             -247.80254946148722
