-20.0                         0.7293898987566465
-19.884422110552762           0.7293908345087123
-19.768844221105528           0.7293897849074418
-19.65326633165829            0.7293887681614917
-19.537688442211056           0.7293897773805186
-19.42211055276382            0.7293896580339405
-19.306532663316585           0.7293899600252101
-19.190954773869347           0.7293886288981751
-19.07537688442211            0.729389953047855
-18.959798994974875           0.7293896462200433
-18.844221105527637           0.7293908960808566
-18.728643216080403           0.7293895952737168
-18.613065326633166           0.7293897347801029
-18.49748743718593            0.7293895981215666
-18.381909547738694           0.7293916871732112
-18.266331658291456           0.7293894394417585
-18.150753768844222           0.7293895212305185
-18.035175879396984           0.729389483362584
-17.91959798994975            0.7293894892776378
-17.804020100502512           0.7293898734911806
-17.688442211055275           0.7293897332675028
-17.57286432160804            0.7293892070525945
-17.457286432160803           0.7293892131789343
-17.34170854271357            0.7293894409724985
-17.22613065326633            0.7293895478771282
-17.110552763819094           0.7293891627469324
-16.99497487437186            0.72938957147672
-16.87939698492462            0.7293892222407379
-16.763819095477388           0.7293897585924101
-16.64824120603015            0.7293892596791373
-16.532663316582916           0.729389190641345
-16.417085427135678           0.729389224158333
-16.301507537688444           0.7293887353790737
-16.185929648241206           0.7293892313159782
-16.07035175879397            0.7293894490611873
-15.954773869346734           0.7293882530973155
-15.839195979899497           0.7293891284614966
-15.72361809045226            0.729389202477816
-15.608040201005025           0.7293896972112759
-15.492462311557789           0.7293891011496474
-15.376884422110553           0.7293889366555443
-15.261306532663315           0.729389203730232
-15.145728643216081           0.7293890985033094
-15.030150753768844           0.7293899223771774
-14.914572864321608           0.7293888583259102
-14.798994974874372           0.7293881957269
-14.683417085427136           0.7293890940475894
-14.5678391959799             0.7293890199947752
-14.452261306532662           0.7293889796221661
-14.336683417085428           0.7293889185448523
-14.22110552763819            0.7293892517661497
-14.105527638190955           0.7293888718162138
-13.989949748743719           0.7293880368340709
-13.874371859296481           0.7293887317386862
-13.758793969849247           0.7293894689590694
-13.64321608040201            0.7293888253369348
-13.527638190954773           0.7293882409605673
-13.412060301507537           0.7293888505794323
-13.296482412060302           0.7293887917592594
-13.180904522613066           0.729388954115574
-13.065326633165828           0.7293884126361492
-12.949748743718594           0.7293888630160598
-12.834170854271356           0.7293883756141789
-12.71859296482412            0.7293890280058669
-12.603015075376884           0.7293882631658356
-12.487437185929648           0.7293888604420882
-12.371859296482413           0.7293886769381537
-12.256281407035175           0.729388915975784
-12.14070351758794            0.7293886998834581
-12.025125628140703           0.7293886182789181
-11.909547738693467           0.7293885338876126
-11.793969849246231           0.7293884081511189
-11.678391959798995           0.7293886710939378
-11.56281407035176            0.7293886225464531
-11.447236180904522           0.7293889458828492
-11.331658291457286           0.7293886887776325
-11.21608040201005            0.7293886109396894
-11.100502512562814           0.7293889587941054
-10.984924623115578           0.72938867561478
-10.869346733668342           0.7293885382811806
-10.753768844221106           0.7293879374267622
-10.638190954773869           0.7293886539485879
-10.522613065326633           0.7293884639968135
-10.407035175879397           0.7293886579153774
-10.291457286432161           0.7293892292451067
-10.175879396984925           0.7293885155643851
-10.06030150753769            0.729388384962624
-9.944723618090451            0.7293885029093994
-9.829145728643216            0.7293882414277313
-9.71356783919598             0.7293889101788531
-9.597989949748744            0.7293884783486944
-9.482412060301508            0.7293884537936399
-9.366834170854272            0.7293885362951705
-9.251256281407034            0.7293884571667546
-9.135678391959798            0.7293884087637608
-9.020100502512562            0.7293885856276899
-8.904522613065327            0.7293880814597412
-8.78894472361809             0.7293879900822134
-8.673366834170855            0.7293893861492414
-8.557788944723619            0.7293884111673216
-8.442211055276381            0.7293893269476052
-8.326633165829145            0.7293880148801059
-8.21105527638191             0.7293882062120642
-8.095477386934673            0.7293884234336128
-7.9798994974874375           0.7293883562832417
-7.864321608040202            0.7293883132727376
-7.748743718592964            0.7293882530028337
-7.633165829145728            0.7293883530271122
-7.517587939698492            0.729388112994819
-7.402010050251256            0.7293885693604589
-7.28643216080402             0.7293883243280793
-7.170854271356784            0.72938825943467
-7.055276381909547            0.729387998590647
-6.939698492462311            0.7293882417484685
-6.824120603015075            0.7293882654221766
-6.708542713567839            0.7293881387526683
-6.592964824120603            0.7293882269266014
-6.477386934673367            0.7293881816643126
-6.361809045226131            0.7293882144236857
-6.246231155778894            0.7293881166818078
-6.130653266331658            0.7293882071005429
-6.015075376884422            0.72938821340611
-5.899497487437186            0.7293882729515379
-5.78391959798995             0.7293881594159718
-5.668341708542714            0.7293881744900803
-5.5527638190954764           0.7293880306651304
-5.4371859296482405           0.7293879119781922
-5.321608040201005            0.7293880336886044
-5.206030150753769            0.729388089177879
-5.090452261306533            0.729388167095822
-4.974874371859297            0.7293881392918651
-4.859296482412061            0.7293883165355197
-4.743718592964823            0.7293881188724597
-4.628140703517587            0.7293882050403321
-4.5125628140703515           0.7293880536739422
-4.396984924623116            0.7293880742993304
-4.28140703517588             0.7293880953219785
-4.165829145728644            0.729388071435035
-4.050251256281406            0.7293879990479447
-3.934673366834172            0.7293880897657719
-3.8190954773869343           0.7293881025822598
-3.7035175879396967           0.7293880472989752
-3.5879396984924625           0.7293880567028175
-3.472361809045225            0.7293880437768379
-3.3567839195979907           0.7293880641685299
-3.241206030150753            0.7293880114934768
-3.125628140703519            0.7293880072482949
-3.0100502512562812           0.729388011840063
-2.8944723618090435           0.729388028564
-2.7788944723618094           0.7293878970960168
-2.6633165829145717           0.7293879819084261
-2.5477386934673376           0.7293879920070022
-2.4321608040201              0.7293879868544454
-2.316582914572866            0.7293879885799739
-2.201005025125628            0.7293880017521002
-2.0854271356783904           0.7293879909283896
-1.9698492462311563           0.7293879518179321
-1.8542713567839186           0.7293878934541227
-1.7386934673366845           0.7293879072285806
-1.6231155778894468           0.7293878406950002
-1.5075376884422127           0.7293878437693023
-1.391959798994975            0.7293876565871099
-1.2763819095477373           0.7293872296523026
-1.1608040201005032           0.7293861296837136
-1.0452261306532655           0.729383294912551
-0.9296482412060314           0.7293761465817699
-0.8140703517587937           0.7293582260966994
-0.698492462311556            0.729313100579257
-0.5829145728643219           0.7292018009425684
-0.46733668341708423          0.7289304319096628
-0.3517587939698501           0.728281165701262
-0.23618090452261245          0.7267654572183585
-0.12060301507537828          0.7233364528866598
-0.005025125628140596         0.7158762646749534
0.11055276381909708           0.7003871545434567
0.22613065326633117           0.6698969194678516
0.34170854271356893           0.6132216921203701
0.457286432160803             0.5138013614640395
0.5728643216080407            0.3487104848390603
0.6884422110552748            0.08769070011751831
0.8040201005025125            -0.30814227524378424
0.9195979899497502            -0.8882638349121553
1.0351758793969843            -1.7156259434404983
1.150753768844222             -2.8706870486334304
1.266331658291456             -4.456984431162798
1.3819095477386938            -6.608796697776082
1.4974874371859315            -9.501160266876285
1.6130653266331656            -13.362395216261568
1.7286432160804033            -18.490072922571066
1.8442211055276374            -25.271989953524503
1.959798994974875             -34.213747561650955
2.075376884422109             -45.974786290180674
2.190954773869347             -61.415381434084644
2.3065326633165846            -81.65794055560218
2.4221105527638187            -108.16697238015054
2.5376884422110564            -142.85342586908388
2.6532663316582905            -188.21083346529065
2.768844221105528             -249.2423484564621
