-20.0                         0.49189900981595647
-19.884422110552762           0.4918998093584794
-19.768844221105528           0.4918989222686606
-19.65326633165829            0.49189798354635716
-19.537688442211056           0.49189888037568474
-19.42211055276382            0.4918988587539451
-19.306532663316585           0.4918990878697103
-19.190954773869347           0.4918980904837373
-19.07537688442211            0.4918990135302448
-18.959798994974875           0.49189877358739154
-18.844221105527637           0.49189984519428254
-18.728643216080403           0.4918988040732207
-18.613065326633166           0.4918987746316261
-18.49748743718593            0.4918987416574503
-18.381909547738694           0.4919004400950941
-18.266331658291456           0.49189858073708254
-18.150753768844222           0.49189866716127606
-18.035175879396984           0.49189840230107834
-17.91959798994975            0.491898625870298
-17.804020100502512           0.4918988904748627
-17.688442211055275           0.49189890490719324
-17.57286432160804            0.4918984359199067
-17.457286432160803           0.49189835328775317
-17.34170854271357            0.4918986177503313
-17.22613065326633            0.4918987807754324
-17.110552763819094           0.4918983027112902
-16.99497487437186            0.49189860740937913
-16.87939698492462            0.49189851614402447
-16.763819095477388           0.49189875950131146
-16.64824120603015            0.4918984808605447
-16.532663316582916           0.49189827259171093
-16.417085427135678           0.4918983799840655
-16.301507537688444           0.491898050743707
-16.185929648241206           0.49189837367300737
-16.07035175879397            0.491898518709723
-15.954773869346734           0.49189756540420077
-15.839195979899497           0.4918982629997974
-15.72361809045226            0.491898300581265
-15.608040201005025           0.49189853676944156
-15.492462311557789           0.4918982151753202
-15.376884422110553           0.49189796415124803
-15.261306532663315           0.49189831981319543
-15.145728643216081           0.4918981978849036
-15.030150753768844           0.49189889884500443
-14.914572864321608           0.4918979996226125
-14.798994974874372           0.49189744765718807
-14.683417085427136           0.49189818664788226
-14.5678391959799             0.49189813626665924
-14.452261306532662           0.49189809808761004
-14.336683417085428           0.49189804481225163
-14.22110552763819            0.4918981666146171
-14.105527638190955           0.49189801128910526
-13.989949748743719           0.49189726894363367
-13.874371859296481           0.4918978820114362
-13.758793969849247           0.49189863140711504
-13.64321608040201            0.4918979706671816
-13.527638190954773           0.49189753901017874
-13.412060301507537           0.49189797365236687
-13.296482412060302           0.4918980609080636
-13.180904522613066           0.49189802191725573
-13.065326633165828           0.49189751403120674
-12.949748743718594           0.4918980032402769
-12.834170854271356           0.49189752735609293
-12.71859296482412            0.4918981306940023
-12.603015075376884           0.4918974037785655
-12.487437185929648           0.4918979684712952
-12.371859296482413           0.4918978592065261
-12.256281407035175           0.4918979991913218
-12.14070351758794            0.49189781610403954
-12.025125628140703           0.49189786937116703
-11.909547738693467           0.49189767213625835
-11.793969849246231           0.49189753603063907
-11.678391959798995           0.4918977795745124
-11.56281407035176            0.49189774486230187
-11.447236180904522           0.491897998160772
-11.331658291457286           0.49189780702410024
-11.21608040201005            0.49189773568786155
-11.100502512562814           0.4918981124821126
-10.984924623115578           0.49189779004056666
-10.869346733668342           0.4918976595656057
-10.753768844221106           0.49189714933391626
-10.638190954773869           0.491897737125085
-10.522613065326633           0.49189760630841517
-10.407035175879397           0.4918977405204933
-10.291457286432161           0.49189815901956174
-10.175879396984925           0.491897639343089
-10.06030150753769            0.49189751899395684
-9.944723618090451            0.4918976114207245
-9.829145728643216            0.4918974711633514
-9.71356783919598             0.491897901886677
-9.597989949748744            0.4918975795383804
-9.482412060301508            0.491897569333333
-9.366834170854272            0.4918976188582278
-9.251256281407034            0.4918975657736886
-9.135678391959798            0.4918975404104329
-9.020100502512562            0.4918976750590104
-8.904522613065327            0.49189729175198765
-8.78894472361809             0.4918971791634353
-8.673366834170855            0.4918983555062997
-8.557788944723619            0.49189750469118343
-8.442211055276381            0.49189830183960837
-8.326633165829145            0.4918971974286422
-8.21105527638191             0.4918974050930108
-8.095477386934673            0.49189748047175624
-7.9798994974874375           0.4918974594146178
-7.864321608040202            0.4918974235677978
-7.748743718592964            0.49189737931403915
-7.633165829145728            0.491897447459479
-7.517587939698492            0.49189726181666543
-7.402010050251256            0.4918975999645038
-7.28643216080402             0.4918974322824493
-7.170854271356784            0.491897376628742
-7.055276381909547            0.4918971384880658
-6.939698492462311            0.491897350578805
-6.824120603015075            0.49189737475624923
-6.708542713567839            0.49189729467350773
-6.592964824120603            0.49189732694100846
-6.477386934673367            0.4918972580229989
-6.361809045226131            0.4918973132661689
-6.246231155778894            0.49189723073863767
-6.130653266331658            0.4918973203045595
-6.015075376884422            0.49189732632161043
-5.899497487437186            0.49189737639412956
-5.78391959798995             0.4918972809203089
-5.668341708542714            0.49189728671122224
-5.5527638190954764           0.49189716957334895
-5.4371859296482405           0.49189706227972646
-5.321608040201005            0.491897181599006
-5.206030150753769            0.49189720502080964
-5.090452261306533            0.4918972484442911
-4.974874371859297            0.49189728122590964
-4.859296482412061            0.49189741878264515
-4.743718592964823            0.4918972327307546
-4.628140703517587            0.491897300479336
-4.5125628140703515           0.4918971692576136
-4.396984924623116            0.49189719025023965
-4.28140703517588             0.4918972060555856
-4.165829145728644            0.49189718343886263
-4.050251256281406            0.4918971448584144
-3.934673366834172            0.4918971943396887
-3.8190954773869343           0.49189720198953285
-3.7035175879396967           0.49189715692051195
-3.5879396984924625           0.49189715948839907
-3.472361809045225            0.4918971480533134
-3.3567839195979907           0.49189716529600125
-3.241206030150753            0.4918971201606875
-3.125628140703519            0.4918971195517771
-3.0100502512562812           0.4918971245721959
-2.8944723618090435           0.491897118207498
-2.7788944723618094           0.491897021004126
-2.6633165829145717           0.49189708061420545
-2.5477386934673376           0.49189710020486144
-2.4321608040201              0.4918970945337119
-2.316582914572866            0.49189709178168084
-2.201005025125628            0.4918970961852185
-2.0854271356783904           0.4918970765805055
-1.9698492462311563           0.4918970158466938
-1.8542713567839186           0.4918969062978967
-1.7386934673366845           0.4918967861974288
-1.6231155778894468           0.49189642873341566
-1.5075376884422127           0.4918957728271685
-1.391959798994975            0.4918941683488322
-1.2763819095477373           0.49189060067460166
-1.1608040201005032           0.49188266287462706
-1.0452261306532655           0.4918650068205507
-0.9296482412060314           0.49182599069736577
-0.8140703517587937           0.4917402269176097
-0.698492462311556            0.4915527868572162
-0.5829145728643219           0.4911480795055215
-0.46733668341708423          0.49028558831171415
-0.3517587939698501           0.48847986151087064
-0.23618090452261245          0.48478403890794525
-0.12060301507537828          0.4774295507945066
-0.005025125628140596         0.4632802589412125
0.11055276381909708           0.4370948830457784
0.22613065326633117           0.39065053106838515
0.34170854271356893           0.3118230641023797
0.457286432160803             0.18368851571661013
0.5728643216080407            -0.01640088131212835
0.6884422110552748            -0.31793769404643346
0.8040201005025125            -0.7588082602009527
0.9195979899497502            -1.3874836043425716
1.0351758793969843            -2.266040882185258
1.150753768844222             -3.4742520622749526
1.266331658291456             -5.11516401473662
1.3819095477386938            -7.322715474960343
1.4974874371859315            -10.27167780082662
1.6130653266331656            -14.190144618740254
1.7286432160804033            -19.375507693755473
1.8442211055276374            -26.215434862849698
1.959798994974875             -35.21543821296712
2.075376884422109             -47.03489580886181
2.190954773869347             -62.53403831310267
2.3065326633165846            -82.83524088947217
2.4221105527638187            -109.40298845107598
2.5376884422110564            -144.14821228795552
2.6532663316582905            -189.56443162993227
2.768844221105528             -250.65445900922592
