-20.0                         1.461914686317945
-19.884422110552762           1.461916111365034
-19.768844221105528           1.4619145180565813
-19.65326633165829            1.4619134902985644
-19.537688442211056           1.4619148781055242
-19.42211055276382            1.4619143460955721
-19.306532663316585           1.4619145315195228
-19.190954773869347           1.4619127549491084
-19.07537688442211            1.4619149687847777
-18.959798994974875           1.4619145606349402
-18.844221105527637           1.4619157299341574
-18.728643216080403           1.4619140859543198
-18.613065326633166           1.461914928477352
-18.49748743718593            1.461914332076125
-18.381909547738694           1.4619172354111194
-18.266331658291456           1.4619142998197021
-18.150753768844222           1.461914360573706
-18.035175879396984           1.461915187625512
-17.91959798994975            1.4619142436300732
-17.804020100502512           1.461914961022706
-17.688442211055275           1.4619141381022125
-17.57286432160804            1.4619140548076264
-17.457286432160803           1.4619140857215855
-17.34170854271357            1.4619140092331449
-17.22613065326633            1.4619138513608116
-17.110552763819094           1.4619140765307668
-16.99497487437186            1.4619145883225222
-16.87939698492462            1.4619135059928103
-16.763819095477388           1.461914973531299
-16.64824120603015            1.4619138278608814
-16.532663316582916           1.4619145317401936
-16.417085427135678           1.4619140351874247
-16.301507537688444           1.4619133009362022
-16.185929648241206           1.4619140727376256
-16.07035175879397            1.4619144256591257
-15.954773869346734           1.4619126748311693
-15.839195979899497           1.4619140006264795
-15.72361809045226            1.4619142832166108
-15.608040201005025           1.4619154064171058
-15.492462311557789           1.4619140373916655
-15.376884422110553           1.4619144123656589
-15.261306532663315           1.4619140849349177
-15.145728643216081           1.461914076535005
-15.030150753768844           1.4619148753199185
-14.914572864321608           1.461913724843707
-14.798994974874372           1.4619129171690295
-14.683417085427136           1.4619140855208101
-14.5678391959799             1.4619140652304496
-14.452261306532662           1.461914030292255
-14.336683417085428           1.4619138237675693
-14.22110552763819            1.4619148267193656
-14.105527638190955           1.4619137892355412
-13.989949748743719           1.4619126913897116
-13.874371859296481           1.4619135700069386
-13.758793969849247           1.4619141633897805
-13.64321608040201            1.4619137061196328
-13.527638190954773           1.461912766790247
-13.412060301507537           1.4619137955619683
-13.296482412060302           1.4619132148856981
-13.180904522613066           1.4619140229874417
-13.065326633165828           1.4619135279186588
-12.949748743718594           1.4619136858319217
-12.834170854271356           1.4619132326609776
-12.71859296482412            1.461913945758306
-12.603015075376884           1.4619132622623385
-12.487437185929648           1.4619137559980686
-12.371859296482413           1.4619134196532515
-12.256281407035175           1.4619138508813063
-12.14070351758794            1.4619136380088544
-12.025125628140703           1.461913115217203
-11.909547738693467           1.4619134044550335
-11.793969849246231           1.4619135246508652
-11.678391959798995           1.4619136445317065
-11.56281407035176            1.4619135350963126
-11.447236180904522           1.461914043832321
-11.331658291457286           1.4619135878114515
-11.21608040201005            1.4619135184939323
-11.100502512562814           1.461913713741892
-10.984924623115578           1.461913580443453
-10.869346733668342           1.461913458912785
-10.753768844221106           1.4619126277138106
-10.638190954773869           1.4619136821495795
-10.522613065326633           1.4619133312723986
-10.407035175879397           1.4619135776984074
-10.291457286432161           1.4619146066544282
-10.175879396984925           1.4619134092412005
-10.06030150753769            1.4619132638996575
-9.944723618090451            1.4619134913888063
-9.829145728643216            1.461912867973044
-9.71356783919598             1.4619140421840422
-9.597989949748744            1.4619134618550587
-9.482412060301508            1.461913402218509
-9.366834170854272            1.4619135330638695
-9.251256281407034            1.4619134092690298
-9.135678391959798            1.4619133089936978
-9.020100502512562            1.4619134405534293
-8.904522613065327            1.4619127921227726
-8.78894472361809             1.4619127284448743
-8.673366834170855            1.46191467551067
-8.557788944723619            1.4619134016938178
-8.442211055276381            1.4619146024819167
-8.326633165829145            1.461912767452068
-8.21105527638191             1.4619128978950051
-8.095477386934673            1.461913518973774
-7.9798994974874375           1.4619132870725688
-7.864321608040202            1.4619132569411857
-7.748743718592964            1.46191314851905
-7.633165829145728            1.4619133343432054
-7.517587939698492            1.4619130426778657
-7.402010050251256            1.4619136376829331
-7.28643216080402             1.4619132555612948
-7.170854271356784            1.4619131823172271
-7.055276381909547            1.4619129131535282
-6.939698492462311            1.461913197467425
-6.824120603015075            1.4619131982200826
-6.708542713567839            1.4619129498868406
-6.592964824120603            1.4619132053061095
-6.477386934673367            1.46191326232479
-6.361809045226131            1.4619132062107436
-6.246231155778894            1.4619130524053703
-6.130653266331658            1.4619131179529465
-6.015075376884422            1.4619130930392013
-5.899497487437186            1.461913146588059
-5.78391959798995             1.4619130638059168
-5.668341708542714            1.4619131078078842
-5.5527638190954764           1.4619129508299056
-5.4371859296482405           1.46191275015959
-5.321608040201005            1.4619129088904368
-5.206030150753769            1.4619130656215193
-5.090452261306533            1.4619131964564427
-4.974874371859297            1.4619129574024388
-4.859296482412061            1.4619132351201378
-4.743718592964823            1.4619130297123397
-4.628140703517587            1.4619131795650604
-4.5125628140703515           1.4619130214970306
-4.396984924623116            1.461912996140032
-4.28140703517588             1.461913021365398
-4.165829145728644            1.4619130123039632
-4.050251256281406            1.4619128402199262
-3.934673366834172            1.4619130345486349
-3.8190954773869343           1.4619130640557378
-3.7035175879396967           1.4619129847814687
-3.5879396984924625           1.461913017665099
-3.472361809045225            1.4619130013782167
-3.3567839195979907           1.4619130064146155
-3.241206030150753            1.4619129887068332
-3.125628140703519            1.4619129405761377
-3.0100502512562812           1.461912939608189
-2.8944723618090435           1.4619130401353952
-2.7788944723618094           1.461912802511671
-2.6633165829145717           1.4619129681107945
-2.5477386934673376           1.461912933758791
-2.4321608040201              1.4619129227235659
-2.316582914572866            1.4619129347018673
-2.201005025125628            1.4619129425777373
-2.0854271356783904           1.4619129284154992
-1.9698492462311563           1.4619128886757078
-1.8542713567839186           1.4619128204823681
-1.7386934673366845           1.4619128539035335
-1.6231155778894468           1.4619127922398552
-1.5075376884422127           1.4619128890301876
-1.391959798994975            1.4619128403623003
-1.2763819095477373           1.4619128705867732
-1.1608040201005032           1.4619128818349043
-1.0452261306532655           1.4619128539114778
-0.9296482412060314           1.4619127490913297
-0.8140703517587937           1.461912633789984
-0.698492462311556            1.4619115397339706
-0.5829145728643219           1.4619082621839325
-0.46733668341708423          1.4618970628624839
-0.3517587939698501           1.461859614742332
-0.23618090452261245          1.4617376073411041
-0.12060301507537828          1.4613533907383958
-0.005025125628140596         1.4601970960459885
0.11055276381909708           1.456912268911208
0.22613065326633117           1.448225708154637
0.34170854271356893           1.4271210213154086
0.457286432160803             1.380441303838544
0.5728643216080407            1.2866554404190533
0.6884422110552748            1.1145138721240244
0.8040201005025125            0.8224372645553741
0.9195979899497502            0.3576517109179152
1.0351758793969843            -0.3458550236189831
1.150753768844222             -1.3709654588360352
1.266331658291456             -2.82292409240151
1.3819095477386938            -4.837146474951265
1.4974874371859315            -7.589502040903354
1.6130653266331656            -11.308988912430893
1.7286432160804033            -16.293699299576687
1.8442211055276374            -22.931792332604502
1.959798994974875             -31.72911362181466
2.075376884422109             -43.34527110181124
2.190954773869347             -58.640657553957325
2.3065326633165846            -78.73776466749008
2.4221105527638187            -105.10116235133677
2.5376884422110564            -139.64184460365198
2.6532663316582905            -184.85337733122552
2.768844221105528             -245.7397605167636
