-20.0                         1.4683952558374211
-19.884422110552762           1.4683966857443251
-19.768844221105528           1.468395087418473
-19.65326633165829            1.468394060502012
-19.537688442211056           1.4683954520981672
-19.42211055276382            1.468394915814157
-19.306532663316585           1.4683950986486687
-19.190954773869347           1.468393320875418
-19.07537688442211            1.4683955407910865
-18.959798994974875           1.4683951321652948
-18.844221105527637           1.4683962979084166
-18.728643216080403           1.4683946536698114
-18.613065326633166           1.4683955026065405
-18.49748743718593            1.4683949016504199
-18.381909547738694           1.4683978101339756
-18.266331658291456           1.4683948709550911
-18.150753768844222           1.4683949314654983
-18.035175879396984           1.4683957668713676
-17.91959798994975            1.4683948132946547
-17.804020100502512           1.4683955331922796
-17.688442211055275           1.468394703827288
-17.57286432160804            1.4683946277192783
-17.457286432160803           1.4683946569284978
-17.34170854271357            1.468394577369106
-17.22613065326633            1.4683944168371619
-17.110552763819094           1.4683946483084254
-16.99497487437186            1.4683951593431332
-16.87939698492462            1.4683940721841968
-16.763819095477388           1.4683955472575025
-16.64824120603015            1.4683943969244926
-16.532663316582916           1.4683951083118623
-16.417085427135678           1.4683946058045165
-16.301507537688444           1.4683938711015592
-16.185929648241206           1.468394644065445
-16.07035175879397            1.4683949970795562
-15.954773869346734           1.468393242378156
-15.839195979899497           1.4683945718057037
-15.72361809045226            1.4683948567974017
-15.608040201005025           1.4683959838954308
-15.492462311557789           1.4683946090970086
-15.376884422110553           1.4683949898690272
-15.261306532663315           1.4683946561479861
-15.145728643216081           1.468394648457846
-15.030150753768844           1.468395445190055
-14.914572864321608           1.4683942959878349
-14.798994974874372           1.4683934879455318
-14.683417085427136           1.4683946577224116
-14.5678391959799             1.4683946384200532
-14.452261306532662           1.468394603651377
-14.336683417085428           1.4683943952854683
-14.22110552763819            1.4683954036519795
-14.105527638190955           1.4683943611092698
-13.989949748743719           1.4683932609294452
-13.874371859296481           1.4683941408992454
-13.758793969849247           1.4683947326910796
-13.64321608040201            1.4683942776299068
-13.527638190954773           1.4683933356601755
-13.412060301507537           1.4683943675451627
-13.296482412060302           1.4683937821905508
-13.180904522613066           1.4683945956175626
-13.065326633165828           1.468394101854283
-12.949748743718594           1.468394256464232
-12.834170854271356           1.4683938038136657
-12.71859296482412            1.4683945171041748
-12.603015075376884           1.4683938351896546
-12.487437185929648           1.4683943271282127
-12.371859296482413           1.4683939902291925
-12.256281407035175           1.4683944219517697
-12.14070351758794            1.468394209799684
-12.025125628140703           1.4683936832050144
-11.909547738693467           1.468393975613858
-11.793969849246231           1.4683940990380975
-11.678391959798995           1.468394216575252
-11.56281407035176            1.4683941066188442
-11.447236180904522           1.4683946168600237
-11.331658291457286           1.468394159106273
-11.21608040201005            1.4683940900776125
-11.100502512562814           1.4683942836764627
-10.984924623115578           1.4683941517644963
-10.869346733668342           1.4683940305093361
-10.753768844221106           1.4683931974654447
-10.638190954773869           1.4683942544670128
-10.522613065326633           1.4683939024692254
-10.407035175879397           1.4683941485101586
-10.291457286432161           1.4683951815208225
-10.175879396984925           1.4683939806216564
-10.06030150753769            1.4683938351143637
-9.944723618090451            1.468394063798215
-9.829145728643216            1.468393437272927
-9.71356783919598             1.4683946145364701
-9.597989949748744            1.4683940339143464
-9.482412060301508            1.4683939741050511
-9.366834170854272            1.4683941050781086
-9.251256281407034            1.4683939811461855
-9.135678391959798            1.4683938806749295
-9.020100502512562            1.4683940107661373
-8.904522613065327            1.4683933622112824
-8.78894472361809             1.468393298534926
-8.673366834170855            1.4683952499820772
-8.557788944723619            1.4683939738459406
-8.442211055276381            1.468395176843387
-8.326633165829145            1.4683933376447809
-8.21105527638191             1.4683934676280554
-8.095477386934673            1.4683940917306348
-7.9798994974874375           1.4683938584532188
-7.864321608040202            1.4683938286614064
-7.748743718592964            1.468393719852427
-7.633165829145728            1.4683939063133056
-7.517587939698492            1.468393614886457
-7.402010050251256            1.4683942098144769
-7.28643216080402             1.4683938271283845
-7.170854271356784            1.468393753893827
-7.055276381909547            1.4683934849367384
-6.939698492462311            1.4683937693214801
-6.824120603015075            1.4683937698123826
-6.708542713567839            1.4683935205081557
-6.592964824120603            1.468393777386043
-6.477386934673367            1.4683938354398378
-6.361809045226131            1.468393778431001
-6.246231155778894            1.4683936241045772
-6.130653266331658            1.4683936893259348
-6.015075376884422            1.4683936639805253
-5.899497487437186            1.4683937173096777
-5.78391959798995             1.468393635231661
-5.668341708542714            1.4683936794403007
-5.5527638190954764           1.4683935227478009
-5.4371859296482405           1.4683933210522417
-5.321608040201005            1.4683934803660161
-5.206030150753769            1.4683936379328109
-5.090452261306533            1.4683937688025863
-4.974874371859297            1.468393528001521
-4.859296482412061            1.4683938064723883
-4.743718592964823            1.4683936011327705
-4.628140703517587            1.4683937515340668
-4.5125628140703515           1.4683935936862558
-4.396984924623116            1.4683935677568576
-4.28140703517588             1.4683935929279262
-4.165829145728644            1.4683935840721616
-4.050251256281406            1.4683934111424293
-3.934673366834172            1.4683936062356224
-3.8190954773869343           1.468393635889542
-3.7035175879396967           1.4683935564349666
-3.5879396984924625           1.4683935895130198
-3.472361809045225            1.4683935732238378
-3.3567839195979907           1.4683935779562336
-3.241206030150753            1.4683935608902776
-3.125628140703519            1.46839351223037
-3.0100502512562812           1.4683935112096007
-2.8944723618090435           1.468393612510901
-2.7788944723618094           1.4683933739440904
-2.6633165829145717           1.468393540280677
-2.5477386934673376           1.4683935054596344
-2.4321608040201              1.4683934943408716
-2.316582914572866            1.468393506434777
-2.201005025125628            1.4683935141608564
-2.0854271356783904           1.46839350001627
-1.9698492462311563           1.468393460341889
-1.8542713567839186           1.4683933920831158
-1.7386934673366845           1.4683934256346958
-1.6231155778894468           1.4683933636960802
-1.5075376884422127           1.468393460713235
-1.391959798994975            1.4683934118250717
-1.2763819095477373           1.468393442278733
-1.1608040201005032           1.4683934538196484
-1.0452261306532655           1.4683934268258578
-0.9296482412060314           1.4683933245422043
-0.8140703517587937           1.468393219043635
-0.698492462311556            1.4683921546610748
-0.5829145728643219           1.46838897216816
-0.46733668341708423          1.4683780683319865
-0.3517587939698501           1.468341511690953
-0.23618090452261245          1.4682220932706056
-0.12060301507537828          1.4678450322960988
-0.005025125628140596         1.4667072959992373
0.11055276381909708           1.4634668583608346
0.22613065326633117           1.4548763989916313
0.34170854271356893           1.4339568544506405
0.457286432160803             1.3875913302146987
0.5728643216080407            1.2942757229205317
0.6884422110552748            1.1227633019727508
0.8040201005025125            0.83145556512592
0.9195979899497502            0.36754881600499373
1.0351758793969843            -0.3349988395742882
1.150753768844222             -1.359093844483804
1.266331658291456             -2.8099974872790994
1.3819095477386938            -4.823136264515368
1.4974874371859315            -7.574387334416645
1.6130653266331656            -11.292754915138016
1.7286432160804033            -16.276335803246436
1.8442211055276374            -22.91329226060838
1.959798994974875             -31.70947196923232
2.075376884422109             -43.32448426089203
2.190954773869347             -58.61872288560189
2.3065326633165846            -78.71468021961199
2.4221105527638187            -105.07692666780342
2.5376884422110564            -139.6164565913054
2.6532663316582905            -184.82683616541246
2.768844221105528             -245.71207207455254
