-20.0                         0.6269469145359571
-19.884422110552762           0.6269477913735972
-19.768844221105528           0.626946812004675
-19.65326633165829            0.6269458227429225
-19.537688442211056           0.6269467843646561
-19.42211055276382            0.6269467094885284
-19.306532663316585           0.6269469881355834
-19.190954773869347           0.6269457864624981
-19.07537688442211            0.6269469459897711
-18.959798994974875           0.6269466652987759
-18.844221105527637           0.626947855076251
-18.728643216080403           0.626946656011507
-18.613065326633166           0.6269467160437623
-18.49748743718593            0.6269466278169998
-18.381909547738694           0.6269485589001317
-18.266331658291456           0.6269464651072857
-18.150753768844222           0.626946549126135
-18.035175879396984           0.6269464085145289
-17.91959798994975            0.6269465157314945
-17.804020100502512           0.6269468487815214
-17.688442211055275           0.626946782467789
-17.57286432160804            0.6269462668858878
-17.457286432160803           0.626946237889737
-17.34170854271357            0.6269464878395252
-17.22613065326633            0.6269466223100258
-17.110552763819094           0.6269461863136611
-16.99497487437186            0.6269465534345245
-16.87939698492462            0.6269463191500806
-16.763819095477388           0.6269467253473566
-16.64824120603015            0.626946323630974
-16.532663316582916           0.6269461829232561
-16.417085427135678           0.6269462560995203
-16.301507537688444           0.6269458320150525
-16.185929648241206           0.6269462591680769
-16.07035175879397            0.6269464456151375
-15.954773869346734           0.6269453495713331
-15.839195979899497           0.626946151406002
-15.72361809045226            0.6269462079009971
-15.608040201005025           0.6269465920810722
-15.492462311557789           0.6269461151498733
-15.376884422110553           0.6269459052443507
-15.261306532663315           0.626946220543538
-15.145728643216081           0.626946105850026
-15.030150753768844           0.6269468874130777
-14.914572864321608           0.6269458836213533
-14.798994974874372           0.626945263266316
-14.683417085427136           0.6269460991603295
-14.5678391959799             0.6269460324215401
-14.452261306532662           0.6269459928758142
-14.336683417085428           0.6269459378134797
-14.22110552763819            0.6269461772080004
-14.105527638190955           0.6269458954916488
-13.989949748743719           0.6269450991271157
-13.874371859296481           0.6269457609247687
-13.758793969849247           0.6269465072973662
-13.64321608040201            0.6269458522021956
-13.527638190954773           0.6269453303217314
-13.412060301507537           0.6269458677172639
-13.296482412060302           0.6269458750137411
-13.180904522613066           0.6269459477854841
-13.065326633165828           0.6269454172156047
-12.949748743718594           0.6269458895626916
-12.834170854271356           0.6269454046963299
-12.71859296482412            0.6269460388488242
-12.603015075376884           0.6269452845086619
-12.487437185929648           0.626945873582883
-12.371859296482413           0.6269457217650637
-12.256281407035175           0.6269459184180267
-12.14070351758794            0.6269457147743589
-12.025125628140703           0.6269456930125213
-11.909547738693467           0.6269455580376221
-11.793969849246231           0.6269454224426948
-11.678391959798995           0.626945682077366
-11.56281407035176            0.6269456400831024
-11.447236180904522           0.626945934189143
-11.331658291457286           0.6269457054314058
-11.21608040201005            0.6269456297470182
-11.100502512562814           0.6269459921215548
-10.984924623115578           0.6269456908039509
-10.869346733668342           0.6269455552950798
-10.753768844221106           0.6269449918596524
-10.638190954773869           0.6269456542924778
-10.522613065326633           0.6269454897720648
-10.407035175879397           0.6269456603355097
-10.291457286432161           0.6269461667540426
-10.175879396984925           0.6269455344131538
-10.06030150753769            0.6269454074418938
-9.944723618090451            0.6269455140215302
-9.829145728643216            0.6269453046188472
-9.71356783919598             0.626945875256178
-9.597989949748744            0.6269454864219693
-9.482412060301508            0.6269454680692101
-9.366834170854272            0.6269455374715117
-9.251256281407034            0.6269454690373878
-9.135678391959798            0.6269454307001605
-9.020100502512562            0.6269455928258221
-8.904522613065327            0.6269451352542869
-8.78894472361809             0.6269450353901028
-8.673366834170855            0.6269463407691234
-8.557788944723619            0.6269454166138467
-8.442211055276381            0.626946283848949
-8.326633165829145            0.6269450575624251
-8.21105527638191             0.6269452568944496
-8.095477386934673            0.6269454122952111
-7.9798994974874375           0.6269453662313014
-7.864321608040202            0.6269453256984474
-7.748743718592964            0.6269452723853639
-7.633165829145728            0.6269453588443042
-7.517587939698492            0.6269451397402505
-7.402010050251256            0.6269455500562082
-7.28643216080402             0.6269453363985659
-7.170854271356784            0.6269452749572378
-7.055276381909547            0.6269450221084137
-6.939698492462311            0.6269452533842482
-6.824120603015075            0.6269452779318301
-6.708542713567839            0.6269451707275971
-6.592964824120603            0.6269452349437504
-6.477386934673367            0.6269451786415893
-6.361809045226131            0.6269452216136683
-6.246231155778894            0.6269451307030734
-6.130653266331658            0.6269452215682294
-6.015075376884422            0.6269452284424194
-5.899497487437186            0.6269452848600472
-5.78391959798995             0.6269451770748332
-5.668341708542714            0.6269451879765414
-5.5527638190954764           0.626945054112579
-5.4371859296482405           0.6269449411786794
-5.321608040201005            0.6269450616256051
-5.206030150753769            0.626945103024102
-5.090452261306533            0.6269451667109308
-4.974874371859297            0.6269451666055444
-4.859296482412061            0.6269453272042262
-4.743718592964823            0.626945133643362
-4.628140703517587            0.6269452116281178
-4.5125628140703515           0.6269450676303024
-4.396984924623116            0.6269450896076607
-4.28140703517588             0.6269451085790908
-4.165829145728644            0.6269450847782099
-4.050251256281406            0.6269450269000985
-3.934673366834172            0.626945100241935
-3.8190954773869343           0.6269451108267539
-3.7035175879396967           0.6269450597225532
-3.5879396984924625           0.6269450660439554
-3.472361809045225            0.6269450537917943
-3.3567839195979907           0.6269450732584144
-3.241206030150753            0.626945022644472
-3.125628140703519            0.6269450207895311
-3.0100502512562812           0.6269450257235585
-2.8944723618090435           0.6269450320877253
-2.7788944723618094           0.626944915402825
-2.6633165829145717           0.6269449893503557
-2.5477386934673376           0.6269450040500527
-2.4321608040201              0.6269449990877388
-2.316582914572866            0.6269449995963938
-2.201005025125628            0.6269450109595258
-2.0854271356783904           0.6269449999524043
-1.9698492462311563           0.626944959185597
-1.8542713567839186           0.6269448955469994
-1.7386934673366845           0.6269448884103912
-1.6231155778894468           0.6269447753864267
-1.5075376884422127           0.6269446618405516
-1.391959798994975            0.6269442168845876
-1.2763819095477373           0.6269431753972492
-1.1608040201005032           0.6269406614897354
-1.0452261306532655           0.626934582144874
-0.9296482412060314           0.6269200536664762
-0.8140703517587937           0.626885515223126
-0.698492462311556            0.6268035838856676
-0.5829145728643219           0.6266122190827138
-0.46733668341708423          0.6261708538182641
-0.3517587939698501           0.6251715600028763
-0.23618090452261245          0.622962560142305
-0.12060301507537828          0.6182250311047027
-0.005025125628140596         0.6084350820366577
0.11055276381909708           0.5890702253445793
0.22613065326633117           0.5525982794247596
0.34170854271356893           0.48738202138543424
0.457286432160803             0.37664921707336785
0.5728643216080407            0.19755236068543763
0.6884422110552748            -0.07985691780387061
0.8040201005025125            -0.4940359374906873
0.9195979899497502            -1.0940225305266933
1.0351758793969843            -1.9423857362487809
1.150753768844222             -3.1192837587031375
1.266331658291456             -4.728040093629858
1.3819095477386938            -6.902786231623628
1.4974874371859315            -9.818445056004144
1.6130653266331656            -13.703240422650069
1.7286432160804033            -18.85466779694657
1.8442211055276374            -25.660469603053745
1.959798994974875             -34.62620976017543
2.075376884422109             -46.411302750037
2.190954773869347             -61.87600530490628
2.3065326633165846            -82.14271154318597
2.4221105527638187            -108.67592032677308
2.5376884422110564            -143.38657330723333
2.6532663316582905            -188.7681974676067
2.768844221105528             -249.82380574289425
