-20.0                         0.9187944844226673
-19.884422110552762           0.918795533973733
-19.768844221105528           0.9187943509262758
-19.65326633165829            0.9187933041076695
-19.537688442211056           0.9187944025190332
-19.42211055276382            0.9187941918740452
-19.306532663316585           0.9187945068393718
-19.190954773869347           0.9187929877161919
-19.07537688442211            0.9187945865305354
-18.959798994974875           0.9187942409211847
-18.844221105527637           0.9187955457754503
-18.728643216080403           0.9187940938914473
-18.613065326633166           0.9187943997649763
-18.49748743718593            0.9187941604691339
-18.381909547738694           0.9187965083389235
-18.266331658291456           0.9187940202658071
-18.150753768844222           0.9187940974924794
-18.035175879396984           0.9187942644051657
-17.91959798994975            0.918794057980429
-17.804020100502512           0.9187945349736698
-17.688442211055275           0.9187942370477289
-17.57286432160804            0.918793743748898
-17.457286432160803           0.9187937968974039
-17.34170854271357            0.9187939642581933
-17.22613065326633            0.9187940114696876
-17.110552763819094           0.918793752107129
-16.99497487437186            0.9187942220835065
-16.87939698492462            0.9187936585991455
-16.763819095477388           0.9187944423654623
-16.64824120603015            0.9187937618550736
-16.532663316582916           0.9187938604417025
-16.417085427135678           0.9187937932964105
-16.301507537688444           0.9187932037327724
-16.185929648241206           0.9187938044632865
-16.07035175879397            0.9187940758626382
-15.954773869346734           0.918792711424002
-15.839195979899497           0.9187937136229442
-15.72361809045226            0.9187938278370897
-15.608040201005025           0.9187945166829502
-15.492462311557789           0.9187937031347136
-15.376884422110553           0.9187936478812929
-15.261306532663315           0.9187937950515921
-15.145728643216081           0.9187937132220302
-15.030150753768844           0.9187945793941122
-14.914572864321608           0.9187934407494008
-14.798994974874372           0.9187927173275835
-14.683417085427136           0.9187937112594761
-14.5678391959799             0.9187936351391979
-14.452261306532662           0.9187935939632526
-14.336683417085428           0.9187935110861322
-14.22110552763819            0.9187940223863748
-14.105527638190955           0.9187934608896099
-13.989949748743719           0.9187925570732387
-13.874371859296481           0.9187933069172376
-13.758793969849247           0.9187940169895726
-13.64321608040201            0.9187934066312098
-13.527638190954773           0.9187927171729764
-13.412060301507537           0.9187934498545947
-13.296482412060302           0.9187932611155493
-13.180904522613066           0.9187935938748953
-13.065326633165828           0.9187930444082378
-12.949748743718594           0.9187934385103212
-12.834170854271356           0.9187929531045119
-12.71859296482412            0.9187936308567894
-12.603015075376884           0.9187928643794279
-12.487437185929648           0.9187934584831267
-12.371859296482413           0.9187932207749664
-12.256281407035175           0.9187935318486816
-12.14070351758794            0.9187933008072456
-12.025125628140703           0.9187931052690608
-11.909547738693467           0.9187931179407168
-11.793969849246231           0.9187930290262696
-11.678391959798995           0.9187932808325475
-11.56281407035176            0.9187932180881813
-11.447236180904522           0.918793592724103
-11.331658291457286           0.9187932835639673
-11.21608040201005            0.9187932038841832
-11.100502512562814           0.918793519329124
-10.984924623115578           0.9187932725627126
-10.869346733668342           0.9187931352820042
-10.753768844221106           0.9187924697660175
-10.638190954773869           0.9187932818657658
-10.522613065326633           0.9187930457499389
-10.407035175879397           0.9187932725261413
-10.291457286432161           0.9187939622369898
-10.175879396984925           0.9187931069328515
-10.06030150753769            0.9187929716806097
-9.944723618090451            0.9187931128895623
-9.829145728643216            0.9187927560612932
-9.71356783919598             0.9187935878646017
-9.597989949748744            0.9187930924700858
-9.482412060301508            0.9187930567965056
-9.366834170854272            0.9187931590690224
-9.251256281407034            0.9187930628134192
-9.135678391959798            0.9187929965725139
-9.020100502512562            0.918793186554453
-8.904522613065327            0.9187926159396137
-8.78894472361809             0.9187925372462646
-8.673366834170855            0.9187940893719634
-8.557788944723619            0.9187930281431237
-8.442211055276381            0.9187940262506664
-8.326633165829145            0.9187925663539017
-8.21105527638191             0.9187927413358076
-8.095477386934673            0.9187930719222963
-7.9798994974874375           0.9187929628532375
-7.864321608040202            0.9187929179838648
-7.748743718592964            0.9187928447832551
-7.633165829145728            0.9187929691156447
-7.517587939698492            0.9187926998450309
-7.402010050251256            0.9187932227147163
-7.28643216080402             0.9187929277257754
-7.170854271356784            0.9187928582710632
-7.055276381909547            0.9187925881076089
-6.939698492462311            0.9187928486039387
-6.824120603015075            0.9187928685821805
-6.708542713567839            0.9187927078550088
-6.592964824120603            0.9187928398504057
-6.477386934673367            0.9187928176108106
-6.361809045226131            0.9187928298561974
-6.246231155778894            0.9187927185915342
-6.130653266331658            0.918792805648664
-6.015075376884422            0.9187928081215357
-5.899497487437186            0.9187928703406486
-5.78391959798995             0.9187927536444482
-5.668341708542714            0.9187927767162309
-5.5527638190954764           0.9187926201751959
-5.4371859296482405           0.91879248712506
-5.321608040201005            0.9187926131982234
-5.206030150753769            0.9187926952898088
-5.090452261306533            0.918792795777969
-4.974874371859297            0.9187927133879276
-4.859296482412061            0.9187929196523102
-4.743718592964823            0.9187927168492315
-4.628140703517587            0.9187928189907042
-4.5125628140703515           0.9187926587634607
-4.396984924623116            0.918792672718135
-4.28140703517588             0.918792696671603
-4.165829145728644            0.9187926743305148
-4.050251256281406            0.9187925754671897
-3.934673366834172            0.9187926964548635
-3.8190954773869343           0.9187927134782097
-3.7035175879396967           0.9187926511473372
-3.5879396984924625           0.9187926665875589
-3.472361809045225            0.9187926524092641
-3.3567839195979907           0.9187926725867712
-3.241206030150753            0.9187926208952815
-3.125628140703519            0.9187926092977582
-3.0100502512562812           0.9187926128072093
-2.8944723618090435           0.9187926499354954
-2.7788944723618094           0.9187924911204679
-2.6633165829145717           0.9187925962911796
-2.5477386934673376           0.9187925966663637
-2.4321608040201              0.9187925906836746
-2.316582914572866            0.918792594533704
-2.201005025125628            0.9187926088226691
-2.0854271356783904           0.9187925964693084
-1.9698492462311563           0.9187925561872232
-1.8542713567839186           0.9187924962302424
-1.7386934673366845           0.9187925201613354
-1.6231155778894468           0.9187924719708978
-1.5075376884422127           0.9187925373957477
-1.391959798994975            0.9187924785589091
-1.2763819095477373           0.9187924001223146
-1.1608040201005032           0.918792149087319
-1.0452261306532655           0.9187914009082664
-0.9296482412060314           0.9187893415926471
-0.8140703517587937           0.9187837539573417
-0.698492462311556            0.9187679674004269
-0.5829145728643219           0.9187253543308522
-0.46733668341708423          0.9186110382126071
-0.3517587939698501           0.918310259560713
-0.23618090452261245          0.9175386517499352
-0.12060301507537828          0.9156230549657234
-0.005025125628140596         0.9110614669348981
0.11055276381909708           0.900739864374784
0.22613065326633117           0.8787417651332043
0.34170854271356893           0.8348624716576998
0.457286432160803             0.7531372203150712
0.5728643216080407            0.6106714909511146
0.6884422110552748            0.3767277244827511
0.8040201005025125            0.011651872211607229
0.9195979899497502            -0.5348594186881154
1.0351758793969843            -1.3264934340198697
1.150753768844222             -2.4442855923738973
1.266331658291456             -3.9921817693363737
1.3819095477386938            -6.104738075841724
1.4974874371859315            -8.957200842164065
1.6130653266331656            -12.77806532506949
1.7286432160804033            -17.86503969401886
1.8442211055276374            -24.606017180194968
1.959798994974875             -33.50666511040407
2.075376884422109             -45.226469821384015
2.190954773869347             -60.62573904191276
2.3065326633165846            -80.8269037217626
2.4221105527638187            -107.29448968757046
2.5376884422110564            -141.93945854128103
2.6532663316582905            -187.25535214834693
2.768844221105528             -248.24556453686412
