-20.0                         0.4855175482412278
-19.884422110552762           0.48551834407602834
-19.768844221105528           0.48551746139240637
-19.65326633165829            0.4855165255093995
-19.537688442211056           0.48551741915136365
-19.42211055276382            0.4855173998908299
-19.306532663316585           0.485517626130484
-19.190954773869347           0.4855166394095464
-19.07537688442211            0.4855175506879079
-18.959798994974875           0.4855173128601165
-18.844221105527637           0.4855183776563213
-18.728643216080403           0.4855173447303204
-18.613065326633166           0.4855173115619188
-18.49748743718593            0.48551728094414676
-18.381909547738694           0.48551896757172164
-18.266331658291456           0.48551712031658023
-18.150753768844222           0.48551720682981075
-18.035175879396984           0.48551693647499644
-17.91959798994975            0.485517165004628
-17.804020100502512           0.4855174263410169
-17.688442211055275           0.48551744403424846
-17.57286432160804            0.48551697819282175
-17.457286432160803           0.4855168928925303
-17.34170854271357            0.4855171575670651
-17.22613065326633            0.4855173216579434
-17.110552763819094           0.4855168424444292
-16.99497487437186            0.4855171440073099
-16.87939698492462            0.485517059104937
-16.763819095477388           0.4855172951102249
-16.64824120603015            0.4855170220701714
-16.532663316582916           0.48551681148338305
-16.417085427135678           0.4855169199513709
-16.301507537688444           0.48551659542622233
-16.185929648241206           0.485516913052726
-16.07035175879397            0.48551705616804264
-15.954773869346734           0.48551610995931793
-15.839195979899497           0.4855168023741174
-15.72361809045226            0.48551683916962596
-15.608040201005025           0.48551706838133196
-15.492462311557789           0.48551675400925215
-15.376884422110553           0.4855165016549454
-15.261306532663315           0.4855168584626869
-15.145728643216081           0.485516736372182
-15.030150753768844           0.48551743274476705
-14.914572864321608           0.4855165392500901
-14.798994974874372           0.48551599093686226
-14.683417085427136           0.4855167248645712
-14.5678391959799             0.4855166754366037
-14.452261306532662           0.48551663732822387
-14.336683417085428           0.48551658397449643
-14.22110552763819            0.4855167004634433
-14.105527638190955           0.4855165509541111
-13.989949748743719           0.48551581129228477
-13.874371859296481           0.4855164218776085
-13.758793969849247           0.4855171710838122
-13.64321608040201            0.4855165104057972
-13.527638190954773           0.48551608327249085
-13.412060301507537           0.4855165128125567
-13.296482412060302           0.48551660358133203
-13.180904522613066           0.4855165595671751
-13.065326633165828           0.4855160530216512
-12.949748743718594           0.48551654261551824
-12.834170854271356           0.48551606735689823
-12.71859296482412            0.485516669000963
-12.603015075376884           0.4855159438426414
-12.487437185929648           0.48551650693425286
-12.371859296482413           0.48551639966675175
-12.256281407035175           0.4855165370082739
-12.14070351758794            0.4855163549984714
-12.025125628140703           0.4855164116553689
-11.909547738693467           0.48551621166000336
-11.793969849246231           0.4855160759146577
-11.678391959798995           0.4855163183304852
-11.56281407035176            0.485516283924522
-11.447236180904522           0.48551653521313926
-11.331658291457286           0.48551634586347325
-11.21608040201005            0.4855162747831131
-11.100502512562814           0.48551665208613337
-10.984924623115578           0.48551632875419204
-10.869346733668342           0.48551619860571504
-10.753768844221106           0.48551569102917924
-10.638190954773869           0.48551627517290114
-10.522613065326633           0.48551614595189785
-10.407035175879397           0.4855162783002453
-10.291457286432161           0.4855166925428944
-10.175879396984925           0.48551617835689537
-10.06030150753769            0.4855160583851927
-9.944723618090451            0.4855161501551181
-9.829145728643216            0.4855160131756178
-9.71356783919598             0.4855164369953987
-9.597989949748744            0.48551611807282685
-9.482412060301508            0.4855161082477918
-9.366834170854272            0.4855161567615812
-9.251256281407034            0.48551610443119025
-9.135678391959798            0.4855160796581833
-9.020100502512562            0.4855162127881076
-8.904522613065327            0.4855158333772433
-8.78894472361809             0.4855157201519256
-8.673366834170855            0.48551689006067766
-8.557788944723619            0.48551604293665224
-8.442211055276381            0.4855168365564976
-8.326633165829145            0.48551573821664934
-8.21105527638191             0.4855159461791167
-8.095477386934673            0.4855160178615454
-7.9798994974874375           0.4855159978857958
-7.864321608040202            0.4855159622968048
-7.748743718592964            0.4855159184675973
-7.633165829145728            0.4855159857339919
-7.517587939698492            0.48551580184571363
-7.402010050251256            0.4855161362494427
-7.28643216080402             0.4855159708673626
-7.170854271356784            0.48551591552540135
-7.055276381909547            0.48551567822181907
-6.939698492462311            0.48551588928499356
-6.824120603015075            0.4855159133961278
-6.708542713567839            0.4855158346442875
-6.592964824120603            0.48551586538966673
-6.477386934673367            0.4855157959400394
-6.361809045226131            0.485515851722916
-6.246231155778894            0.485515769572635
-6.130653266331658            0.4855158590150006
-6.015075376884422            0.48551586494839793
-5.899497487437186            0.48551591464978544
-5.78391959798995             0.4855158198964532
-5.668341708542714            0.4855158254611217
-5.5527638190954764           0.4855157092205961
-5.4371859296482405           0.4855156021464338
-5.321608040201005            0.4855157214107587
-5.206030150753769            0.48551574400525593
-5.090452261306533            0.48551578644370386
-4.974874371859297            0.485515820641646
-4.859296482412061            0.48551595707599854
-4.743718592964823            0.4855157714564051
-4.628140703517587            0.4855158387358071
-4.5125628140703515           0.48551570820963313
-4.396984924623116            0.48551572907336044
-4.28140703517588             0.48551574471647474
-4.165829145728644            0.48551572218648803
-4.050251256281406            0.4855156845213428
-3.934673366834172            0.4855157328518001
-3.8190954773869343           0.4855157403619363
-3.7035175879396967           0.48551569559602187
-3.5879396984924625           0.48551569799724464
-3.472361809045225            0.48551568659778804
-3.3567839195979907           0.4855157037093942
-3.241206030150753            0.4855156589085056
-3.125628140703519            0.48551565830180926
-3.0100502512562812           0.4855156633131921
-2.8944723618090435           0.4855156563752616
-2.7788944723618094           0.48551556008912816
-2.6633165829145717           0.485515619009214
-2.5477386934673376           0.485515638770774
-2.4321608040201              0.4855156329907751
-2.316582914572866            0.4855156299356356
-2.201005025125628            0.4855156336730008
-2.0854271356783904           0.4855156129928912
-1.9698492462311563           0.4855155499324306
-1.8542713567839186           0.4855154353280496
-1.7386934673366845           0.48551530386119535
-1.6231155778894468           0.48551492244206107
-1.5075376884422127           0.4855142155628668
-1.391959798994975            0.4855125048961226
-1.2763819095477373           0.4855087145054564
-1.1608040201005032           0.48550031464389953
-1.0452261306532655           0.48548170690472264
-0.9296482412060314           0.4854407496248631
-0.8140703517587937           0.4853510738051803
-0.698492462311556            0.4851558742057875
-0.5829145728643219           0.4847360694727326
-0.46733668341708423          0.48384491906150356
-0.3517587939698501           0.48198643642440586
-0.23618090452261245          0.47819711740308113
-0.12060301507537828          0.47068434833389255
-0.005025125628140596         0.45628106170832566
0.11055276381909708           0.4297118033717486
0.22613065326633117           0.3827230544201348
0.34170854271356893           0.3031712466455294
0.457286432160803             0.17412896761646648
0.5728643216080407            -0.027039460822301544
0.6884422110552748            -0.3298038284268138
0.8040201005025125            -0.7720232722720977
0.9195979899497502            -1.4021422576170588
1.0351758793969843            -2.282214977022368
1.150753768844222             -3.4919953377422046
1.266331658291456             -5.134517221209883
1.3819095477386938            -7.3437102370626315
1.4974874371859315            -10.294338483471273
1.6130653266331656            -14.21448929158268
1.7286432160804033            -19.40154938397457
1.8442211055276374            -26.243182951593052
1.959798994974875             -35.24489953529735
2.075376884422109             -47.066075403779095
2.190954773869347             -62.56693992982643
2.3065326633165846            -82.86986733717607
2.4221105527638187            -109.4393418458511
2.5376884422110564            -144.18629423030742
2.6532663316582905            -189.60424333413852
2.768844221105528             -250.6959916725425
