-20.0                         0.13927420951392802
-19.884422110552762           0.13927474464804818
-19.768844221105528           0.13927415713746633
-19.65326633165829            0.13927347798183823
-19.537688442211056           0.1392741287282303
-19.42211055276382            0.1392742083123546
-19.306532663316585           0.13927421105478985
-19.190954773869347           0.13927397473201966
-19.07537688442211            0.13927413334126348
-18.959798994974875           0.13927404390500478
-18.844221105527637           0.13927449441873999
-18.728643216080403           0.13927406176145013
-18.613065326633166           0.13927392036088004
-18.49748743718593            0.13927397989243923
-18.381909547738694           0.13927480584399185
-18.266331658291456           0.13927386679392473
-18.150753768844222           0.1392739450966953
-18.035175879396984           0.13927347267956758
-17.91959798994975            0.13927386131830266
-17.804020100502512           0.13927393082064546
-17.688442211055275           0.13927401428202565
-17.57286432160804            0.13927385765692252
-17.457286432160803           0.13927365056992222
-17.34170854271357            0.13927383604464086
-17.22613065326633            0.1392739800846831
-17.110552763819094           0.139273624814713
-16.99497487437186            0.13927373256514422
-16.87939698492462            0.13927386794485666
-16.763819095477388           0.13927379276083027
-16.64824120603015            0.13927377130311694
-16.532663316582916           0.13927359900515485
-16.417085427135678           0.13927368329389073
-16.301507537688444           0.13927362621085973
-16.185929648241206           0.13927361491689597
-16.07035175879397            0.13927366784890605
-15.954773869346734           0.13927319923323966
-15.839195979899497           0.13927353333653608
-15.72361809045226            0.1392735361681175
-15.608040201005025           0.1392734283515136
-15.492462311557789           0.1392734556705388
-15.376884422110553           0.13927326192298548
-15.261306532663315           0.1392735195029808
-15.145728643216081           0.1392734262528883
-15.030150753768844           0.13927371930614732
-14.914572864321608           0.13927329640418043
-14.798994974874372           0.1392730500589685
-14.683417085427136           0.13927338796859745
-14.5678391959799             0.13927340536242122
-14.452261306532662           0.13927337279859378
-14.336683417085428           0.13927330328687407
-14.22110552763819            0.13927320096484413
-14.105527638190955           0.1392733082974873
-13.989949748743719           0.13927277243802172
-13.874371859296481           0.13927319136346056
-13.758793969849247           0.13927382171345265
-13.64321608040201            0.13927326003593196
-13.527638190954773           0.13927314037776437
-13.412060301507537           0.13927323465283942
-13.296482412060302           0.13927344027745375
-13.180904522613066           0.13927320554761372
-13.065326633165828           0.13927284304097887
-12.949748743718594           0.13927324423061285
-12.834170854271356           0.1392728630547282
-12.71859296482412            0.13927330176926342
-12.603015075376884           0.13927279598304382
-12.487437185929648           0.13927316191203842
-12.371859296482413           0.13927314728837548
-12.256281407035175           0.13927316612584825
-12.14070351758794            0.1392730570125494
-12.025125628140703           0.13927324422448242
-11.909547738693467           0.1392729588314918
-11.793969849246231           0.13927291110098836
-11.678391959798995           0.13927301950197143
-11.56281407035176            0.1392729988008647
-11.447236180904522           0.1392731146861799
-11.331658291457286           0.1392730283995336
-11.21608040201005            0.13927298394187218
-11.100502512562814           0.1392733318240849
-10.984924623115578           0.1392730009488561
-10.869346733668342           0.1392729108422841
-10.753768844221106           0.13927259437098066
-10.638190954773869           0.13927293420591638
-10.522613065326633           0.13927289561518835
-10.407035175879397           0.13927290997317507
-10.291457286432161           0.13927305183617436
-10.175879396984925           0.13927287712313952
-10.06030150753769            0.13927279448803379
-9.944723618090451            0.1392728445541497
-9.829145728643216            0.1392728825258287
-9.71356783919598             0.1392728938042873
-9.597989949748744            0.13927280519372878
-9.482412060301508            0.1392728129088342
-9.366834170854272            0.13927279877756565
-9.251256281407034            0.13927278837431803
-9.135678391959798            0.13927278687409872
-9.020100502512562            0.1392728100265635
-8.904522613065327            0.13927270905492606
-8.78894472361809             0.13927256609455857
-8.673366834170855            0.13927327887286936
-8.557788944723619            0.13927270488330618
-8.442211055276381            0.13927323704271072
-8.326633165829145            0.13927256814235003
-8.21105527638191             0.13927275273711795
-8.095477386934673            0.1392726580105692
-7.9798994974874375           0.13927267296135779
-7.864321608040202            0.13927265543306674
-7.748743718592964            0.1392726354787557
-7.633165829145728            0.1392726498603535
-7.517587939698492            0.1392725907682144
-7.402010050251256            0.13927266841997094
-7.28643216080402             0.13927264460742064
-7.170854271356784            0.13927261372013489
-7.055276381909547            0.13927246097931303
-6.939698492462311            0.1392725817297762
-6.824120603015075            0.13927259231563008
-6.708542713567839            0.13927259837627384
-6.592964824120603            0.13927254316863225
-6.477386934673367            0.13927246111943226
-6.361809045226131            0.13927253469229783
-6.246231155778894            0.13927247120900318
-6.130653266331658            0.13927253934413308
-6.015075376884422            0.13927253664410197
-5.899497487437186            0.139272551754304
-5.78391959798995             0.13927251697428253
-5.668341708542714            0.1392725140249113
-5.5527638190954764           0.13927246500264054
-5.4371859296482405           0.13927237163789338
-5.321608040201005            0.13927247418292796
-5.206030150753769            0.13927245734885865
-5.090452261306533            0.13927244929199784
-4.974874371859297            0.1392725222955813
-4.859296482412061            0.13927258905573592
-4.743718592964823            0.13927245266566354
-4.628140703517587            0.13927249331602357
-4.5125628140703515           0.13927241735457221
-4.396984924623116            0.1392724190678438
-4.28140703517588             0.13927242333846857
-4.165829145728644            0.1392724091935154
-4.050251256281406            0.13927241902982884
-3.934673366834172            0.13927240228645826
-3.8190954773869343           0.13927239845685108
-3.7035175879396967           0.1392723704961974
-3.5879396984924625           0.1392723584562169
-3.472361809045225            0.13927233612430437
-3.3567839195979907           0.1392723219060309
-3.241206030150753            0.13927226923401928
-3.125628140703519            0.13927220169907045
-3.0100502512562812           0.13927210445460086
-2.8944723618090435           0.13927190675248008
-2.7788944723618094           0.13927158437897202
-2.6633165829145717           0.1392711371508848
-2.5477386934673376           0.13927037585164406
-2.4321608040201              0.13926905123270392
-2.316582914572866            0.13926683441717222
-2.201005025125628            0.13926312356854897
-2.0854271356783904           0.13925689725080784
-1.9698492462311563           0.13924644565321756
-1.8542713567839186           0.13922894021591894
-1.7386934673366845           0.13919967411096856
-1.6231155778894468           0.13915061609972776
-1.5075376884422127           0.139068639136387
-1.391959798994975            0.13893158062342428
-1.2763819095477373           0.1387028265414289
-1.1608040201005032           0.1383217954611412
-1.0452261306532655           0.13768867918059297
-0.9296482412060314           0.13664028963973798
-0.8140703517587937           0.13491187062531224
-0.698492462311556            0.1320783973604313
-0.5829145728643219           0.12746720146733473
-0.46733668341708423          0.12002989670380129
-0.3517587939698501           0.10816425085722306
-0.23618090452261245          0.08947442246469442
-0.12060301507537828          0.06046256714053239
-0.005025125628140596         0.01614708305814797
0.11055276381909708           -0.050396602458048216
0.22613065326633117           -0.14858416248899733
0.34170854271356893           -0.2909849375001155
0.457286432160803             -0.4941478265480606
0.5728643216080407            -0.7796621298022209
0.6884422110552748            -1.1755473724378185
0.8040201005025125            -1.7180846132073464
0.9195979899497502            -2.4542205313461523
1.0351758793969843            -3.4447145474934557
1.150753768844222             -4.768291152204532
1.266331658291456             -6.527232035639161
1.3819095477386938            -8.854922468168914
1.4974874371859315            -11.925675234800405
1.6130653266331656            -15.967174140161516
1.7286432160804033            -21.27647604045825
1.8442211055276374            -28.241002252142252
1.959798994974875             -37.366089865886075
2.075376884422109             -49.31099181612367
2.190954773869347             -64.93584794748705
2.3065326633165846            -85.36296668352374
2.4221105527638187            -112.05678341524599
2.5376884422110564            -146.92819241064595
2.6532663316582905            -192.47068506013272
2.768844221105528             -253.68634343133647
