-20.0                         0.631682638159933
-19.884422110552762           0.631683517699729
-19.768844221105528           0.6316825351011905
-19.65326633165829            0.6316815443749588
-19.537688442211056           0.6316825082096094
-19.42211055276382            0.6316824313544203
-19.306532663316585           0.6316827113474925
-19.190954773869347           0.6316815032234361
-19.07537688442211            0.6316826706295667
-18.959798994974875           0.6316823886430918
-18.844221105527637           0.6316835817254937
-18.728643216080403           0.6316823776285695
-18.613065326633166           0.6316824411341896
-18.49748743718593            0.6316823507884414
-18.381909547738694           0.6316842894942332
-18.266331658291456           0.6316821881653158
-18.150753768844222           0.631682272086638
-18.035175879396984           0.6316821360786015
-17.91959798994975            0.6316822388463668
-17.804020100502512           0.6316825742751024
-17.688442211055275           0.6316825047619701
-17.57286432160804            0.6316819882271908
-17.457286432160803           0.63168196097905
-17.34170854271357            0.6316822100996037
-17.22613065326633            0.63168234339172
-17.110552763819094           0.6316819094223844
-16.99497487437186            0.6316822785839213
-16.87939698492462            0.6316820390667668
-16.763819095477388           0.6316824511809017
-16.64824120603015            0.6316820450238236
-16.532663316582916           0.6316819072739164
-16.417085427135678           0.6316819788674884
-16.301507537688444           0.6316815516456311
-16.185929648241206           0.6316819821732801
-16.07035175879397            0.6316821700808146
-15.954773869346734           0.6316810692689493
-15.839195979899497           0.6316818745959093
-15.72361809045226            0.6316819318380682
-15.608040201005025           0.6316823211823883
-15.492462311557789           0.6316818387501489
-15.376884422110553           0.6316816306960019
-15.261306532663315           0.6316819440716712
-15.145728643216081           0.6316818297492102
-15.030150753768844           0.6316826136049472
-14.914572864321608           0.6316816066857887
-14.798994974874372           0.6316809842105795
-14.683417085427136           0.6316818231828206
-14.5678391959799             0.6316817560076311
-14.452261306532662           0.631681716419091
-14.336683417085428           0.6316816611691684
-14.22110552763819            0.6316819048321429
-14.105527638190955           0.6316816186015453
-13.989949748743719           0.6316808204173688
-13.874371859296481           0.6316814838098864
-13.758793969849247           0.6316822298706665
-13.64321608040201            0.6316815751843645
-13.527638190954773           0.6316810503120135
-13.412060301507537           0.6316815911463937
-13.296482412060302           0.6316815954742745
-13.180904522613066           0.6316816723165206
-13.065326633165828           0.63168114113076
-12.949748743718594           0.631681612618892
-12.834170854271356           0.631681127564558
-12.71859296482412            0.6316817626461928
-12.603015075376884           0.6316810076443887
-12.487437185929648           0.631681597276453
-12.371859296482413           0.6316814439729361
-12.256281407035175           0.6316816426122862
-12.14070351758794            0.6316814383303421
-12.025125628140703           0.6316814138460076
-11.909547738693467           0.6316812811599946
-11.793969849246231           0.6316811458496682
-11.678391959798995           0.6316814057966923
-11.56281407035176            0.6316813635188401
-11.447236180904522           0.6316816590046599
-11.331658291457286           0.6316814289332686
-11.21608040201005            0.6316813531294474
-11.100502512562814           0.6316817148912601
-10.984924623115578           0.6316814143790249
-10.869346733668342           0.6316812787516125
-10.753768844221106           0.6316807135383056
-10.638190954773869           0.6316813785138281
-10.522613065326633           0.6316812128142127
-10.407035175879397           0.6316813845402979
-10.291457286432161           0.631681893984587
-10.175879396984925           0.6316812578080108
-10.06030150753769            0.6316811306458565
-9.944723618090451            0.6316812377360662
-9.829145728643216            0.6316810259181831
-9.71356783919598             0.6316816012447566
-9.597989949748744            0.6316812102838986
-9.482412060301508            0.6316811916436813
-9.366834170854272            0.6316812616893869
-9.251256281407034            0.6316811927411616
-9.135678391959798            0.6316811539388972
-9.020100502512562            0.6316813168634092
-8.904522613065327            0.631680856959723
-8.78894472361809             0.6316807575116956
-8.673366834170855            0.6316820672028134
-8.557788944723619            0.6316811406180293
-8.442211055276381            0.6316820101740767
-8.326633165829145            0.6316807798110177
-8.21105527638191             0.6316809787969788
-8.095477386934673            0.6316811370457385
-7.9798994974874375           0.6316810900414422
-7.864321608040202            0.6316810493726128
-7.748743718592964            0.6316809957393167
-7.633165829145728            0.6316810828313589
-7.517587939698492            0.6316808626772499
-7.402010050251256            0.6316812752841798
-7.28643216080402             0.6316810601090269
-7.170854271356784            0.6316809984912043
-7.055276381909547            0.6316807452187679
-6.939698492462311            0.631680977089357
-6.824120603015075            0.6316810016168685
-6.708542713567839            0.6316808934937808
-6.592964824120603            0.6316809588221872
-6.477386934673367            0.6316809030049332
-6.361809045226131            0.6316809455205162
-6.246231155778894            0.631680854302653
-6.130653266331658            0.631680945172059
-6.015075376884422            0.6316809520435226
-5.899497487437186            0.6316810086354665
-5.78391959798995             0.6316809005179039
-5.668341708542714            0.631680911608055
-5.5527638190954764           0.6316807772333058
-5.4371859296482405           0.631680664063192
-5.321608040201005            0.631680784556681
-5.206030150753769            0.6316808265993765
-5.090452261306533            0.6316808909696372
-4.974874371859297            0.6316808896267536
-4.859296482412061            0.6316810510101815
-4.743718592964823            0.6316808572337963
-4.628140703517587            0.6316809355888533
-4.5125628140703515           0.631680791207749
-4.396984924623116            0.6316808131610744
-4.28140703517588             0.631680832234142
-4.165829145728644            0.6316808084140972
-4.050251256281406            0.6316807498625218
-3.934673366834172            0.6316808240222297
-3.8190954773869343           0.6316808347098257
-3.7035175879396967           0.6316807834056338
-3.5879396984924625           0.6316807898656268
-3.472361809045225            0.6316807775830415
-3.3567839195979907           0.6316807971075583
-3.241206030150753            0.631680746358079
-3.125628140703519            0.6316807444192365
-3.0100502512562812           0.6316807493420904
-2.8944723618090435           0.6316807561726883
-2.7788944723618094           0.6316806388042522
-2.6633165829145717           0.6316807132524793
-2.5477386934673376           0.6316807277521087
-2.4321608040201              0.6316807227876996
-2.316582914572866            0.6316807233607181
-2.201005025125628            0.6316807348408379
-2.0854271356783904           0.631680723892577
-1.9698492462311563           0.6316806833130358
-1.8542713567839186           0.6316806201775123
-1.7386934673366845           0.6316806146100344
-1.6231155778894468           0.6316805050878169
-1.5075376884422127           0.6316803999122222
-1.391959798994975            0.6316799734035882
-1.2763819095477373           0.6316789745373376
-1.1608040201005032           0.631676556622033
-1.0452261306532655           0.631670692481032
-0.9296482412060314           0.6316566420324136
-0.8140703517587937           0.6316231538573641
-0.698492462311556            0.6315434925060792
-0.5829145728643219           0.631356943594156
-0.46733668341708423          0.6309255474500165
-0.3517587939698501           0.629946260374424
-0.23618090452261245          0.6277758783918173
-0.12060301507537828          0.6231093945355063
-0.005025125628140596         0.6134428291771346
0.11055276381909708           0.5942784853233679
0.22613065326633117           0.558109571283746
0.34170854271356893           0.49331836107693383
0.457286432160803             0.38314062086865613
0.5728643216080407            0.2047238185601538
0.6884422110552748            -0.07189545678579158
0.8040201005025125            -0.48519438758057876
0.9195979899497502            -1.084230877618578
1.0351758793969843            -1.9315914620617747
1.150753768844222             -3.107448067189011
1.266331658291456             -4.715133980963774
1.3819095477386938            -6.88878746537048
1.4974874371859315            -9.803336667440169
1.6130653266331656            -13.687009928738103
1.7286432160804033            -18.837306266447452
1.8442211055276374            -25.64197064641669
1.959798994974875             -34.606568745796416
2.075376884422109             -46.39051627661212
2.190954773869347             -61.85407084917137
2.3065326633165846            -82.11962721876482
2.4221105527638187            -108.65168471511859
2.5376884422110564            -143.36118533682142
2.6532663316582905            -188.74165632629612
2.768844221105528             -249.7961173006832
