-20.0                         0.07873877032576028
-19.884422110552762           0.07873916129540008
-19.768844221105528           0.07873872586616139
-19.65326633165829            0.07873820056135382
-19.537688442211056           0.07873870274593316
-19.42211055276382            0.07873877818458523
-19.306532663316585           0.07873872199264297
-19.190954773869347           0.07873872816100078
-19.07537688442211            0.07873865808933139
-18.959798994974875           0.07873862040933487
-18.844221105527637           0.07873878584770534
-18.728643216080403           0.07873859974661768
-18.613065326633166           0.07873848089301179
-18.49748743718593            0.07873854307279193
-18.381909547738694           0.07873897515618372
-18.266331658291456           0.07873845588095066
-18.150753768844222           0.07873851361713011
-18.035175879396984           0.07873809133289894
-17.91959798994975            0.0787384280223169
-17.804020100502512           0.07873843886998737
-17.688442211055275           0.07873847958658765
-17.57286432160804            0.07873844025171901
-17.457286432160803           0.07873825257063675
-17.34170854271357            0.07873836962670466
-17.22613065326633            0.07873844924158115
-17.110552763819094           0.07873824300281868
-16.99497487437186            0.07873828764179261
-16.87939698492462            0.07873838344652656
-16.763819095477388           0.07873829259540134
-16.64824120603015            0.07873830323393813
-16.532663316582916           0.078738216390973
-16.417085427135678           0.07873826586089824
-16.301507537688444           0.07873825298315841
-16.185929648241206           0.07873817301459037
-16.07035175879397            0.07873820729978556
-15.954773869346734           0.07873793932376488
-15.839195979899497           0.07873811352016066
-15.72361809045226            0.0787381060904359
-15.608040201005025           0.0787379721074442
-15.492462311557789           0.07873802912634154
-15.376884422110553           0.07873793059107166
-15.261306532663315           0.07873806454534045
-15.145728643216081           0.0787380003918225
-15.030150753768844           0.07873810951076421
-14.914572864321608           0.07873789611604477
-14.798994974874372           0.07873779959962673
-14.683417085427136           0.07873794821855098
-14.5678391959799             0.07873797417063305
-14.452261306532662           0.07873794594680403
-14.336683417085428           0.07873788098906412
-14.22110552763819            0.07873778444227945
-14.105527638190955           0.07873789293223965
-13.989949748743719           0.07873748140435571
-13.874371859296481           0.07873779228195234
-13.758793969849247           0.07873827278952407
-13.64321608040201            0.07873783620320665
-13.527638190954773           0.07873782639404524
-13.412060301507537           0.07873780653270397
-13.296482412060302           0.07873796862469416
-13.180904522613066           0.07873776712746398
-13.065326633165828           0.07873751065510826
-12.949748743718594           0.0787377899633281
-12.834170854271356           0.07873749287371377
-12.71859296482412            0.07873781917236665
-12.603015075376884           0.07873747952949545
-12.487437185929648           0.07873770627464508
-12.371859296482413           0.07873770036601785
-12.256281407035175           0.07873770741185977
-12.14070351758794            0.07873762631146161
-12.025125628140703           0.07873778606325811
-11.909547738693467           0.07873755112230346
-11.793969849246231           0.07873755359778191
-11.678391959798995           0.07873758987550156
-11.56281407035176            0.0787375740363109
-11.447236180904522           0.07873763198929284
-11.331658291457286           0.07873757914623263
-11.21608040201005            0.07873755029044331
-11.100502512562814           0.07873782524636214
-10.984924623115578           0.07873754680045873
-10.869346733668342           0.0787374844639228
-10.753768844221106           0.07873726388810458
-10.638190954773869           0.07873748999488187
-10.522613065326633           0.0787374778794449
-10.407035175879397           0.07873746106997308
-10.291457286432161           0.07873750014920974
-10.175879396984925           0.07873743896686132
-10.06030150753769            0.07873737972875092
-9.944723618090451            0.07873740977898343
-9.829145728643216            0.0787374749393242
-9.71356783919598             0.07873738996588693
-9.597989949748744            0.07873737142830993
-9.482412060301508            0.07873737858665933
-9.366834170854272            0.07873735158554439
-9.251256281407034            0.0787373481749267
-9.135678391959798            0.07873734592428303
-9.020100502512562            0.07873733732060492
-8.904522613065327            0.07873732917118105
-8.78894472361809             0.07873720026719094
-8.673366834170855            0.0787376896144666
-8.557788944723619            0.07873726074954028
-8.442211055276381            0.07873765367536076
-8.326633165829145            0.07873719257441866
-8.21105527638191             0.07873732387191516
-8.095477386934673            0.07873722506752857
-7.9798994974874375           0.07873723289560719
-7.864321608040202            0.07873722094196962
-7.748743718592964            0.07873720905404184
-7.633165829145728            0.07873720536277347
-7.517587939698492            0.07873718832927157
-7.402010050251256            0.07873718589721085
-7.28643216080402             0.07873719677757247
-7.170854271356784            0.07873717644638513
-7.055276381909547            0.07873707954855318
-6.939698492462311            0.07873714695742284
-6.824120603015075            0.07873714818175771
-6.708542713567839            0.07873718110890242
-6.592964824120603            0.0787371066263827
-6.477386934673367            0.0787370373315224
-6.361809045226131            0.07873710083209175
-6.246231155778894            0.07873704414547465
-6.130653266331658            0.07873709487042409
-6.015075376884422            0.07873708989566067
-5.899497487437186            0.07873708885118001
-5.78391959798995             0.07873707418222105
-5.668341708542714            0.07873707015081331
-5.5527638190954764           0.07873704423128185
-5.4371859296482405           0.0787369656135728
-5.321608040201005            0.07873703884865349
-5.206030150753769            0.07873701318010864
-5.090452261306533            0.0787369926448207
-4.974874371859297            0.07873703478718627
-4.859296482412061            0.07873706197107204
-4.743718592964823            0.0787369445249365
-4.628140703517587            0.07873694445324018
-4.5125628140703515           0.0787368501534133
-4.396984924623116            0.07873678293833519
-4.28140703517588             0.07873669405744377
-4.165829145728644            0.07873655457900208
-4.050251256281406            0.07873638429840987
-3.934673366834172            0.0787360855524265
-3.8190954773869343           0.07873568595823606
-3.7035175879396967           0.07873509814448139
-3.5879396984924625           0.07873426113585186
-3.472361809045225            0.07873304555059732
-3.3567839195979907           0.07873129744934233
-3.241206030150753            0.0787287486846093
-3.125628140703519            0.07872505202286008
-3.0100502512562812           0.07871970555300856
-2.8944723618090435           0.07871191845349781
-2.7788944723618094           0.0787006397763931
-2.6633165829145717           0.07868432605673327
-2.5477386934673376           0.07866066331351368
-2.4321608040201              0.07862630163507212
-2.316582914572866            0.07857645882485229
-2.201005025125628            0.07850416375976449
-2.0854271356783904           0.07839930446146194
-1.9698492462311563           0.07824722090652197
-1.8542713567839186           0.07802669966439074
-1.7386934673366845           0.07770703083554222
-1.6231155778894468           0.07724368606232863
-1.5075376884422127           0.07657247969240752
-1.391959798994975            0.07560054611033566
-1.2763819095477373           0.07419417599600761
-1.1608040201005032           0.07216111997168523
-1.0452261306532655           0.06922570308938022
-0.9296482412060314           0.06499419479147474
-0.8140703517587937           0.05890671133450378
-0.698492462311556            0.05017145131150887
-0.5829145728643219           0.037676422367631884
-0.46733668341708423          0.01987120728535213
-0.3517587939698501           -0.005387122649653427
-0.23618090452261245          -0.04103346381121483
-0.12060301507537828          -0.09104934638218887
-0.005025125628140596         -0.16078606202840318
0.11055276381909708           -0.25737350712612744
0.22613065326633117           -0.3902397695950079
0.34170854271356893           -0.5717751581834085
0.457286432160803             -0.8181885266044464
0.5728643216080407            -1.1506177601025875
0.6884422110552748            -1.5965748502471306
0.8040201005025125            -2.191826219231671
0.9195979899497502            -2.9828340052738356
1.0351758793969843            -4.029929965724066
1.150753768844222             -5.411488688434547
1.266331658291456             -7.229527649509377
1.3819095477386938            -9.617229844841217
1.4974874371859315            -12.748727563402747
1.6130653266331656            -16.851534680880825
1.7286432160804033            -22.222564422607338
1.8442211055276374            -29.249129248777397
1.959798994974875             -38.436486925355204
2.075376884422109             -50.443832441563266
2.190954773869347             -66.13126288164202
2.3065326633165846            -86.62105483991257
2.4221105527638187            -113.377619855139
2.5376884422110564            -148.31183422746685
2.6532663316582905            -193.91717575668588
2.768844221105528             -255.19536353183898
