-20.0                         0.6058175690472836
-19.884422110552762           0.6058184338395861
-19.768844221105528           0.6058174688709351
-19.65326633165829            0.6058164863841844
-19.537688442211056           0.6058174381021912
-19.42211055276382            0.6058173719649015
-19.306532663316585           0.6058176442862413
-19.190954773869347           0.6058164719655801
-19.07537688442211            0.605817596010753
-18.959798994974875           0.6058173212064804
-18.844221105527637           0.6058184955816575
-18.728643216080403           0.6058173193705898
-18.613065326633166           0.605817364163114
-18.49748743718593            0.6058172852444479
-18.381909547738694           0.6058191819106109
-18.266331658291456           0.6058171222692827
-18.150753768844222           0.6058172067149218
-18.035175879396984           0.605817045750445
-17.91959798994975            0.6058171725284351
-17.804020100502512           0.60581749494911
-17.688442211055275           0.6058174426301173
-17.57286432160804            0.6058169318541028
-17.457286432160803           0.6058168949292593
-17.34170854271357            0.6058171483312603
-17.22613065326633            0.6058172879307944
-17.110552763819094           0.6058168433086613
-16.99497487437186            0.6058172011943772
-16.87939698492462            0.6058169901202396
-16.763819095477388           0.6058173700619336
-16.64824120603015            0.6058169880759584
-16.532663316582916           0.6058168346245711
-16.417085427135678           0.6058169145556089
-16.301507537688444           0.6058165046344961
-16.185929648241206           0.6058169164990785
-16.07035175879397            0.6058170964256194
-15.954773869346734           0.6058160218402272
-15.839195979899497           0.605816807972108
-15.72361809045226            0.6058168612055012
-15.608040201005025           0.6058172223012506
-15.492462311557789           0.6058167698889021
-15.376884422110553           0.60581655203768
-15.261306532663315           0.6058168755294647
-15.145728643216081           0.6058167592683293
-15.030150753768844           0.605817530183504
-14.914572864321608           0.6058165407690914
-14.798994974874372           0.6058159300860015
-14.683417085427136           0.6058167520016107
-14.5678391959799             0.6058166873253903
-14.452261306532662           0.6058166479754202
-14.336683417085428           0.605816593644314
-14.22110552763819            0.6058168140941191
-14.105527638190955           0.6058165524700704
-13.989949748743719           0.6058157642741878
-13.874371859296481           0.6058164188718546
-13.758793969849247           0.6058171664867997
-13.64321608040201            0.6058165097248133
-13.527638190954773           0.6058160013243306
-13.412060301507537           0.6058165232504188
-13.296482412060302           0.6058165436730344
-13.180904522613066           0.6058165983865623
-13.065326633165828           0.6058160707034858
-12.949748743718594           0.6058165466814245
-12.834170854271356           0.6058160627470925
-12.71859296482412            0.6058166926417895
-12.603015075376884           0.6058159414800006
-12.487437185929648           0.6058165278382619
-12.371859296482413           0.6058163826644326
-12.256281407035175           0.6058165704382105
-12.14070351758794            0.6058163697135164
-12.025125628140703           0.6058163600358867
-11.909547738693467           0.6058162149203603
-11.793969849246231           0.605816078266632
-11.678391959798995           0.6058163363100446
-11.56281407035176            0.6058162955577366
-11.447236180904522           0.6058165834700713
-11.331658291457286           0.6058163605775341
-11.21608040201005            0.6058162854511567
-11.100502512562814           0.605816650481775
-10.984924623115578           0.6058163456163348
-10.869346733668342           0.6058162106802362
-10.753768844221106           0.60581565524103
-10.638190954773869           0.6058163062743585
-10.522613065326633           0.6058161470180655
-10.407035175879397           0.6058163122986977
-10.291457286432161           0.6058168051796223
-10.175879396984925           0.605816190043872
-10.06030150753769            0.6058160639549055
-9.944723618090451            0.6058161682714434
-9.829145728643216            0.6058159696533258
-9.71356783919598             0.6058165191880097
-9.597989949748744            0.6058161400090754
-9.482412060301508            0.6058161229385844
-9.366834170854272            0.6058161894255439
-9.251256281407034            0.6058161233068957
-9.135678391959798            0.605816087040247
-9.020100502512562            0.6058162454640328
-8.904522613065327            0.6058157985153356
-8.78894472361809             0.6058156967675651
-8.673366834170855            0.6058169827504201
-8.557788944723619            0.6058160695396533
-8.442211055276381            0.6058169263186832
-8.326633165829145            0.6058157183658784
-8.21105527638191             0.6058159192064506
-8.095477386934673            0.6058160619228985
-7.9798994974874375           0.6058160200083246
-7.864321608040202            0.6058159801065547
-7.748743718592964            0.605815928220216
-7.633165829145728            0.6058160118473109
-7.517587939698492            0.6058157975278717
-7.402010050251256            0.605816197427434
-7.28643216080402             0.6058159906193017
-7.170854271356784            0.6058159299863317
-7.055276381909547            0.6058156790969226
-6.939698492462311            0.6058159076606445
-6.824120603015075            0.6058159322721465
-6.708542713567839            0.6058158291919249
-6.592964824120603            0.6058158884394506
-6.477386934673367            0.6058158300061633
-6.361809045226131            0.6058158749951369
-6.246231155778894            0.6058157854449031
-6.130653266331658            0.6058158762594661
-6.015075376884422            0.6058158831182185
-5.899497487437186            0.6058159387207437
-5.78391959798995             0.6058158324988099
-5.668341708542714            0.6058158425661613
-5.5527638190954764           0.6058157110421037
-5.4371859296482405           0.6058155991283855
-5.321608040201005            0.6058157193778851
-5.206030150753769            0.6058157579120967
-5.090452261306533            0.6058158185231729
-4.974874371859297            0.605815823879379
-4.859296482412061            0.6058159809582391
-4.743718592964823            0.6058157883934864
-4.628140703517587            0.6058158647356556
-4.5125628140703515           0.6058157224998466
-4.396984924623116            0.6058157445373844
-4.28140703517588             0.6058157630474698
-4.165829145728644            0.6058157393503563
-4.050251256281406            0.60581568448007
-3.934673366834172            0.6058157541563
-3.8190954773869343           0.6058157642827678
-3.7035175879396967           0.6058157140796313
-3.5879396984924625           0.6058157197878755
-3.472361809045225            0.6058157076702747
-3.3567839195979907           0.6058157268613393
-3.241206030150753            0.6058156768993923
-3.125628140703519            0.6058156753864369
-3.0100502512562812           0.6058156803642921
-2.8944723618090435           0.6058156846631824
-2.7788944723618094           0.6058155710282228
-2.6633165829145717           0.6058156427426638
-2.5477386934673376           0.6058156583174136
-2.4321608040201              0.6058156533525971
-2.316582914572866            0.605815653555298
-2.201005025125628            0.6058156643377931
-2.0854271356783904           0.6058156529655205
-1.9698492462311563           0.6058156111410137
-1.8542713567839186           0.6058155447572834
-1.7386934673366845           0.6058155294927896
-1.6231155778894468           0.605815398375948
-1.5075376884422127           0.6058152421458318
-1.391959798994975            0.6058147034131633
-1.2763819095477373           0.6058134473177126
-1.1608040201005032           0.6058104535310679
-1.0452261306532655           0.6058033064760038
-0.9296482412060314           0.6057864243128009
-0.8140703517587937           0.6057467545524402
-0.698492462311556            0.6056538172443211
-0.5829145728643219           0.6054392823473731
-0.46733668341708423          0.604950322942398
-0.3517587939698501           0.6038562472642159
-0.23618090452261245          0.6014656874836476
-0.12060301507537828          0.5963966286019813
-0.005025125628140596         0.5860350116154315
0.11055276381909708           0.5657472453890492
0.22613065326633117           0.5278886416848355
0.34170854271356893           0.4607368569714546
0.457286432160803             0.34748613900959013
0.5728643216080407            0.16531306385682734
0.6884422110552748            -0.11566282601895773
0.8040201005025125            -0.5338100900809798
0.9195979899497502            -1.1380771830699072
1.0351758793969843            -1.9909553094376038
1.150753768844222             -3.172541617264531
1.266331658291456             -4.786116005274817
1.3819095477386938            -6.965779775784593
1.4974874371859315            -9.886432298648087
1.6130653266331656            -13.776277361489988
1.7286432160804033            -18.932794523561494
1.8442211055276374            -25.74371481618716
1.959798994974875             -34.71459427213663
2.075376884422109             -46.504841849966944
2.190954773869347             -61.97471033802914
2.3065326633165846            -82.24659099279167
2.4221105527638187            -108.78498057321814
2.5376884422110564            -143.50081917058216
2.6532663316582905            -188.8876326014547
2.768844221105528             -249.948403732844
