-20.0                         1.2783089092034061
-19.884422110552762           1.278310199627584
-19.768844221105528           1.2783087481258415
-19.65326633165829            1.278307701017903
-19.537688442211056           1.278308984560866
-19.42211055276382            1.278308569939078
-19.306532663316585           1.2783088206640687
-19.190954773869347           1.2783070935538374
-19.07537688442211            1.2783091240779207
-18.959798994974875           1.2783087312750911
-18.844221105527637           1.278309985134268
-18.728643216080403           1.2783083679155594
-18.613065326633166           1.2783090266740504
-18.49748743718593            1.2783085577235174
-18.381909547738694           1.2783113011975096
-18.266331658291456           1.2783084828370275
-18.150753768844222           1.2783085499457016
-18.035175879396984           1.2783091443219174
-17.91959798994975            1.2783084658158583
-17.804020100502512           1.2783091079911906
-17.688442211055275           1.2783084677355465
-17.57286432160804            1.2783082007641362
-17.457286432160803           1.2783082661311855
-17.34170854271357            1.278308277060382
-17.22613065326633            1.2783081926117943
-17.110552763819094           1.278308242108477
-16.99497487437186            1.2783087630629795
-16.87939698492462            1.2783078324647452
-16.763819095477388           1.2783090790125933
-16.64824120603015            1.278308075564096
-16.532663316582916           1.2783085661056701
-16.417085427135678           1.2783082320718453
-16.301507537688444           1.2783075228586256
-16.185929648241206           1.2783082544191253
-16.07035175879397            1.278308595288385
-15.954773869346734           1.2783069608409456
-15.839195979899497           1.2783081819645605
-15.72361809045226            1.2783083998186502
-15.608040201005025           1.2783093995584152
-15.492462311557789           1.2783082033139432
-15.376884422110553           1.2783084190027614
-15.261306532663315           1.2783082657998595
-15.145728643216081           1.2783082348066874
-15.030150753768844           1.2783090813217564
-14.914572864321608           1.278307906980779
-14.798994974874372           1.278307115365138
-14.683417085427136           1.2783082378415878
-14.5678391959799             1.2783081914994472
-14.452261306532662           1.2783081527499247
-14.336683417085428           1.2783079957595944
-14.22110552763819            1.2783088398469293
-14.105527638190955           1.2783079525413468
-13.989949748743719           1.2783069205306403
-13.874371859296481           1.278307759271157
-13.758793969849247           1.2783083962567896
-13.64321608040201            1.2783078796877358
-13.527638190954773           1.2783070180853093
-13.412060301507537           1.2783079548471241
-13.296482412060302           1.2783075072820194
-13.180904522613066           1.2783081603583515
-13.065326633165828           1.2783076346252165
-12.949748743718594           1.2783078820238563
-12.834170854271356           1.2783074150937899
-12.71859296482412            1.2783081208410738
-12.603015075376884           1.2783073976548505
-12.487437185929648           1.2783079372465007
-12.371859296482413           1.2783076230368002
-12.256281407035175           1.2783080306758137
-12.14070351758794            1.2783078019418437
-12.025125628140703           1.278307388261837
-11.909547738693467           1.2783075860582886
-11.793969849246231           1.2783076211620743
-11.678391959798995           1.2783078003656339
-11.56281407035176            1.2783077064997148
-11.447236180904522           1.2783081717011422
-11.331658291457286           1.278307764952622
-11.21608040201005            1.2783076892278584
-11.100502512562814           1.2783079291044803
-10.984924623115578           1.27830775669077
-10.869346733668342           1.2783076279995549
-10.753768844221106           1.278306850262022
-10.638190954773869           1.2783078285696654
-10.522613065326633           1.2783075122807352
-10.407035175879397           1.2783077638938996
-10.291457286432161           1.278308677910825
-10.175879396984925           1.2783075852136452
-10.06030150753769            1.2783074438181692
-9.944723618090451            1.278307638939644
-9.829145728643216            1.2783071044167638
-9.71356783919598             1.2783081824983287
-9.597989949748744            1.278307616796377
-9.482412060301508            1.2783075633582137
-9.366834170854272            1.2783076886853308
-9.251256281407034            1.2783075705886595
-9.135678391959798            1.2783074781044066
-9.020100502512562            1.278307644231204
-8.904522613065327            1.278307006300828
-8.78894472361809             1.2783069409158856
-8.673366834170855            1.2783087610737378
-8.557788944723619            1.2783075547827052
-8.442211055276381            1.2783086912286377
-8.326633165829145            1.2783069768849529
-8.21105527638191             1.2783071211915213
-8.095477386934673            1.2783076518352805
-7.9798994974874375           1.2783074602609628
-7.864321608040202            1.278307421986125
-7.748743718592964            1.2783073249195294
-7.633165829145728            1.2783074916491353
-7.517587939698492            1.278307197982477
-7.402010050251256            1.2783077865666777
-7.28643216080402             1.2783074249382145
-7.170854271356784            1.278307351831672
-7.055276381909547            1.2783070785364594
-6.939698492462311            1.278307358768669
-6.824120603015075            1.2783073668194982
-6.708542713567839            1.278307146677316
-6.592964824120603            1.2783073606548812
-6.477386934673367            1.2783073891126402
-6.361809045226131            1.278307357583301
-6.246231155778894            1.2783072185015651
-6.130653266331658            1.2783072927534873
-6.015075376884422            1.2783072792634114
-5.899497487437186            1.2783073379992174
-5.78391959798995             1.2783072378093188
-5.668341708542714            1.2783072754324245
-5.5527638190954764           1.2783071130805281
-5.4371859296482405           1.2783069394272368
-5.321608040201005            1.2783070835405932
-5.206030150753769            1.2783072158752924
-5.090452261306533            1.2783073425155607
-4.974874371859297            1.2783071545888527
-4.859296482412061            1.2783074100229623
-4.743718592964823            1.2783072036695902
-4.628140703517587            1.2783073375984277
-4.5125628140703515           1.278307174951069
-4.396984924623116            1.2783071651509736
-4.28140703517588             1.2783071912137933
-4.165829145728644            1.2783071766296037
-4.050251256281406            1.2783070288096898
-3.934673366834172            1.2783072004629648
-3.8190954773869343           1.2783072257516743
-3.7035175879396967           1.2783071517759224
-3.5879396984924625           1.2783071789560114
-3.472361809045225            1.2783071629943152
-3.3567839195979907           1.2783071754982849
-3.241206030150753            1.2783071416848542
-3.125628140703519            1.2783071078409116
-3.0100502512562812           1.2783071084313207
-2.8944723618090435           1.278307187092297
-2.7788944723618094           1.2783069761707384
-2.6633165829145717           1.2783071210258592
-2.5477386934673376           1.2783070994506418
-2.4321608040201              1.2783070905622496
-2.316582914572866            1.278307099432946
-2.201005025125628            1.2783071108934547
-2.0854271356783904           1.2783070966314274
-1.9698492462311563           1.2783070555907967
-1.8542713567839186           1.2783069895847434
-1.7386934673366845           1.2783070196155315
-1.6231155778894468           1.2783069650389862
-1.5075376884422127           1.2783070550341156
-1.391959798994975            1.2783070121402387
-1.2763819095477373           1.27830703299087
-1.1608040201005032           1.278307028210596
-1.0452261306532655           1.2783069513459757
-0.9296482412060314           1.2783067063929783
-0.8140703517587937           1.2783061115152707
-0.698492462311556            1.2783035931156963
-0.5829145728643219           1.2782959730531662
-0.46733668341708423          1.2782718864803255
-0.3517587939698501           1.2781972993029376
-0.23618090452261245          1.2779722375434848
-0.12060301507537828          1.2773157806418787
-0.005025125628140596         1.275484294517766
0.11055276381909708           1.2706534657483812
0.22613065326633117           1.2587560209918922
0.34170854271356893           1.231694726748598
0.457286432160803             1.1752262527262929
0.5728643216080407            1.0671538910213256
0.6884422110552748            0.8762401911156196
0.8040201005025125            0.5614924738664555
0.9195979899497502            0.07098093984252887
1.0351758793969843            -0.660484663668707
1.150753768844222             -1.715128050718657
1.266331658291456             -3.1977313010007347
1.3819095477386938            -5.243407071217203
1.4974874371859315            -8.027809147591332
1.6130653266331656            -11.779764189765354
1.7286432160804033            -16.79723476457258
1.8442211055276374            -23.46829107524979
1.959798994974875             -32.298719640400854
2.075376884422109             -43.948088394136796
2.190954773869347             -59.27676230458323
2.3065326633165846            -79.40721328981395
2.4221105527638187            -105.80399696091301
2.5376884422110564            -140.37809683762595
2.6532663316582905            -185.62307106736202
2.768844221105528             -246.5427253408842
