-20.0                         0.14947391405878593
-19.884422110552762           0.14947446179583876
-19.768844221105528           0.14947386072462027
-19.65326633165829            0.14947316810336236
-19.537688442211056           0.1494738313512189
-19.42211055276382            0.1494739094807413
-19.306532663316585           0.14947392054880165
-19.190954773869347           0.1494736549551616
-19.07537688442211            0.14947384131889116
-18.959798994974875           0.14947374597540003
-18.844221105527637           0.14947422613538472
-18.728643216080403           0.14947376751559066
-18.613065326633166           0.1494736256451301
-18.49748743718593            0.14947368375979497
-18.381909547738694           0.14947454847403088
-18.266331658291456           0.14947356806649306
-18.150753768844222           0.14947364761829396
-18.035175879396984           0.14947317575551952
-17.91959798994975            0.14947356499052536
-17.804020100502512           0.14947364129613064
-17.688442211055275           0.14947372743015552
-17.57286432160804            0.14947355691086212
-17.457286432160803           0.14947335091653385
-17.34170854271357            0.14947354262143758
-17.22613065326633            0.14947369144430003
-17.110552763819094           0.1494733235729759
-16.99497487437186            0.14947343829531073
-16.87939698492462            0.14947357353918678
-16.763819095477388           0.14947350361581804
-16.64824120603015            0.14947347670296585
-16.532663316582916           0.14947329675688545
-16.417085427135678           0.1494733844922048
-16.301507537688444           0.1494733199121925
-16.185929648241206           0.14947331909515393
-16.07035175879397            0.14947337428533528
-15.954773869346734           0.14947288563021288
-15.839195979899497           0.1494732353732924
-15.72361809045226            0.14947323923481995
-15.608040201005025           0.14947313862313283
-15.492462311557789           0.14947315863011892
-15.376884422110553           0.14947295700978233
-15.261306532663315           0.14947322507113983
-15.145728643216081           0.14947312927649692
-15.030150753768844           0.14947344151195838
-14.914572864321608           0.14947299688187557
-14.798994974874372           0.14947273582722861
-14.683417085427136           0.14947309236669787
-14.5678391959799             0.1494731077925874
-14.452261306532662           0.14947307491178985
-14.336683417085428           0.14947300569725577
-14.22110552763819            0.1494729062621054
-14.105527638190955           0.14947300938786826
-13.989949748743719           0.1494724631075883
-13.874371859296481           0.14947289152441975
-13.758793969849247           0.14947353250544065
-13.64321608040201            0.149472961895223
-13.527638190954773           0.14947282983136223
-13.412060301507537           0.14947293719399488
-13.296482412060302           0.14947314369764375
-13.180904522613066           0.1494729099388233
-13.065326633165828           0.14947253874911945
-12.949748743718594           0.1494729489033068
-12.834170854271356           0.14947256117721922
-12.71859296482412            0.14947300924250503
-12.603015075376884           0.14947248960642517
-12.487437185929648           0.14947286755027148
-12.371859296482413           0.14947285104358607
-12.256281407035175           0.14947287216955382
-12.14070351758794            0.1494727601904318
-12.025125628140703           0.14947294682490905
-11.909547738693467           0.14947265989666664
-11.793969849246231           0.14947260682348107
-11.678391959798995           0.14947272251559668
-11.56281407035176            0.14947270135528634
-11.447236180904522           0.14947282300647946
-11.331658291457286           0.14947273307098607
-11.21608040201005            0.1494726871360495
-11.100502512562814           0.14947303964672887
-10.984924623115578           0.14947270611401553
-10.869346733668342           0.14947261357642452
-10.753768844221106           0.14947228825616526
-10.638190954773869           0.14947263877151645
-10.522613065326633           0.14947259706554514
-10.407035175879397           0.1494726154594485
-10.291457286432161           0.14947276823885403
-10.175879396984925           0.14947258084842172
-10.06030150753769            0.14947249614228503
-9.944723618090451            0.14947254804959595
-9.829145728643216            0.14947258118859394
-9.71356783919598             0.14947260591393935
-9.597989949748744            0.1494725087107871
-9.482412060301508            0.14947251612941176
-9.366834170854272            0.14947250399193193
-9.251256281407034            0.14947249241444313
-9.135678391959798            0.1494724906629126
-9.020100502512562            0.14947251790497781
-8.904522613065327            0.1494724058811651
-8.78894472361809             0.14947226296730814
-8.673366834170855            0.14947299656309337
-8.557788944723619            0.14947240955046323
-8.442211055276381            0.14947295419300854
-8.326633165829145            0.14947226583963358
-8.21105527638191             0.14947245387637814
-8.095477386934673            0.14947236210378112
-7.9798994974874375           0.1494723771220798
-7.864321608040202            0.14947235892573713
-7.748743718592964            0.1494723381195057
-7.633165829145728            0.1494723544708822
-7.517587939698492            0.14947229042663557
-7.402010050251256            0.14947237783890333
-7.28643216080402             0.14947234928285374
-7.170854271356784            0.14947231730245386
-7.055276381909547            0.14947215970504607
-6.939698492462311            0.14947228524769554
-6.824120603015075            0.14947229669968218
-6.708542713567839            0.14947229954976587
-6.592964824120603            0.14947224708239162
-6.477386934673367            0.14947216448500286
-6.361809045226131            0.14947223826467235
-6.246231155778894            0.14947217416963035
-6.130653266331658            0.14947224372795248
-6.015075376884422            0.1494722413356916
-5.899497487437186            0.1494722581253312
-5.78391959798995             0.14947222083618092
-5.668341708542714            0.1494722179781825
-5.5527638190954764           0.14947216616969333
-5.4371859296482405           0.1494720718013107
-5.321608040201005            0.14947217604983173
-5.206030150753769            0.14947216012520953
-5.090452261306533            0.14947215325934923
-4.974874371859297            0.1494722271316331
-4.859296482412061            0.149472296568531
-4.743718592964823            0.14947215705055994
-4.628140703517587            0.14947219878434964
-4.5125628140703515           0.1494721204394052
-4.396984924623116            0.1494721231685491
-4.28140703517588             0.1494721280230546
-4.165829145728644            0.14947211370021352
-4.050251256281406            0.14947212261185355
-3.934673366834172            0.14947210830405933
-3.8190954773869343           0.14947210581673212
-3.7035175879396967           0.14947207857529154
-3.5879396984924625           0.14947206934687804
-3.472361809045225            0.14947205134035366
-3.3567839195979907           0.14947204472710757
-3.241206030150753            0.1494720026986674
-3.125628140703519            0.1494719547430372
-3.0100502512562812           0.14947188889070973
-2.8944723618090435           0.14947174234786018
-2.7788944723618094           0.1494715006456297
-2.6633165829145717           0.14947118868738657
-2.5477386934673376           0.14947064485197836
-2.4321608040201              0.14946967176680748
-2.316582914572866            0.14946802275113058
-2.201005025125628            0.14946522715089997
-2.0854271356783904           0.14946047184311023
-1.9698492462311563           0.14945237877447742
-1.8542713567839186           0.14943864433866813
-1.7386934673366845           0.14941538978237767
-1.6231155778894468           0.1493758737891672
-1.5075376884422127           0.1493089787802996
-1.391959798994975            0.14919563075861822
-1.2763819095477373           0.14900392734137555
-1.1608040201005032           0.14868037300186904
-1.0452261306532655           0.14813564916597177
-0.9296482412060314           0.1472217911249189
-0.8140703517587937           0.14569558945308278
-0.698492462311556            0.14316157555739437
-0.5829145728643219           0.13898608270662216
-0.46733668341708423          0.1321697128399965
-0.3517587939698501           0.12116810930957965
-0.23618090452261245          0.10364868576819364
-0.12060301507537828          0.07617608745741757
-0.005025125628140596         0.03382238425063092
0.11055276381909708           -0.030300280157292067
0.22613065326633117           -0.12559364075811105
0.34170854271356893           -0.26463751481074144
0.457286432160803             -0.46401275622897703
0.5728643216080407            -0.7453558573206456
0.6884422110552748            -1.1367413712122623
0.8040201005025125            -1.6745066130625867
0.9195979899497502            -2.4056509227477445
1.0351758793969843            -3.3909796598061472
1.150753768844222             -4.709254450291982
1.266331658291456             -6.462784673568548
1.3819095477386938            -8.784976353846176
1.4974874371859315            -11.850160299092575
1.6130653266331656            -15.88603696463488
1.7286432160804033            -21.189677109679145
1.8442211055276374            -28.14851247747976
1.959798994974875             -37.26788768580439
2.075376884422109             -49.207061125509355
2.190954773869347             -64.82617664376744
2.3065326633165846            -85.24754562972142
2.4221105527638187            -111.93560568882725
2.5376884422110564            -146.80125275262762
2.6532663316582905            -192.33797946715248
2.768844221105528             -253.5479012202812
