-20.0                         1.1837332549992705
-19.884422110552762           1.1837344788569706
-19.768844221105528           1.1837330995834772
-19.65326633165829            1.1837320467921761
-19.537688442211056           1.183733279165404
-19.42211055276382            1.1837329218159134
-19.306532663316585           1.1837331988195332
-19.190954773869347           1.1837315104742492
-19.07537688442211            1.183733437501315
-18.959798994974875           1.1837330544709186
-18.844221105527637           1.1837343381266636
-18.728643216080403           1.1837327496210617
-18.613065326633166           1.1837333133655834
-18.49748743718593            1.1837329081043362
-18.381909547738694           1.1837355584665274
-18.266331658291456           1.1837328131082483
-18.150753768844222           1.1837328831254674
-18.035175879396984           1.183733361035898
-17.91959798994975            1.1837328138074568
-17.804020100502512           1.183733414449915
-17.688442211055275           1.1837328673468528
-17.57286432160804            1.183732522302085
-17.457286432160803           1.1837325947299664
-17.34170854271357            1.183732649880673
-17.22613065326633            1.1837326017655467
-17.110552763819094           1.1837325641219716
-16.99497487437186            1.1837330804450403
-16.87939698492462            1.183732238514171
-16.763819095477388           1.1837333662836207
-16.64824120603015            1.1837324429898317
-16.532663316582916           1.1837328250668862
-16.417085427135678           1.1837325689491411
-16.301507537688444           1.1837318820433895
-16.185929648241206           1.1837325866145783
-16.07035175879397            1.1837329145640316
-15.954773869346734           1.1837313454139173
-15.839195979899497           1.183732511036015
-15.72361809045226            1.1837326983935135
-15.608040201005025           1.1837336248614467
-15.492462311557789           1.1837325241427925
-15.376884422110553           1.1837326623826312
-15.261306532663315           1.183732594739135
-15.145728643216081           1.1837325506824967
-15.030150753768844           1.1837334129205548
-14.914572864321608           1.183732236424611
-14.798994974874372           1.1837314576527607
-14.683417085427136           1.1837325518417101
-14.5678391959799             1.1837324942835623
-14.452261306532662           1.183732454291334
-14.336683417085428           1.1837323202518781
-14.22110552763819            1.1837330789327987
-14.105527638190955           1.1837322737561373
-13.989949748743719           1.1837312754768183
-13.874371859296481           1.1837320923779004
-13.758793969849247           1.1837327504789523
-13.64321608040201            1.1837322060796929
-13.527638190954773           1.1837313869351787
-13.412060301507537           1.183732273275009
-13.296482412060302           1.1837318944074868
-13.180904522613066           1.1837324648755823
-13.065326633165828           1.1837319281715493
-12.949748743718594           1.1837322182327317
-12.834170854271356           1.183731745133932
-12.71859296482412            1.1837324454936953
-12.603015075376884           1.1837317060725303
-12.487437185929648           1.1837322650345976
-12.371859296482413           1.1837319669310205
-12.256281407035175           1.1837323553185701
-12.14070351758794            1.1837321221197863
-12.025125628140703           1.183731765480923
-11.909547738693467           1.1837319151271688
-11.793969849246231           1.1837319116619809
-11.678391959798995           1.1837321158399308
-11.56281407035176            1.1837320303293237
-11.447236180904522           1.1837324724242395
-11.331658291457286           1.1837320911984284
-11.21608040201005            1.183732013413248
-11.100502512562814           1.1837322747159806
-10.984924623115578           1.1837320823547004
-10.869346733668342           1.1837319505817874
-10.753768844221106           1.1837312013183354
-10.638190954773869           1.183732137968929
-10.522613065326633           1.1837318414108011
-10.407035175879397           1.1837320911466347
-10.291457286432161           1.1837329460243775
-10.175879396984925           1.1837319116932892
-10.06030150753769            1.1837317719333482
-9.944723618090451            1.183731951602639
-9.829145728643216            1.1837314633972211
-9.71356783919598             1.183732484394448
-9.597989949748744            1.183731931431567
-9.482412060301508            1.18373188205599
-9.366834170854272            1.1837320029962148
-9.251256281407034            1.1837318892530326
-9.135678391959798            1.1837318023859649
-9.020100502512562            1.1837319806794355
-8.904522613065327            1.1837313539357939
-8.78894472361809             1.1837312863705494
-8.673366834170855            1.1837330388257796
-8.557788944723619            1.1837318688465335
-8.442211055276381            1.1837329706787716
-8.326633165829145            1.183731320665804
-8.21105527638191             1.183731472686367
-8.095477386934673            1.1837319533638149
-7.9798994974874375           1.1837317833138505
-7.864321608040202            1.1837317420461513
-7.748743718592964            1.1837316510906355
-7.633165829145728            1.1837318072474263
-7.517587939698492            1.1837315162525543
-7.402010050251256            1.183732094696675
-7.28643216080402             1.1837317471156328
-7.170854271356784            1.1837316744616164
-7.055276381909547            1.183731400433453
-6.939698492462311            1.1837316770033872
-6.824120603015075            1.183731688610053
-6.708542713567839            1.1837314835255204
-6.592964824120603            1.1837316760571432
-6.477386934673367            1.1837316904401307
-6.361809045226131            1.1837316709955958
-6.246231155778894            1.1837315394143013
-6.130653266331658            1.183731617666002
-6.015075376884422            1.1837316093170631
-5.899497487437186            1.183731669891665
-5.78391959798995             1.1837315628794782
-5.668341708542714            1.1837315968778577
-5.5527638190954764           1.1837314338800633
-5.4371859296482405           1.1837312725437041
-5.321608040201005            1.1837314105670087
-5.206030150753769            1.1837315298983855
-5.090452261306533            1.1837316519388332
-4.974874371859297            1.1837314913560997
-4.859296482412061            1.1837317345815708
-4.743718592964823            1.1837315284660783
-4.628140703517587            1.183731654008722
-4.5125628140703515           1.1837314903986669
-4.396984924623116            1.1837314879108969
-4.28140703517588             1.183731513886758
-4.165829145728644            1.1837314967818122
-4.050251256281406            1.1837313616681548
-3.934673366834172            1.1837315208306123
-3.8190954773869343           1.1837315439266471
-3.7035175879396967           1.1837314728355506
-3.5879396984924625           1.1837314969639015
-3.472361809045225            1.1837314813472013
-3.3567839195979907           1.1837314967889287
-3.241206030150753            1.1837314563949155
-3.125628140703519            1.1837314292567362
-3.0100502512562812           1.1837314306647828
-2.8944723618090435           1.1837314981710287
-2.7788944723618094           1.1837313009839476
-2.6633165829145717           1.183731435273593
-2.5477386934673376           1.1837314198803761
-2.4321608040201              1.1837314119255071
-2.316582914572866            1.1837314193331627
-2.201005025125628            1.1837314321051005
-2.0854271356783904           1.1837314180889782
-1.9698492462311563           1.1837313768206148
-1.8542713567839186           1.1837313122036646
-1.7386934673366845           1.183731340694255
-1.6231155778894468           1.1837312891337157
-1.5075376884422127           1.1837313750887877
-1.391959798994975            1.1837313340757878
-1.2763819095477373           1.1837313458782284
-1.1608040201005032           1.1837313212632523
-1.0452261306532655           1.183731186189594
-0.9296482412060314           1.1837307739427945
-0.8140703517587937           1.1837296633670245
-0.698492462311556            1.1837256679334467
-0.5829145728643219           1.1837138025199185
-0.46733668341708423          1.1836778202209453
-0.3517587939698501           1.1835708805372402
-0.23618090452261245          1.1832611543090605
-0.12060301507537828          1.1823938847283622
-0.005025125628140596         1.1800697266164406
0.11055276381909708           1.1741752663560954
0.22613065326633117           1.1601902691323531
0.34170854271356893           1.129451886927669
0.457286432160803             1.0672026459488178
0.5728643216080407            0.9509821213293281
0.6884422110552748            0.7496262331201359
0.8040201005025125            0.4224735702517756
0.9195979899497502            -0.08197279111177566
1.0351758793969843            -0.8284938816963614
1.150753768844222             -1.8989881075072501
1.266331658291456             -3.398009051707866
1.3819095477386938            -5.4605185492565615
1.4974874371859315            -8.262061518809709
1.6130653266331656            -12.031377080073131
1.7286432160804033            -17.066361113827124
1.8442211055276374            -23.75503776172027
1.959798994974875             -32.60316272978749
2.075376884422109             -44.27028297787795
2.190954773869347             -59.616748826538895
2.3065326633165846            -79.76502174633315
2.4221105527638187            -106.17964977328185
2.5376884422110564            -140.77161086438747
2.6532663316582905            -186.03445904134597
2.768844221105528             -246.97189619515558
