-20.0                         0.8860791858287935
-19.884422110552762           0.8860802151347319
-19.768844221105528           0.8860790555468165
-19.65326633165829            0.8860780121866706
-19.537688442211056           0.8860790949077553
-19.42211055276382            0.8860789008655876
-19.306532663316585           0.8860792162193052
-19.190954773869347           0.886077725169583
-19.07537688442211            0.886079279112409
-18.959798994974875           0.886078939392429
-18.844221105527637           0.8860802394269532
-18.728643216080403           0.8860788103498736
-18.613065326633166           0.8860790860462942
-18.49748743718593            0.8860788655798153
-18.381909547738694           0.8860811715032701
-18.266331658291456           0.8860787212462471
-18.150753768844222           0.8860787992924596
-18.035175879396984           0.8860789296411569
-17.91959798994975            0.8860787619917003
-17.804020100502512           0.8860792231592608
-17.688442211055275           0.886078954049073
-17.57286432160804            0.8860784504187695
-17.457286432160803           0.8860784973049671
-17.34170854271357            0.8860786766030954
-17.22613065326633            0.8860787347531894
-17.110552763819094           0.8860784512460843
-16.99497487437186            0.8860789122216931
-16.87939698492462            0.8860783853243065
-16.763819095477388           0.8860791261079597
-16.64824120603015            0.8860784768030406
-16.532663316582916           0.8860785437601587
-16.417085427135678           0.8860784963135905
-16.301507537688444           0.8860779223343471
-16.185929648241206           0.8860785069379764
-16.07035175879397            0.8860787696630585
-15.954773869346734           0.8860774329192241
-15.839195979899497           0.886078413917354
-15.72361809045226            0.8860785204527916
-15.608040201005025           0.8860791769984172
-15.492462311557789           0.8860784005059582
-15.376884422110553           0.8860783243592713
-15.261306532663315           0.8860784946555759
-15.145728643216081           0.8860784084023131
-15.030150753768844           0.8860792702730133
-14.914572864321608           0.8860781413976263
-14.798994974874372           0.8860774270657935
-14.683417085427136           0.8860784060973284
-14.5678391959799             0.886078329320397
-14.452261306532662           0.8860782882008078
-14.336683417085428           0.8860782100463551
-14.22110552763819            0.8860786904263115
-14.105527638190955           0.886078160046349
-13.989949748743719           0.8860772679791155
-13.874371859296481           0.886078008820855
-13.758793969849247           0.886078724327559
-13.64321608040201            0.8860781072710462
-13.527638190954773           0.8860774351209276
-13.412060301507537           0.886078147414467
-13.296482412060302           0.8860779816315166
-13.180904522613066           0.8860782847744718
-13.065326633165828           0.8860777356267031
-12.949748743718594           0.8860781406933758
-12.834170854271356           0.886077654443551
-12.71859296482412            0.8860783284620064
-12.603015075376884           0.8860775608425723
-12.487437185929648           0.8860781569819978
-12.371859296482413           0.8860779280934831
-12.256281407035175           0.8860782275375669
-12.14070351758794            0.8860779982935146
-12.025125628140703           0.8860778226083277
-11.909547738693467           0.8860778183455866
-11.793969849246231           0.8860777214880181
-11.678391959798995           0.8860779766900251
-11.56281407035176            0.8860779165645085
-11.447236180904522           0.8860782825512704
-11.331658291457286           0.8860779823502454
-11.21608040201005            0.886077902801134
-11.100502512562814           0.8860782242715104
-10.984924623115578           0.8860779710185362
-10.869346733668342           0.8860778334574235
-10.753768844221106           0.886077178770363
-10.638190954773869           0.8860779747448392
-10.522613065326633           0.8860777464817251
-10.407035175879397           0.8860779685621557
-10.291457286432161           0.8860786378914544
-10.175879396984925           0.8860778062450395
-10.06030150753769            0.8860776716581296
-9.944723618090451            0.8860778086115251
-9.829145728643216            0.8860774681659085
-9.71356783919598             0.8860782734954464
-9.597989949748744            0.8860777876646228
-9.482412060301508            0.8860777538576301
-9.366834170854272            0.8860778531169851
-9.251256281407034            0.8860777595553639
-9.135678391959798            0.8860776962639333
-9.020100502512562            0.8860778852867546
-8.904522613065327            0.8860773244476811
-8.78894472361809             0.8860772438482031
-8.673366834170855            0.8860787699164678
-8.557788944723619            0.8860777229888795
-8.442211055276381            0.886078707449239
-8.326633165829145            0.8860772722535026
-8.21105527638191             0.8860774501208915
-8.095477386934673            0.8860777613632725
-7.9798994974874375           0.8860776597180434
-7.864321608040202            0.8860776149076599
-7.748743718592964            0.8860775439376776
-7.633165829145728            0.8860776641509049
-7.517587939698492            0.8860773990844377
-7.402010050251256            0.886077912133571
-7.28643216080402             0.8860776250281617
-7.170854271356784            0.8860775562083782
-7.055276381909547            0.8860772872142113
-6.939698492462311            0.8860775450947153
-6.824120603015075            0.8860775658765896
-6.708542713567839            0.8860774108757692
-6.592964824120603            0.8860775353395612
-6.477386934673367            0.886077508910845
-6.361809045226131            0.886077524836265
-6.246231155778894            0.8860774159793391
-6.130653266331658            0.8860775038204374
-6.015075376884422            0.8860775072055449
-5.899497487437186            0.8860775692192175
-5.78391959798995             0.8860774524178501
-5.668341708542714            0.8860774741008932
-5.5527638190954764           0.8860773192511275
-5.4371859296482405           0.8860771890343924
-5.321608040201005            0.8860773141278872
-5.206030150753769            0.886077391597818
-5.090452261306533            0.8860774885813503
-4.974874371859297            0.8860774158060964
-4.859296482412061            0.8860776172160433
-4.743718592964823            0.8860774151136577
-4.628140703517587            0.8860775144307842
-4.5125628140703515           0.8860773553195292
-4.396984924623116            0.8860773707754375
-4.28140703517588             0.8860773943067033
-4.165829145728644            0.8860773715515198
-4.050251256281406            0.8860772772282922
-3.934673366834172            0.8860773931652121
-3.8190954773869343           0.8860774094529486
-3.7035175879396967           0.8860773482855497
-3.5879396984924625           0.886077362662135
-3.472361809045225            0.8860773486940176
-3.3567839195979907           0.88607736909445
-3.241206030150753            0.8860773167944423
-3.125628140703519            0.8860773067172206
-3.0100502512562812           0.8860773104471404
-2.8944723618090435           0.8860773439540514
-2.7788944723618094           0.8860771898664922
-2.6633165829145717           0.8860772914931414
-2.5477386934673376           0.8860772936469021
-2.4321608040201              0.8860772878425612
-2.316582914572866            0.886077291307087
-2.201005025125628            0.8860773055480486
-2.0854271356783904           0.8860772934763887
-1.9698492462311563           0.8860772534480515
-1.8542713567839186           0.8860771940551303
-1.7386934673366845           0.8860772171165819
-1.6231155778894468           0.8860771681123812
-1.5075376884422127           0.8860772282632421
-1.391959798994975            0.8860771603705181
-1.2763819095477373           0.8860770530749358
-1.1608040201005032           0.8860767294237062
-1.0452261306532655           0.886075793808234
-0.9296482412060314           0.8860732545250305
-0.8140703517587937           0.8860664412381567
-0.698492462311556            0.8860475948402862
-0.5829145728643219           0.8859974578373002
-0.46733668341708423          0.8858650856429846
-0.3517587939698501           0.8855222822018113
-0.23618090452261245          0.8846566247495788
-0.12060301507537828          0.8825407679515244
-0.005025125628140596         0.8775783550931332
0.11055276381909708           0.8665121406089659
0.22613065326633117           0.8432442913330326
0.34170854271356893           0.7973906792232677
0.457286432160803             0.7128660662858698
0.5728643216080407            0.5667540343052535
0.6884422110552748            0.32839029642235956
0.8040201005025125            -0.04174852640995458
0.9195979899497502            -0.5938210706429167
1.0351758793969843            -1.3913849152589561
1.150753768844222             -2.5153735908860293
1.266331658291456             -4.069660991748367
1.3819095477386938            -6.188754652681588
1.4974874371859315            -9.04786452595505
1.6130653266331656            -12.875455746483336
1.7286432160804033            -17.969213085053966
1.8442211055276374            -24.71701331733565
1.959798994974875             -33.62451257258626
2.075376884422109             -45.35118945601972
2.190954773869347             -60.75734623654129
2.3065326633165846            -80.96540993585857
2.4221105527638187            -107.43990351343352
2.5376884422110564            -142.0917864547945
2.6532663316582905            -187.4145990494366
2.768844221105528             -248.41169519013044
