-20.0                         0.17186422799438378
-19.884422110552762           0.1718648006398096
-19.768844221105528           0.17186417259302705
-19.65326633165829            0.1718634533721267
-19.537688442211056           0.17186414112006945
-19.42211055276382            0.17186421540822114
-19.306532663316585           0.17186424435058237
-19.190954773869347           0.1718639174019537
-19.07537688442211            0.17186416214272549
-18.959798994974875           0.17186405450854933
-18.844221105527637           0.17186459480882338
-18.728643216080403           0.17186408309999993
-18.613065326633166           0.17186394143042094
-18.49748743718593            0.17186399606352412
-18.381909547738694           0.17186493911429146
-18.266331658291456           0.1718638751296161
-18.150753768844222           0.1718639568726135
-18.035175879396984           0.17186348874904084
-17.91959798994975            0.1718638769793469
-17.804020100502512           0.171863967556363
-17.688442211055275           0.1718640579206331
-17.57286432160804            0.17186385851863206
-17.457286432160803           0.17186365624854583
-17.34170854271357            0.17186386010531501
-17.22613065326633            0.17186401759291095
-17.110552763819094           0.17186362577660688
-16.99497487437186            0.17186375508460566
-16.87939698492462            0.17186388751669307
-16.763819095477388           0.1718638304876658
-16.64824120603015            0.17186379110588032
-16.532663316582916           0.17186359665010068
-16.417085427135678           0.17186369113157807
-16.301507537688444           0.17186360980748214
-16.185929648241206           0.17186363188156326
-16.07035175879397            0.17186369201793186
-15.954773869346734           0.1718631625475679
-15.839195979899497           0.17186354394533912
-15.72361809045226            0.17186354993813674
-15.608040201005025           0.17186346632390875
-15.492462311557789           0.1718634691834559
-15.376884422110553           0.1718632527881948
-15.261306532663315           0.17186354076140953
-15.145728643216081           0.17186344006135698
-15.030150753768844           0.1718637912654402
-14.914572864321608           0.17186330244080383
-14.798994974874372           0.1718630118501893
-14.683417085427136           0.17186340591370908
-14.5678391959799             0.1718634168591297
-14.452261306532662           0.17186338337691512
-14.336683417085428           0.17186331507388544
-14.22110552763819            0.1718632234177124
-14.105527638190955           0.17186331585947212
-13.989949748743719           0.17186274915889654
-13.874371859296481           0.17186319636196634
-13.758793969849247           0.17186385700921666
-13.64321608040201            0.17186326984180111
-13.527638190954773           0.17186311210113764
-13.412060301507537           0.1718632466702979
-13.296482412060302           0.17186345316977378
-13.180904522613066           0.17186322361716347
-13.065326633165828           0.17186283563579316
-12.949748743718594           0.17186326240678265
-12.834170854271356           0.17186286221113745
-12.71859296482412            0.17186332846047053
-12.603015075376884           0.17186278205138847
-12.487437185929648           0.17186318340611823
-12.371859296482413           0.17186316246893132
-12.256281407035175           0.17186318899099798
-12.14070351758794            0.1718630711017797
-12.025125628140703           0.17186325492299107
-11.909547738693467           0.1718629665890058
-11.793969849246231           0.1718629027828661
-11.678391959798995           0.17186303310305576
-11.56281407035176            0.1718630110115593
-11.447236180904522           0.171863144376908
-11.331658291457286           0.17186304682752754
-11.21608040201005            0.17186299796486826
-11.100502512562814           0.17186335869951927
-10.984924623115578           0.17186302086754843
-10.869346733668342           0.17186292358425098
-10.753768844221106           0.1718625805593388
-10.638190954773869           0.1718629525743243
-10.522613065326633           0.17186290431357407
-10.407035175879397           0.1718629313359409
-10.291457286432161           0.17186310654888706
-10.175879396984925           0.17186289276819694
-10.06030150753769            0.17186280398723877
-9.944723618090451            0.17186285957900432
-9.829145728643216            0.17186288194400312
-9.71356783919598             0.1718629356789604
-9.597989949748744            0.1718628203611592
-9.482412060301508            0.17186282701643693
-9.366834170854272            0.17186281923758664
-9.251256281407034            0.171862805045743
-9.135678391959798            0.171862802581708
-9.020100502512562            0.17186283851758954
-8.904522613065327            0.17186270339444593
-8.78894472361809             0.17186256113442522
-8.673366834170855            0.17186333649261945
-8.557788944723619            0.17186272356166346
-8.442211055276381            0.17186329304272988
-8.326633165829145            0.17186256562684285
-8.21105527638191             0.17186275978759455
-8.095477386934673            0.17186267533093635
-7.9798994974874375           0.17186269008069807
-7.864321608040202            0.17186267047396867
-7.748743718592964            0.17186264790202754
-7.633165829145728            0.1718626683393287
-7.517587939698492            0.17186259395537612
-7.402010050251256            0.17186270189694466
-7.28643216080402             0.17186266314704082
-7.170854271356784            0.1718626289368989
-7.055276381909547            0.1718624618477214
-6.939698492462311            0.17186259684498445
-6.824120603015075            0.17186261000062933
-6.708542713567839            0.17186260614126042
-6.592964824120603            0.17186255958126498
-6.477386934673367            0.17186247621621836
-6.361809045226131            0.1718625500760495
-6.246231155778894            0.17186248472520446
-6.130653266331658            0.17186255703269998
-6.015075376884422            0.17186255532066147
-5.899497487437186            0.17186257552735262
-5.78391959798995             0.17186253299050763
-5.668341708542714            0.17186253038410382
-5.5527638190954764           0.17186247279643643
-5.4371859296482405           0.171862376640871
-5.321608040201005            0.1718624839488425
-5.206030150753769            0.1718624701109984
-5.090452261306533            0.17186246598454116
-4.974874371859297            0.17186254089492603
-4.859296482412061            0.17186261584177676
-4.743718592964823            0.17186247030086532
-4.628140703517587            0.1718625141832
-4.5125628140703515           0.17186243092074224
-4.396984924623116            0.17186243566617485
-4.28140703517588             0.17186244156917124
-4.165829145728644            0.17186242662573567
-4.050251256281406            0.17186243298709744
-3.934673366834172            0.17186242332647264
-3.8190954773869343           0.17186242256353426
-3.7035175879396967           0.17186239515376706
-3.5879396984924625           0.1718623890683256
-3.472361809045225            0.17186237567242318
-3.3567839195979907           0.1718623778241844
-3.241206030150753            0.17186234663134192
-3.125628140703519            0.17186232142849775
-3.0100502512562812           0.171862292224671
-2.8944723618090435           0.17186220680895703
-2.7788944723618094           0.17186206084118563
-2.6633165829145717           0.17186191645418725
-2.5477386934673376           0.1718616454527998
-2.4321608040201              0.17186112193098216
-2.316582914572866            0.1718602132548926
-2.201005025125628            0.1718586344729454
-2.0854271356783904           0.17185587274383735
-1.9698492462311563           0.17185103878491984
-1.8542713567839186           0.17184261831554223
-1.7386934673366845           0.17182800454846547
-1.6231155778894468           0.1718024772514342
-1.5075376884422127           0.1717581366407854
-1.391959798994975            0.17168096005611086
-1.2763819095477373           0.1715469232849473
-1.1608040201005032           0.17131464407602098
-1.0452261306532655           0.1709131478754425
-0.9296482412060314           0.17022171650667983
-0.8140703517587937           0.1690366288280312
-0.698492462311556            0.16701790671108202
-0.5829145728643219           0.1636069331882645
-0.46733668341708423          0.1579009618064275
-0.3517587939698501           0.14847275144131186
-0.23618090452261245          0.1331210618912447
-0.12060301507537828          0.10854384056852676
-0.005025125628140596         0.06993122211965079
0.11055276381909708           0.010479838674849284
0.22613065326633117           -0.07917512247276409
0.34170854271356893           -0.21162908946449085
0.457286432160803             -0.4035256233338197
0.5728643216080407            -0.6765977761479187
0.6884422110552748            -1.059034321449901
0.8040201005025125            -1.5872898751562925
0.9195979899497502            -2.308473559856281
1.0351758793969843            -3.283486281917739
1.150753768844222             -4.591166689023677
1.266331658291456             -6.333881413837644
1.3819095477386938            -8.645079171120106
1.4974874371859315            -11.699127592614913
1.6130653266331656            -15.723760993178207
1.7286432160804033            -21.016078317443906
1.8442211055276374            -27.963532390837702
1.959798994974875             -37.07148301415582
2.075376884422109             -48.99919956315035
2.190954773869347             -64.60683393075153
2.3065326633165846            -85.0167034604683
2.4221105527638187            -111.69325019994307
2.5376884422110564            -146.5473734154924
2.6532663316582905            -192.07256826883344
2.768844221105528             -253.27101679817065
