-20.0                         1.1448411565848562
-19.884422110552762           1.1448423537014834
-19.768844221105528           1.1448410038569818
-19.65326633165829            1.1448399497748398
-19.537688442211056           1.144841161630883
-19.42211055276382            1.1448408271254662
-19.306532663316585           1.1448411131972318
-19.190954773869347           1.144839443803182
-19.07537688442211            1.1448413263108252
-18.959798994974875           1.1448409477716304
-18.844221105527637           1.1448422405932772
-18.728643216080403           1.1448406669047866
-18.613065326633166           1.144841191793378
-18.49748743718593            1.1448408121662887
-18.381909547738694           1.1448434220479893
-18.266331658291456           1.1448407094076563
-18.150753768844222           1.1448407805610086
-18.035175879396984           1.1448412113332422
-17.91959798994975            1.144840716787078
-17.804020100502512           1.1448412998906305
-17.688442211055275           1.144840790663547
-17.57286432160804            1.1448404171125413
-17.457286432160803           1.1448404903032636
-17.34170854271357            1.144840563214972
-17.22613065326633            1.1448405297269562
-17.110552763819094           1.144840457207531
-16.99497487437186            1.1448409697806823
-16.87939698492462            1.1448401661746777
-16.763819095477388           1.1448412443104827
-16.64824120603015            1.1448403551481503
-16.532663316582916           1.1448406933577662
-16.417085427135678           1.1448404678784505
-16.301507537688444           1.1448397920355997
-16.185929648241206           1.1448404840986826
-16.07035175879397            1.144840805519942
-15.954773869346734           1.1448392643535372
-15.839195979899497           1.144840406775651
-15.72361809045226            1.1448405822244974
-15.608040201005025           1.1448414767130872
-15.492462311557789           1.1448404164520098
-15.376884422110553           1.1448405239523527
-15.261306532663315           1.1448404903803913
-15.145728643216081           1.1448404407855899
-15.030150753768844           1.144841307500471
-14.914572864321608           1.1448401323351582
-14.798994974874372           1.1448393598270798
-14.683417085427136           1.1448404413418745
-14.5678391959799             1.1448403797663116
-14.452261306532662           1.1448403393969517
-14.336683417085428           1.144840214163417
-14.22110552763819            1.1448409371549024
-14.105527638190955           1.144840166590845
-13.989949748743719           1.1448391821612818
-13.874371859296481           1.1448399897925547
-13.758793969849247           1.1448406562490236
-13.64321608040201            1.1448401010017148
-13.527638190954773           1.1448392998505472
-13.412060301507537           1.1448401648175686
-13.296482412060302           1.1448398141489948
-13.180904522613066           1.1448403502036526
-13.065326633165828           1.1448398099537067
-12.949748743718594           1.144840116795817
-12.834170854271356           1.1448396413873718
-12.71859296482412            1.1448403391677207
-12.603015075376884           1.1448395939906468
-12.487437185929648           1.1448401599718634
-12.371859296482413           1.1448398693747934
-12.256281407035175           1.1448402484970925
-12.14070351758794            1.1448400142427002
-12.025125628140703           1.1448396811775865
-11.909547738693467           1.1448398108609719
-11.793969849246231           1.1448397926805354
-11.678391959798995           1.1448400059661967
-11.56281407035176            1.1448399238976052
-11.447236180904522           1.144840356350626
-11.331658291457286           1.1448399856504463
-11.21608040201005            1.1448399072415174
-11.100502512562814           1.1448401770456176
-10.984924623115578           1.1448399765412147
-10.869346733668342           1.144839843648684
-10.753768844221106           1.1448391062928627
-10.638190954773869           1.1448400253637006
-10.522613065326633           1.1448397372432078
-10.407035175879397           1.144839985264316
-10.291457286432161           1.1448408158520713
-10.175879396984925           1.1448398063806073
-10.06030150753769            1.1448396672556589
-9.944723618090451            1.1448398408289797
-9.829145728643216            1.1448393717630838
-9.71356783919598             1.1448403677297607
-9.597989949748744            1.1448398211296398
-9.482412060301508            1.1448397735703917
-9.366834170854272            1.1448398923767698
-9.251256281407034            1.1448397807115045
-9.135678391959798            1.1448396964463952
-9.020100502512562            1.1448398785626617
-8.904522613065327            1.144839257678401
-8.78894472361809             1.144839188949583
-8.673366834170855            1.1448409130417188
-8.557788944723619            1.1448397583379248
-8.442211055276381            1.1448408456061017
-8.326633165829145            1.1448392225321429
-8.21105527638191             1.1448393778197967
-8.095477386934673            1.1448398373398956
-7.9798994974874375           1.144839676228774
-7.864321608040202            1.144839633983815
-7.748743718592964            1.1448395455837899
-7.633165829145728            1.14483969726144
-7.517587939698492            1.1448394081218878
-7.402010050251256            1.1448399809709684
-7.28643216080402             1.1448396398757963
-7.170854271356784            1.1448395675003193
-7.055276381909547            1.1448392934704161
-6.939698492462311            1.1448395682245402
-6.824120603015075            1.1448395812269647
-6.708542713567839            1.14483938244654
-6.592964824120603            1.1448395661365722
-6.477386934673367            1.1448395748718607
-6.361809045226131            1.1448395602815165
-6.246231155778894            1.1448394317558181
-6.130653266331658            1.1448395115378265
-6.015075376884422            1.1448395051271751
-5.899497487437186            1.1448395662800566
-5.78391959798995             1.1448394569375058
-5.668341708542714            1.1448394893919303
-5.5527638190954764           1.144839326564917
-5.4371859296482405           1.1448391699634775
-5.321608040201005            1.1448393057657995
-5.206030150753769            1.1448394196876044
-5.090452261306533            1.1448395393558124
-4.974874371859297            1.1448393901589813
-4.859296482412061            1.1448396282160294
-4.743718592964823            1.1448394223394862
-4.628140703517587            1.1448395444210464
-4.5125628140703515           1.1448393807229402
-4.396984924623116            1.1448393810571051
-4.28140703517588             1.144839406897674
-4.165829145728644            1.1448393888410178
-4.050251256281406            1.144839258989754
-3.934673366834172            1.1448394128468047
-3.8190954773869343           1.144839435042217
-3.7035175879396967           1.144839365171215
-3.5879396984924625           1.1448393880302754
-3.472361809045225            1.1448393725855837
-3.3567839195979907           1.1448393890479982
-3.241206030150753            1.144839346317448
-3.125628140703519            1.1448393217804687
-3.0100502512562812           1.1448393235202632
-2.8944723618090435           1.1448393864750819
-2.7788944723618094           1.1448391949308137
-2.6633165829145717           1.1448393249007793
-2.5477386934673376           1.1448393119679399
-2.4321608040201              1.1448393043619918
-2.316582914572866            1.1448393111970918
-2.201005025125628            1.1448393243952202
-2.0854271356783904           1.144839310537063
-1.9698492462311563           1.1448392692662779
-1.8542713567839186           1.1448392052727576
-1.7386934673366845           1.144839233157504
-1.6231155778894468           1.1448391826689202
-1.5075376884422127           1.144839266742799
-1.391959798994975            1.1448392259756388
-1.2763819095477373           1.1448392323837218
-1.1608040201005032           1.1448391950419066
-1.0452261306532655           1.144839023391442
-0.9296482412060314           1.1448385074201208
-0.8140703517587937           1.144837090121462
-0.698492462311556            1.1448322360232999
-0.5829145728643219           1.144817974165157
-0.46733668341708423          1.1447754690093634
-0.3517587939698501           1.1446513007835966
-0.23618090452261245          1.1442978001762902
-0.12060301507537828          1.1433247246535354
-0.005025125628140596         1.1407605334892366
0.11055276381909708           1.134362766022129
0.22613065326633117           1.1194169867998185
0.34170854271356893           1.0870281874842738
0.457286432160803             1.0222386380130102
0.5728643216080407            0.9024957858046756
0.6884422110552748            0.6966783330211803
0.8040201005025125            0.3642660001646181
0.9195979899497502            -0.1460609172596249
1.0351758793969843            -0.898918024324307
1.150753768844222             -1.9760726527899344
1.266331658291456             -3.4819862555821723
1.3819095477386938            -5.551559612056051
1.4974874371859315            -8.360293262108343
1.6130653266331656            -12.136890439912177
1.7286432160804033            -17.179219587155156
1.8442211055276374            -23.87528582700288
1.959798994974875             -32.73083210111396
2.075376884422109             -44.405396656580336
2.190954773869347             -59.75932371617403
2.3065326633165846            -79.91507039389398
2.4221105527638187            -106.33718156290666
2.5376884422110564            -140.93663285524937
2.6532663316582905            -186.2069765669309
2.768844221105528             -247.15187106952743
