-20.0                         1.0830014550266611
-19.884422110552762           1.0830026104265553
-19.768844221105528           1.0830013069769093
-19.65326633165829            1.0830002522492619
-19.537688442211056           1.0830014321096666
-19.42211055276382            1.083001133030635
-19.306532663316585           1.0830014312213205
-19.190954773869347           1.0829997958725832
-19.07537688442211            1.083001605112648
-18.959798994974875           1.0830012343595636
-18.844221105527637           1.0830025377467905
-18.728643216080403           1.083000991280614
-18.613065326633166           1.0830014548810312
-18.49748743718593            1.0830011152182144
-18.381909547738694           1.0830036580366464
-18.266331658291456           1.0830010008296935
-18.150753768844222           1.083001073727104
-18.035175879396984           1.0830014305284577
-17.91959798994975            1.0830010180157996
-17.804020100502512           1.08300157274611
-17.688442211055275           1.083001123019555
-17.57286432160804            1.0830007087123985
-17.457286432160803           1.0830007805464752
-17.34170854271357            1.083000880977427
-17.22613065326633            1.083000870339849
-17.110552763819094           1.0830007437708453
-16.99497487437186            1.0830012481854228
-16.87939698492462            1.0830005075458353
-16.763819095477388           1.083001505982621
-16.64824120603015            1.0830006723253425
-16.532663316582916           1.0830009420386606
-16.417085427135678           1.0830007633934462
-16.301507537688444           1.0830001074240012
-16.185929648241206           1.0830007777737172
-16.07035175879397            1.0830010874572102
-15.954773869346734           1.082999592200914
-15.839195979899497           1.083000697228288
-15.72361809045226            1.0830008545441474
-15.608040201005025           1.0830016960399464
-15.492462311557789           1.0830007014151708
-15.376884422110553           1.0830007615367507
-15.261306532663315           1.0830007805659023
-15.145728643216081           1.0830007220655433
-15.030150753768844           1.0830015933162696
-14.914572864321608           1.083000423101142
-14.798994974874372           1.0829996618011397
-14.683417085427136           1.083000721812361
-14.5678391959799             1.083000654676526
-14.452261306532662           1.0830006138600468
-14.336683417085428           1.083000501779932
-14.22110552763819            1.083001167462531
-14.105527638190955           1.0830004528483372
-13.989949748743719           1.082999490431149
-13.874371859296481           1.0830002829471301
-13.758793969849247           1.0830009622371934
-13.64321608040201            1.083000390511117
-13.527638190954773           1.0829996186596695
-13.412060301507537           1.083000448841596
-13.296482412060302           1.0830001428783482
-13.180904522613066           1.0830006237763774
-13.065326633165828           1.0830000790593388
-12.949748743718594           1.0830004115920844
-12.834170854271356           1.0829999328250335
-12.71859296482412            1.0830006260244487
-12.603015075376884           1.082999872878911
-12.487437185929648           1.0830004487927174
-12.371859296482413           1.0830001711451938
-12.256281407035175           1.0830005339812914
-12.14070351758794            1.0830002990101366
-12.025125628140703           1.0830000035255354
-11.909547738693467           1.0830001013164248
-11.793969849246231           1.0830000611985389
-11.678391959798995           1.0830002875184461
-11.56281407035176            1.0830002108865857
-11.447236180904522           1.0830006278335806
-11.331658291457286           1.0830002739066498
-11.21608040201005            1.0830001947601686
-11.100502512562814           1.0830004777030529
-10.984924623115578           1.0830002643415175
-10.869346733668342           1.0830001298683278
-10.753768844221106           1.0829994116999002
-10.638190954773869           1.0830003023027732
-10.522613065326633           1.0830000279441052
-10.407035175879397           1.0830002720809382
-10.291457286432161           1.08300106408547
-10.175879396984925           1.083000095158595
-10.06030150753769            1.0829999570315836
-9.944723618090451            1.0830001212298224
-9.829145728643216            1.082999682702002
-9.71356783919598             1.0830006369588074
-9.597989949748744            1.0830001018962843
-9.482412060301508            1.0830000573801042
-9.366834170854272            1.083000172379101
-9.251256281407034            1.0830000643654516
-9.135678391959798            1.0829999845643181
-9.020100502512562            1.0830001712977289
-8.904522613065327            1.0829995613341559
-8.78894472361809             1.082999490427565
-8.673366834170855            1.0830011687394265
-8.557788944723619            1.083000038773103
-8.442211055276381            1.0830011024521056
-8.326633165829145            1.0829995228450489
-8.21105527638191             1.0829996834226565
-8.095477386934673            1.0830001086243621
-7.9798994974874375           1.0829999617815964
-7.864321608040202            1.082999918295968
-7.748743718592964            1.0829998340024287
-7.633165829145728            1.0829999784118571
-7.517587939698492            1.082999693149999
-7.402010050251256            1.0830002553350846
-7.28643216080402             1.0829999254173754
-7.170854271356784            1.082999853608873
-7.055276381909547            1.08299957995731
-6.939698492462311            1.0829998514474721
-6.824120603015075            1.0829998665689422
-6.708542713567839            1.0829996779525777
-6.592964824120603            1.0829998475548146
-6.477386934673367            1.0829998474906086
-6.361809045226131            1.08299984047814
-6.246231155778894            1.0829997167670864
-6.130653266331658            1.0829997988290294
-6.015075376884422            1.0829997952685506
-5.899497487437186            1.0829998571150437
-5.78391959798995             1.082999744677064
-5.668341708542714            1.0829997746236482
-5.5527638190954764           1.0829996126059256
-5.4371859296482405           1.0829994631272042
-5.321608040201005            1.0829995957349094
-5.206030150753769            1.0829997009989276
-5.090452261306533            1.0829998163241565
-4.974874371859297            1.0829996853491892
-4.859296482412061            1.0829999150081138
-4.743718592964823            1.0829997096821646
-4.628140703517587            1.0829998262636589
-4.5125628140703515           1.082999662819245
-4.396984924623116            1.0829996673821853
-4.28140703517588             1.0829996928906829
-4.165829145728644            1.0829996734380187
-4.050251256281406            1.0829995519969018
-3.934673366834172            1.0829996972100548
-3.8190954773869343           1.0829997179778819
-3.7035175879396967           1.0829996500904304
-3.5879396984924625           1.0829996709207783
-3.472361809045225            1.0829996557814507
-3.3567839195979907           1.082999673637807
-3.241206030150753            1.082999627656788
-3.125628140703519            1.082999607047117
-3.0100502512562812           1.0829996093031402
-2.8944723618090435           1.0829996650755305
-2.7788944723618094           1.0829994824966664
-2.6633165829145717           1.0829996056294022
-2.5477386934673376           1.0829995965079746
-2.4321608040201              1.0829995894145903
-2.316582914572866            1.0829995953750278
-2.201005025125628            1.0829996091102958
-2.0854271356783904           1.0829995955689682
-1.9698492462311563           1.0829995544040987
-1.8542713567839186           1.0829994914604169
-1.7386934673366845           1.0829995183908707
-1.6231155778894468           1.0829994693372227
-1.5075376884422127           1.082999549976941
-1.391959798994975            1.0829995084896258
-1.2763819095477373           1.0829995030607393
-1.1608040201005032           1.0829994367161866
-1.0452261306532655           1.0829991832624686
-0.9296482412060314           1.082998438939766
-0.8140703517587937           1.0829963670118596
-0.698492462311556            1.0829897172357892
-0.5829145728643219           1.0829705631111382
-0.46733668341708423          1.0829150545080617
-0.3517587939698501           1.0827573493492544
-0.23618090452261245          1.0823206490896051
-0.12060301507537828          1.081151217465534
-0.005025125628140596         1.0781519860439164
0.11055276381909708           1.0708627656158076
0.22613065326633117           1.0542516812283
0.34170854271356893           1.0190569642555578
0.457286432160803             0.9500174883142246
0.5728643216080407            0.8244541663632164
0.6884422110552748            0.6113283019150201
0.8040201005025125            0.2703492964226975
0.9195979899497502            -0.24952199237371628
1.0351758793969843            -1.0126415888315081
1.150753768844222             -2.1005715902819126
1.266331658291456             -3.617629093860798
1.3819095477386938            -5.698618908233529
1.4974874371859315            -8.518971438102172
1.6130653266331656            -12.30733295805169
1.7286432160804033            -17.361528230626167
1.8442211055276374            -24.069532023126918
1.959798994974875             -32.937066851647096
2.075376884422109             -44.62365699141979
2.190954773869347             -59.98963687046911
2.3065326633165846            -80.15745659588457
2.4221105527638187            -106.59165594874706
2.5376884422110564            -141.20320681508676
2.6532663316582905            -186.48565870880685
2.768844221105528             -247.44259971274352
