-20.0                         1.4522121086503392
-19.884422110552762           1.452213526433285
-19.768844221105528           1.4522119406373584
-19.65326633165829            1.4522109116363884
-19.537688442211056           1.4522122937831394
-19.42211055276382            1.4522117681571667
-19.306532663316585           1.4522119574262706
-19.190954773869347           1.4522101827199836
-19.07537688442211            1.4522123874056803
-18.959798994974875           1.4522119799751656
-18.844221105527637           1.4522131545309336
-18.728643216080403           1.452211511024917
-18.613065326633166           1.4522123439322427
-18.49748743718593            1.452211754346018
-18.381909547738694           1.452214649910338
-18.266331658291456           1.4522117197572226
-18.150753768844222           1.4522117808733308
-18.035175879396984           1.4522125954344056
-17.91959798994975            1.4522116657604955
-17.804020100502512           1.452212379382111
-17.688442211055275           1.4522115661138635
-17.57286432160804            1.4522114721439037
-17.457286432160803           1.4522115055490483
-17.34170854271357            1.452211433664047
-17.22613065326633            1.4522112797649338
-17.110552763819094           1.4522114955095997
-16.99497487437186            1.4522120083800902
-16.87939698492462            1.4522109333497146
-16.763819095477388           1.4522123895711456
-16.64824120603015            1.4522112509293066
-16.532663316582916           1.452211943558512
-16.417085427135678           1.4522114558969945
-16.301507537688444           1.4522107223764118
-16.185929648241206           1.4522114924071585
-16.07035175879397            1.4522118451464328
-15.954773869346734           1.4522101001463346
-15.839195979899497           1.4522114204964336
-15.72361809045226            1.4522116995044498
-15.608040201005025           1.4522128168107866
-15.492462311557789           1.4522114564713426
-15.376884422110553           1.4522118227842056
-15.261306532663315           1.4522115047571809
-15.145728643216081           1.4522114952820382
-15.030150753768844           1.4522122970967066
-14.914572864321608           1.4522111447649595
-14.798994974874372           1.4522103376650382
-14.683417085427136           1.452211503860182
-14.5678391959799             1.452211482096624
-14.452261306532662           1.452211446909156
-14.336683417085428           1.4522112431313943
-14.22110552763819            1.452212237950123
-14.105527638190955           1.452211208072415
-13.989949748743719           1.452210113719606
-13.874371859296481           1.45221099030519
-13.758793969849247           1.4522115860641531
-13.64321608040201            1.452211125500783
-13.527638190954773           1.45221019013691
-13.412060301507537           1.4522112142309034
-13.296482412060302           1.4522106405624196
-13.180904522613066           1.4522114406714595
-13.065326633165828           1.4522109436763402
-12.949748743718594           1.452211106517893
-12.834170854271356           1.4522106525717158
-12.71859296482412            1.4522113653719737
-12.603015075376884           1.452210679530158
-12.487437185929648           1.4522111759352416
-12.371859296482413           1.4522108404494802
-12.256281407035175           1.452211270893944
-12.14070351758794            1.4522110569622806
-12.025125628140703           1.452210539871204
-11.909547738693467           1.4522108243537928
-11.793969849246231           1.4522109397432137
-11.678391959798995           1.4522110631019605
-11.56281407035176            1.4522109544512432
-11.447236180904522           1.4522114609297374
-11.331658291457286           1.452211007504065
-11.21608040201005            1.4522109377624266
-11.100502512562814           1.4522111354698748
-10.984924623115578           1.4522110000961506
-10.869346733668342           1.4522108781554761
-10.753768844221106           1.4522100497239607
-10.638190954773869           1.4522111003023086
-10.522613065326633           1.4522107511164122
-10.407035175879397           1.452210998094137
-10.291457286432161           1.4522120209788256
-10.175879396984925           1.452210828811646
-10.06030150753769            1.4522106837143258
-9.944723618090451            1.4522109094210034
-9.829145728643216            1.4522102906646401
-9.71356783919598             1.4522114602631415
-9.597989949748744            1.4522108803999025
-9.482412060301508            1.4522108210282476
-9.366834170854272            1.45221095167427
-9.251256281407034            1.452210828092606
-9.135678391959798            1.4522107281209213
-9.020100502512562            1.4522108618489034
-8.904522613065327            1.4522102136338053
-8.78894472361809             1.4522101499462854
-8.673366834170855            1.4522120904406772
-8.557788944723619            1.4522108201038726
-8.442211055276381            1.45221201757681
-8.326633165829145            1.4522101887992298
-8.21105527638191             1.4522103199343146
-8.095477386934673            1.4522109364638385
-7.9798994974874375           1.452210706629953
-7.864321608040202            1.4522106759964586
-7.748743718592964            1.4522105681553918
-7.633165829145728            1.452210753021321
-7.517587939698492            1.4522104610198823
-7.402010050251256            1.4522110561028465
-7.28643216080402             1.4522106748461763
-7.170854271356784            1.452210601589439
-7.055276381909547            1.4522103321238353
-6.939698492462311            1.452210616322286
-6.824120603015075            1.45221061746671
-6.708542713567839            1.4522103705902016
-6.592964824120603            1.4522106238251697
-6.477386934673367            1.4522106792973406
-6.361809045226131            1.4522106245195032
-6.246231155778894            1.452210471494258
-6.130653266331658            1.452210537528084
-6.015075376884422            1.4522105132574874
-5.899497487437186            1.4522105671307717
-5.78391959798995             1.4522104833050535
-5.668341708542714            1.452210526995054
-5.5527638190954764           1.4522103696016067
-5.4371859296482405           1.4522101704573918
-5.321608040201005            1.4522103283239698
-5.206030150753769            1.4522104838002308
-5.090452261306533            1.4522106145686875
-4.974874371859297            1.4522103781383728
-4.859296482412061            1.4522106547242593
-4.743718592964823            1.4522104492189067
-4.628140703517587            1.45221059824823
-4.5125628140703515           1.4522104398574416
-4.396984924623116            1.4522104153551685
-4.28140703517588             1.4522104406586447
-4.165829145728644            1.4522104312903132
-4.050251256281406            1.4522102604738931
-3.934673366834172            1.4522104536536309
-3.8190954773869343           1.4522104829405644
-3.7035175879396967           1.4522104039370638
-3.5879396984924625           1.4522104365286195
-3.472361809045225            1.4522104202464066
-3.3567839195979907           1.4522104257329878
-3.241206030150753            1.4522104070730681
-3.125628140703519            1.4522103597319433
-3.0100502512562812           1.4522103588434636
-2.8944723618090435           1.4522104582118047
-2.7788944723618094           1.452210222000002
-2.6633165829145717           1.452210386495658
-2.5477386934673376           1.4522103528436368
-2.4321608040201              1.4522103419325219
-2.316582914572866            1.4522103537384499
-2.201005025125628            1.4522103618357665
-2.0854271356783904           1.4522103476489097
-1.9698492462311563           1.452210307813561
-1.8542713567839186           1.452210239719636
-1.7386934673366845           1.4522102729469413
-1.6231155778894468           1.4522102116919664
-1.5075376884422127           1.4522103081415632
-1.391959798994975            1.4522102598028774
-1.2763819095477373           1.4522102896755114
-1.1608040201005032           1.4522103004628029
-1.0452261306532655           1.452210271081185
-0.9296482412060314           1.4522101622564323
-0.8140703517587937           1.452210031646916
-0.698492462311556            1.4522088912834403
-0.5829145728643219           1.4522054659390344
-0.46733668341708423          1.452193808779545
-0.3517587939698501           1.4521549841036994
-0.23618090452261245          1.452028992783093
-0.12060301507537828          1.4516338032552918
-0.005025125628140596         1.4504491486349977
0.11055276381909708           1.4470967210210999
0.22613065326633117           1.438264294214408
0.34170854271356893           1.4168794552806925
0.457286432160803             1.3697255737572689
0.5728643216080407            1.275231524574399
0.6884422110552748            1.1021439364446128
0.8040201005025125            0.8089123825169058
0.9195979899497502            0.3428075646164153
1.0351758793969843            -0.36213842746757585
1.150753768844222             -1.3887723825286526
1.266331658291456             -2.8423137201934647
1.3819095477386938            -4.858161636416953
1.4974874371859315            -7.612174016609584
1.6130653266331656            -11.33333986229074
1.7286432160804033            -16.31974451843477
1.8442211055276374            -22.959542426144335
1.959798994974875             -31.75857609245621
2.075376884422109             -43.37645135846654
2.190954773869347             -58.67355955376483
2.3065326633165846            -78.77239133772775
2.4221105527638187            -105.13751587571858
2.5376884422110564            -139.67992662163675
2.6532663316582905            -184.89318907963275
2.768844221105528             -245.78129318008018
