-20.0                         1.10347778803115
-19.884422110552762           1.1034789571333812
-19.768844221105528           1.1034776383791334
-19.65326633165829            1.1034765836654117
-19.537688442211056           1.1034777740356914
-19.42211055276382            1.1034774633505182
-19.306532663316585           1.1034777578529849
-19.190954773869347           1.1034761106821724
-19.07537688442211            1.103477944527192
-18.959798994974875           1.103477571103929
-18.844221105527637           1.1034788715554695
-18.728643216080403           1.1034773155744473
-18.613065326633166           1.1034777993877225
-18.49748743718593            1.1034774466071156
-18.381909547738694           1.1034800120029011
-18.266331658291456           1.1034773359667893
-18.150753768844222           1.1034774082946728
-18.035175879396984           1.1034777894515442
-17.91959798994975            1.1034773500212482
-17.804020100502512           1.1034779142089635
-17.688442211055275           1.103477444891219
-17.57286432160804            1.1034770434439536
-17.457286432160803           1.1034771160759416
-17.34170854271357            1.1034772075051107
-17.22613065326633            1.1034771893588162
-17.110552763819094           1.1034770804806127
-16.99497487437186            1.103477587893694
-16.87939698492462            1.1034768261418553
-16.763819095477388           1.103477851064459
-16.64824120603015            1.1034769988706494
-16.532663316582916           1.1034772910722188
-16.417085427135678           1.1034770971864638
-16.301507537688444           1.1034764343255374
-16.185929648241206           1.1034771121206643
-16.07035175879397            1.1034774258692124
-15.954773869346734           1.1034759152155513
-15.839195979899497           1.103477032697129
-15.72361809045226            1.1034771959059464
-15.608040201005025           1.103478055235407
-15.492462311557789           1.1034770387056663
-15.376884422110553           1.1034771143017992
-15.261306532663315           1.103477116141719
-15.145728643216081           1.1034770605977864
-15.030150753768844           1.103477930709162
-14.914572864321608           1.1034767584594072
-14.798994974874372           1.103475993274196
-14.683417085427136           1.1034770605953839
-14.5678391959799             1.1034769951819874
-14.452261306532662           1.1034769544933267
-14.336683417085428           1.1034768381780593
-14.22110552763819            1.103477522905858
-14.105527638190955           1.1034767896468287
-13.989949748743719           1.1034758199410297
-13.874371859296481           1.1034766175149122
-13.758793969849247           1.1034772926206005
-13.64321608040201            1.1034767262429555
-13.527638190954773           1.1034759445930054
-13.412060301507537           1.1034767864041621
-13.296482412060302           1.1034764656603675
-13.180904522613066           1.1034769648756513
-13.065326633165828           1.1034764214777595
-12.949748743718594           1.1034767456432755
-12.834170854271356           1.1034762679431234
-12.71859296482412            1.1034769627272116
-12.603015075376884           1.1034762120544306
-12.487437185929648           1.1034767848518674
-12.371859296482413           1.1034765027815676
-12.256281407035175           1.1034768712173535
-12.14070351758794            1.1034766363516944
-12.025125628140703           1.1034763284128153
-11.909547738693467           1.1034764367816714
-11.793969849246231           1.103476403724171
-11.678391959798995           1.103476625928127
-11.56281407035176            1.1034765475033612
-11.447236180904522           1.1034769696090214
-11.331658291457286           1.1034766101230333
-11.21608040201005            1.1034765311869232
-11.100502512562814           1.1034768098313894
-10.984924623115578           1.103476600713592
-10.869346733668342           1.103476466735348
-10.753768844221106           1.1034757421780093
-10.638190954773869           1.1034766422760325
-10.522613065326633           1.1034763633160025
-10.407035175879397           1.1034766088976924
-10.291457286432161           1.1034774136727474
-10.175879396984925           1.1034764311831966
-10.06030150753769            1.103476292725394
-9.944723618090451            1.1034764599844387
-9.829145728643216            1.1034760113307225
-9.71356783919598             1.103476979660561
-9.597989949748744            1.1034764405805855
-9.482412060301508            1.1034763950368194
-9.366834170854272            1.1034765113539085
-9.251256281407034            1.1034764020838237
-9.135678391959798            1.103476320761629
-9.020100502512562            1.1034765061672125
-8.904522613065327            1.1034758923641494
-8.78894472361809             1.1034758222236012
-8.673366834170855            1.1034775157903707
-8.557788944723619            1.1034763775696368
-8.442211055276381            1.1034774491204036
-8.326633165829145            1.1034758550313584
-8.21105527638191             1.103476013845634
-8.095477386934673            1.1034764504995722
-7.9798994974874375           1.103476298927661
-7.864321608040202            1.1034762558098434
-7.748743718592964            1.103476170151152
-7.633165829145728            1.103476316986467
-7.517587939698492            1.103476030313374
-7.402010050251256            1.103476596273082
-7.28643216080402             1.103476262536003
-7.170854271356784            1.1034761905221482
-7.055276381909547            1.1034759166921775
-6.939698492462311            1.1034761893147282
-6.824120603015075            1.1034762037493395
-6.708542713567839            1.1034760117479994
-6.592964824120603            1.1034761860191233
-6.477386934673367            1.1034761888433247
-6.361809045226131            1.103476179340912
-6.246231155778894            1.1034760540421238
-6.130653266331658            1.1034761353709206
-6.015075376884422            1.103476130899326
-5.899497487437186            1.1034761925476266
-5.78391959798995             1.1034760810494295
-5.668341708542714            1.103476111832948
-5.5527638190954764           1.1034759494733224
-5.4371859296482405           1.103475797691837
-5.321608040201005            1.1034759313118234
-5.206030150753769            1.1034760394492313
-5.090452261306533            1.1034761562896664
-4.974874371859297            1.1034760192682063
-4.859296482412061            1.1034762517325563
-4.743718592964823            1.1034760462009237
-4.628140703517587            1.10347616460215
-4.5125628140703515           1.1034760010188416
-4.396984924623116            1.1034760042187028
-4.28140703517588             1.1034760298529063
-4.165829145728644            1.1034760108456982
-4.050251256281406            1.1034758866140866
-3.934673366834172            1.1034760347179742
-3.8190954773869343           1.1034760559577403
-3.7035175879396967           1.103475987407391
-3.5879396984924625           1.1034760089105204
-3.472361809045225            1.1034759936660057
-3.3567839195979907           1.103476011092109
-3.241206030150753            1.1034759661230742
-3.125628140703519            1.103475944242556
-3.0100502512562812           1.1034759463295147
-2.8944723618090435           1.1034760044720584
-2.7788944723618094           1.1034758189255314
-2.6633165829145717           1.1034759443179094
-2.5477386934673376           1.1034759339482851
-2.4321608040201              1.1034759266909255
-2.316582914572866            1.1034759329360981
-2.201005025125628            1.1034759465128632
-2.0854271356783904           1.1034759328578936
-1.9698492462311563           1.1034758916431295
-1.8542713567839186           1.1034758283443196
-1.7386934673366845           1.1034758555915551
-1.6231155778894468           1.1034758061048793
-1.5075376884422127           1.1034758879563529
-1.391959798994975            1.1034758468963657
-1.2763819095477373           1.1034758459277003
-1.1608040201005032           1.1034757906298902
-1.0452261306532655           1.1034755681155035
-0.9296482412060314           1.1034749096171683
-0.8140703517587937           1.1034730810154856
-0.698492462311556            1.1034670935114521
-0.5829145728643219           1.103449727431513
-0.46733668341708423          1.1033989285802193
-0.3517587939698501           1.103253259652879
-0.23618090452261245          1.1028461444313418
-0.12060301507537828          1.1017458876511217
-0.005025125628140596         1.098898498256984
0.11055276381909708           1.091917600243068
0.22613065326633117           1.0758775483161664
0.34170854271356893           1.0416375815270602
0.457286432160803             0.9740349033941166
0.5728643216080407            0.8504295959003199
0.6884422110552748            0.6397536628299259
0.8040201005025125            0.301639769942182
0.9195979899497502            -0.21504394409951935
1.0351758793969843            -0.9747389860020566
1.150753768844222             -2.0590749820824743
1.266331658291456             -3.57241654226226
1.3819095477386938            -5.649600105088089
1.4974874371859315            -8.466079242581399
1.6130653266331656            -12.25051907845326
1.7286432160804033            -17.300758846982
1.8442211055276374            -24.004783384110873
1.959798994974875             -32.868321987977275
2.075376884422109             -44.5509035770691
2.190954773869347             -59.912865836728855
2.3065326633165846            -80.07666120548893
2.4221105527638187            -106.50683115944307
2.5376884422110564            -141.11434883195994
2.6532663316582905            -186.39276466355113
2.768844221105528             -247.3456901650048
