-20.0                         0.17544421589028686
-19.884422110552762           0.1754447922392182
-19.768844221105528           0.17544416016042594
-19.65326633165829            0.1754434369890209
-19.537688442211056           0.17544412835626055
-19.42211055276382            0.17544420196148192
-19.306532663316585           0.17544423371536508
-19.190954773869347           0.17544389726336956
-19.07537688442211            0.1754441510741421
-18.959798994974875           0.17544404154516874
-18.844221105527637           0.17544459093820058
-18.728643216080403           0.17544407114597543
-18.613065326633166           0.1754439296475695
-18.49748743718593            0.1754439836816194
-18.381909547738694           0.17544493856387336
-18.266331658291456           0.1754438619582501
-18.150753768844222           0.1754439439954687
-18.035175879396984           0.17544347673478983
-17.91959798994975            0.17544386455924646
-17.804020100502512           0.1754439573519767
-17.688442211055275           0.17544404820948137
-17.57286432160804            0.17544384436632623
-17.457286432160803           0.1754436428312677
-17.34170854271357            0.17544384846644037
-17.22613065326633            0.17544400714288413
-17.110552763819094           0.17544361189782257
-16.99497487437186            0.175443743468031
-16.87939698492462            0.17544387517221974
-16.763819095477388           0.17544382036006623
-16.64824120603015            0.17544377892144247
-16.532663316582916           0.17544358239977348
-16.417085427135678           0.17544367786661733
-16.301507537688444           0.17544359383295735
-16.185929648241206           0.17544361955505408
-16.07035175879397            0.17544368048666112
-15.954773869346734           0.17544314481161435
-15.839195979899497           0.17544353099824142
-15.72361809045226            0.17544353732011322
-15.608040201005025           0.17544345655404936
-15.492462311557789           0.17544345654881374
-15.376884422110553           0.1754432380622188
-15.261306532663315           0.1754435288854414
-15.145728643216081           0.17544342747429306
-15.030150753768844           0.17544378457720283
-14.914572864321608           0.1754432890536118
-14.798994974874372           0.17544299402763888
-14.683417085427136           0.175443393741402
-14.5678391959799             0.1754434039550439
-14.452261306532662           0.17544337038603305
-14.336683417085428           0.17544330225374133
-14.22110552763819            0.17544321200011442
-14.105527638190955           0.17544330257572371
-13.989949748743719           0.17544273285802317
-13.874371859296481           0.17544318285680952
-13.758793969849247           0.175443846271391
-13.64321608040201            0.17544325677059586
-13.527638190954773           0.17544309508686512
-13.412060301507537           0.17544323384805005
-13.296482412060302           0.17544344014120974
-13.180904522613066           0.17544321148348102
-13.065326633165828           0.17544282104992398
-12.949748743718594           0.17544325015887507
-12.834170854271356           0.17544284816605463
-12.71859296482412            0.17544331708294933
-12.603015075376884           0.1754427667689873
-12.487437185929648           0.17544317155865505
-12.371859296482413           0.17544314987815912
-12.256281407035175           0.1754431773084776
-12.14070351758794            0.17544305851192363
-12.025125628140703           0.17544324171992212
-11.909547738693467           0.1754429533671726
-11.793969849246231           0.17544288795470733
-11.678391959798995           0.1754430204662604
-11.56281407035176            0.1754429982331414
-11.447236180904522           0.17544313337560427
-11.331658291457286           0.17544303464729857
-11.21608040201005            0.17544298534978067
-11.100502512562814           0.17544334720028448
-10.984924623115578           0.1754430088376295
-10.869346733668342           0.17544291085721508
-10.753768844221106           0.17544256517616502
-10.638190954773869           0.17544294043281347
-10.522613065326633           0.17544289115193656
-10.407035175879397           0.17544291953073773
-10.291457286432161           0.17544309817449147
-10.175879396984925           0.17544288031913535
-10.06030150753769            0.17544279093544116
-9.944723618090451            0.1754428470802943
-9.829145728643216            0.17544286770455625
-9.71356783919598             0.17544292602618203
-9.597989949748744            0.17544280789003916
-9.482412060301508            0.17544281441153833
-9.366834170854272            0.1754428073274356
-9.251256281407034            0.1754427927133365
-9.135678391959798            0.17544279011717884
-9.020100502512562            0.1754428274129315
-8.904522613065327            0.1754426887194418
-8.78894472361809             0.17544254661843756
-8.673366834170855            0.17544332825494693
-8.557788944723619            0.17544271145050527
-8.442211055276381            0.17544328464308653
-8.326633165829145            0.17544255135066367
-8.21105527638191             0.1754427463431231
-8.095477386934673            0.17544266314709536
-7.9798994974874375           0.17544267780764194
-7.864321608040202            0.1754426579810862
-7.748743718592964            0.1754426351369357
-7.633165829145728            0.17544265620376093
-7.517587939698492            0.1754425802225118
-7.402010050251256            0.1754426913522997
-7.28643216080402             0.175442650995083
-7.170854271356784            0.17544261644608103
-7.055276381909547            0.17544244796027642
-6.939698492462311            0.17544258435925242
-6.824120603015075            0.17544259776625032
-6.708542713567839            0.175442592869339
-6.592964824120603            0.1754425472429388
-6.477386934673367            0.17544246380068543
-6.361809045226131            0.17544253763491752
-6.246231155778894            0.1754424720909196
-6.130653266331658            0.17544254479898908
-6.015075376884422            0.17544254319605015
-5.899497487437186            0.17544256392018387
-5.78391959798995             0.1754425205724769
-5.668341708542714            0.17544251801233965
-5.5527638190954764           0.17544245953614168
-5.4371859296482405           0.17544236313585573
-5.321608040201005            0.17544247086382067
-5.206030150753769            0.1754424573700842
-5.090452261306533            0.1754424536962418
-4.974874371859297            0.17544252867944435
-4.859296482412061            0.17544260447165674
-4.743718592964823            0.17544245805566333
-4.628140703517587            0.17544250226066987
-4.5125628140703515           0.17544241824723628
-4.396984924623116            0.1754424232963901
-4.28140703517588             0.17544242935020807
-4.165829145728644            0.1754424142952919
-4.050251256281406            0.17544242021277193
-3.934673366834172            0.17544241125160656
-3.8190954773869343           0.17544241068260477
-3.7035175879396967           0.17544238313507732
-3.5879396984924625           0.17544237734887844
-3.472361809045225            0.17544236435596172
-3.3567839195979907           0.17544236735585025
-3.241206030150753            0.1754423370139845
-3.125628140703519            0.1754423139966228
-3.0100502512562812           0.17544228830300257
-2.8944723618090435           0.17544220888480863
-2.7788944723618094           0.17544207212735685
-2.6633165829145717           0.1754419446824337
-2.5477386934673376           0.17544170149298027
-2.4321608040201              0.1754412245831667
-2.316582914572866            0.17544039398180367
-2.201005025125628            0.1754389457173161
-2.0854271356783904           0.17543640137728103
-1.9698492462311563           0.17543192878596875
-1.8542713567839186           0.17542410746474182
-1.7386934673366845           0.1754104845078776
-1.6231155778894468           0.17538658818065916
-1.5075376884422127           0.17534492149701392
-1.391959798994975            0.17527210503408425
-1.2763819095477373           0.1751451359508917
-1.1608040201005032           0.17492423056817485
-1.0452261306532655           0.1745408794880931
-0.9296482412060314           0.17387809399324014
-0.8140703517587937           0.17273765991178006
-0.698492462311556            0.17078748556895001
-0.5829145728643219           0.16747982715104345
-0.46733668341708423          0.16192621509178037
-0.3517587939698501           0.15271704937131658
-0.23618090452261245          0.13767126911661703
-0.12060301507537828          0.11350772348909287
-0.005025125628140596         0.07543548438485037
0.11055276381909708           0.016665168949289395
0.22613065326633117           -0.0721613885456462
0.34170854271356893           -0.20364127315505645
0.457286432160803             -0.394427261612119
0.5728643216080407            -0.6662671130744595
0.6884422110552748            -1.0473672064588642
0.8040201005025125            -1.5742003082836944
0.9195979899497502            -2.293892530284624
1.0351758793969843            -3.2673595409297405
1.150753768844222             -4.5734518635345225
1.266331658291456             -6.314544938260806
1.3819095477386938            -8.624094021638074
1.4974874371859315            -11.676472359561428
1.6130653266331656            -15.69941941065597
1.7286432160804033            -20.990038391381535
1.8442211055276374            -27.93578531596256
1.959798994974875             -37.04202227754918
2.075376884422109             -48.96802030794941
2.190954773869347             -64.57393251165023
2.3065326633165846            -84.98207712798738
2.4221105527638187            -111.65689687246355
2.5376884422110564            -146.5092915124951
2.6532663316582905            -192.03275658766404
2.768844221105528             -253.22948413485406
