-20.0                         0.20877875179127864
-19.884422110552762           0.2087793599107014
-19.768844221105528           0.208778692998018
-19.65326633165829            0.20877793604893324
-19.537688442211056           0.20877865821189498
-19.42211055276382            0.2087787247416903
-19.306532663316585           0.2087787821009846
-19.190954773869347           0.20877836040166425
-19.07537688442211            0.2087786959748877
-18.959798994974875           0.20877856952606733
-18.844221105527637           0.20877919809015552
-18.728643216080403           0.2087786071493159
-18.613065326633166           0.20877846883656598
-18.49748743718593            0.20877851679629494
-18.381909547738694           0.20877957491611612
-18.266331658291456           0.20877838824028794
-18.150753768844222           0.20877847246642783
-18.035175879396984           0.20877801597011886
-17.91959798994975            0.20877839744795412
-17.804020100502512           0.20877851024040658
-17.688442211055275           0.208778603622643
-17.57286432160804            0.20877836039876976
-17.457286432160803           0.20877816713081343
-17.34170854271357            0.20877838754571426
-17.22613065326633            0.20877855521070138
-17.110552763819094           0.20877813231472045
-16.99497487437186            0.2087782843045696
-16.87939698492462            0.20877840615706544
-16.763819095477388           0.2087783737874286
-16.64824120603015            0.20877831237629438
-16.532663316582916           0.20877809948515677
-16.417085427135678           0.20877820303462616
-16.301507537688444           0.20877809343030104
-16.185929648241206           0.20877815295329705
-16.07035175879397            0.2087782214177975
-15.954773869346734           0.20877763110686448
-15.839195979899497           0.20877805920382864
-15.72361809045226            0.2087780685024176
-15.608040201005025           0.20877801567623744
-15.492462311557789           0.20877798762459615
-15.376884422110553           0.20877775258173417
-15.261306532663315           0.20877806636233545
-15.145728643216081           0.2087779591173975
-15.030150753768844           0.20877836766956262
-14.914572864321608           0.20877781357228464
-14.798994974874372           0.20877748018002767
-14.683417085427136           0.20877792896601727
-14.5678391959799             0.20877793224192806
-14.452261306532662           0.20877789795251345
-14.336683417085428           0.2087778316235168
-14.22110552763819            0.20877775616676278
-14.105527638190955           0.20877782766770428
-13.989949748743719           0.20877723226029546
-13.874371859296481           0.20877770625176648
-13.758793969849247           0.2087783916774153
-13.64321608040201            0.20877778358698257
-13.527638190954773           0.20877758685364048
-13.412060301507537           0.2087777630407373
-13.296482412060302           0.20877796526202322
-13.180904522613066           0.20877774728416376
-13.065326633165828           0.20877733633090464
-12.949748743718594           0.20877778396332847
-12.834170854271356           0.20877736720392323
-12.71859296482412            0.20877785857688622
-12.603015075376884           0.2087772756982235
-12.487437185929648           0.20877770933528522
-12.371859296482413           0.20877768032239483
-12.256281407035175           0.2087777167689549
-12.14070351758794            0.20877758988075076
-12.025125628140703           0.20877776568833817
-11.909547738693467           0.2087774792700086
-11.793969849246231           0.208777400121789
-11.678391959798995           0.20877755146463253
-11.56281407035176            0.20877752797321456
-11.447236180904522           0.2087776787212896
-11.331658291457286           0.20877756936657077
-11.21608040201005            0.2087775163654931
-11.100502512562814           0.2087778866214262
-10.984924623115578           0.20877754486262304
-10.869346733668342           0.20877744102207335
-10.753768844221106           0.20877707232070392
-10.638190954773869           0.208777475868347
-10.522613065326633           0.20877741734785554
-10.407035175879397           0.20877745812597662
-10.291457286432161           0.20877766717436036
-10.175879396984925           0.20877741278466608
-10.06030150753769            0.20877731828190962
-9.944723618090451            0.20877737922923514
-9.829145728643216            0.20877738345515132
-9.71356783919598             0.20877748395587498
-9.597989949748744            0.20877734038878992
-9.482412060301508            0.20877734554617142
-9.366834170854272            0.20877734489946392
-9.251256281407034            0.20877732630691506
-9.135678391959798            0.20877732227389
-9.020100502512562            0.20877737190272572
-8.904522613065327            0.2087772012643758
-8.78894472361809             0.20877706114872557
-8.673366834170855            0.20877789733939714
-8.557788944723619            0.20877724711401208
-8.442211055276381            0.20877785232371884
-8.326633165829145            0.20877706792614287
-8.21105527638191             0.20877726919207643
-8.095477386934673            0.2087771987163317
-7.9798994974874375           0.2087772120316202
-7.864321608040202            0.20877719021517646
-7.748743718592964            0.2087771649273984
-7.633165829145728            0.20877719162917743
-7.517587939698492            0.20877710136136102
-7.402010050251256            0.20877724118932564
-7.28643216080402             0.20877718610107074
-7.170854271356784            0.20877714857747245
-7.055276381909547            0.20877696830748615
-6.939698492462311            0.20877711665288562
-6.824120603015075            0.20877713217792945
-6.708542713567839            0.2087771179796259
-6.592964824120603            0.20877708093876665
-6.477386934673367            0.2087769972434055
-6.361809045226131            0.20877707045640165
-6.246231155778894            0.2087770031700473
-6.130653266331658            0.20877707921046626
-6.015075376884422            0.20877707862176742
-5.899497487437186            0.2087771038547329
-5.78391959798995             0.2087770532671213
-5.668341708542714            0.20877705120978005
-5.5527638190954764           0.2087769848321167
-5.4371859296482405           0.20877688653135335
-5.321608040201005            0.20877699749381037
-5.206030150753769            0.208776987323893
-5.090452261306533            0.20877698803081482
-4.974874371859297            0.20877706270140634
-4.859296482412061            0.20877714603225422
-4.743718592964823            0.20877699235451508
-4.628140703517587            0.20877703938520814
-4.5125628140703515           0.20877694875850875
-4.396984924623116            0.2087769564616958
-4.28140703517588             0.20877696380783367
-4.165829145728644            0.20877694768602736
-4.050251256281406            0.20877694925024534
-3.934673366834172            0.20877694659951626
-3.8190954773869343           0.20877694738731217
-3.7035175879396967           0.20877691803690973
-3.5879396984924625           0.2087769139494654
-3.472361809045225            0.2087769028575504
-3.3567839195979907           0.20877691059379627
-3.241206030150753            0.2087768831211237
-3.125628140703519            0.2087768718249367
-3.0100502512562812           0.20877686460714498
-2.8944723618090435           0.20877681781880456
-2.7788944723618094           0.2087767284899919
-2.6633165829145717           0.20877669542952249
-2.5477386934673376           0.2087766073022532
-2.4321608040201              0.2087763949386035
-2.316582914572866            0.20877601528920664
-2.201005025125628            0.20877533431827727
-2.0854271356783904           0.20877408993921
-1.9698492462311563           0.20877181662502742
-1.8542713567839186           0.20876770730536812
-1.7386934673366845           0.20876033564202137
-1.6231155778894468           0.20874691708239115
-1.5075376884422127           0.20872274556899723
-1.391959798994975            0.2086789852144932
-1.2763819095477373           0.20859999799332476
-1.1608040201005032           0.20845776509801223
-1.0452261306532655           0.20820230786520405
-0.9296482412060314           0.20774528633739966
-0.8140703517587937           0.20693174229116518
-0.698492462311556            0.20549296206131107
-0.5829145728643219           0.2029706615139138
-0.46733668341708423          0.1985966964145565
-0.3517587939698501           0.1911138499782653
-0.23618090452261245          0.17851981551301777
-0.12060301507537828          0.15772350849330813
-0.005025125628140596         0.12411125840016575
0.11055276381909708           0.07102973297754415
0.22613065326633117           -0.010808454734118202
0.34170854271356893           -0.13400610228038803
0.457286432160803             -0.3152928742849071
0.5728643216080407            -0.5765459402125462
0.6884422110552748            -0.9461292832658232
0.8040201005025125            -1.4606791127519336
0.9195979899497502            -2.167474619838539
1.0351758793969843            -3.127564244353218
1.150753768844222             -4.419905054906918
1.266331658291456             -6.146951286359774
1.3819095477386938            -8.442216436286005
1.4974874371859315            -11.480123415092253
1.6130653266331656            -15.488456980034686
1.7286432160804033            -20.764357857201745
1.8442211055276374            -27.69530998943969
1.959798994974875             -36.78669550114368
2.075376884422109             -48.69779986812286
2.190954773869347             -64.28878674655752
2.3065326633165846            -84.68198216892226
2.4221105527638187            -111.34183465563447
2.5376884422110564            -146.17924832665287
2.6532663316582905            -191.68772200199032
2.768844221105528             -252.86953438611033
