-20.0                         0.324348190989718
-19.884422110552762           0.32434888730690387
-19.768844221105528           0.3243481211027906
-19.65326633165829            0.3243472734403594
-19.537688442211056           0.32434807856858544
-19.42211055276382            0.3243481138090349
-19.306532663316585           0.3243482517335288
-19.190954773869347           0.3243475676089664
-19.07537688442211            0.32434816129857513
-18.959798994974875           0.3243479831672977
-18.844221105527637           0.3243488323544934
-18.728643216080403           0.32434803249897753
-18.613065326633166           0.32434792317122435
-18.49748743718593            0.32434794409001316
-18.381909547738694           0.32434929952714303
-18.266331658291456           0.32434779734343283
-18.150753768844222           0.32434788464064496
-18.035175879396984           0.32434749053405276
-17.91959798994975            0.32434782525496375
-17.804020100502512           0.32434800238117717
-17.688442211055275           0.3243480819333729
-17.57286432160804            0.32434772467546485
-17.457286432160803           0.32434757204210685
-17.34170854271357            0.3243478252222603
-17.22613065326633            0.32434800406549097
-17.110552763819094           0.32434752786930215
-16.99497487437186            0.32434774559367746
-16.87939698492462            0.32434780192318774
-16.763819095477388           0.3243478671304562
-16.64824120603015            0.32434772606851914
-16.532663316582916           0.3243474881410761
-16.417085427135678           0.324347606471153
-16.301507537688444           0.3243474059376324
-16.185929648241206           0.3243475791761659
-16.07035175879397            0.32434767629602407
-15.954773869346734           0.3243469229157962
-15.839195979899497           0.3243474736268938
-15.72361809045226            0.32434749321550466
-15.608040201005025           0.32434755084435596
-15.492462311557789           0.3243474117499666
-15.376884422110553           0.32434714863228425
-15.261306532663315           0.32434750606284807
-15.145728643216081           0.3243473866355933
-15.030150753768844           0.3243479396017309
-14.914572864321608           0.32434721872661104
-14.798994974874372           0.324346779085369
-14.683417085427136           0.3243473661812626
-14.5678391959799             0.3243473453920586
-14.452261306532662           0.3243473092535391
-14.336683417085428           0.3243472499256785
-14.22110552763819            0.3243472431867202
-14.105527638190955           0.32434723220157907
-13.989949748743719           0.3243465672407598
-13.874371859296481           0.3243471073062806
-13.758793969849247           0.3243478367638488
-13.64321608040201            0.32434719148011226
-13.527638190954773           0.32434688867559347
-13.412060301507537           0.3243471799133785
-13.296482412060302           0.3243473478842517
-13.180904522613066           0.3243471891207359
-13.065326633165828           0.3243467270027577
-12.949748743718594           0.3243472095970948
-12.834170854271356           0.3243467587978469
-12.71859296482412            0.324347307523232
-12.603015075376884           0.3243466454827066
-12.487437185929648           0.32434715066763997
-12.371859296482413           0.3243470917870177
-12.256281407035175           0.3243471659344403
-12.14070351758794            0.32434701397397986
-12.025125628140703           0.32434714875502313
-11.909547738693467           0.3243468879175269
-11.793969849246231           0.324346774385775
-11.678391959798995           0.32434697524304085
-11.56281407035176            0.3243469475949327
-11.447236180904522           0.3243471445195137
-11.331658291457286           0.3243470008321182
-11.21608040201005            0.32434693823496924
-11.100502512562814           0.32434732058070015
-10.984924623115578           0.3243469799777268
-10.869346733668342           0.3243468615932552
-10.753768844221106           0.3243464274145049
-10.638190954773869           0.32434691373983526
-10.522613065326633           0.32434682506198986
-10.407035175879397           0.324346906470952
-10.291457286432161           0.3243472079112059
-10.175879396984925           0.3243468385840264
-10.06030150753769            0.3243467307653752
-9.944723618090451            0.32434680563217105
-9.829145728643216            0.32434675142579605
-9.71356783919598             0.32434699251619553
-9.597989949748744            0.32434676898158715
-9.482412060301508            0.32434676839146104
-9.366834170854272            0.3243467893964358
-9.251256281407034            0.32434675664853857
-9.135678391959798            0.32434674544209613
-9.020100502512562            0.3243468339919854
-8.904522613065327            0.32434656580463567
-8.78894472361809             0.32434643608951946
-8.673366834170855            0.32434742876656164
-8.557788944723619            0.3243466847654435
-8.442211055276381            0.3243473797532977
-8.326633165829145            0.32434644839452315
-8.21105527638191             0.3243466588767968
-8.095477386934673            0.3243466420308158
-7.9798994974874375           0.324346645303022
-7.864321608040202            0.3243466171627695
-7.748743718592964            0.3243465840035774
-7.633165829145728            0.3243466284587812
-7.517587939698492            0.32434649453636805
-7.402010050251256            0.32434672380121743
-7.28643216080402             0.32434662017970545
-7.170854271356784            0.32434657404281875
-7.055276381909547            0.3243463637166095
-6.939698492462311            0.32434654376901917
-6.824120603015075            0.3243465644444431
-6.708542713567839            0.32434652127820407
-6.592964824120603            0.32434651307684975
-6.477386934673367            0.32434643274528974
-6.361809045226131            0.32434650050315333
-6.246231155778894            0.32434642730633895
-6.130653266331658            0.32434651125276837
-6.015075376884422            0.32434651395578257
-5.899497487437186            0.32434655169591753
-5.78391959798995             0.32434647948066603
-5.668341708542714            0.32434647998443017
-5.5527638190954764           0.32434638992589443
-5.4371859296482405           0.324346287584222
-5.321608040201005            0.32434640431329886
-5.206030150753769            0.32434640693274563
-5.090452261306533            0.3243464244201298
-4.974874371859297            0.32434648838962327
-4.859296482412061            0.3243465952341669
-4.743718592964823            0.32434642406774195
-4.628140703517587            0.3243464797488988
-4.5125628140703515           0.32434636985728504
-4.396984924623116            0.3243463848869186
-4.28140703517588             0.3243463960422811
-4.165829145728644            0.3243463766241424
-4.050251256281406            0.32434636205119727
-3.934673366834172            0.32434638083481926
-3.8190954773869343           0.3243463847022981
-3.7035175879396967           0.324346348311955
-3.5879396984924625           0.3243463468904376
-3.472361809045225            0.32434633625343784
-3.3567839195979907           0.3243463493093085
-3.241206030150753            0.3243463149607194
-3.125628140703519            0.3243463124242861
-3.0100502512562812           0.32434631627364824
-2.8944723618090435           0.32434629504205
-2.7788944723618094           0.3243462202385011
-2.6633165829145717           0.3243462578570061
-2.5477386934673376           0.32434627325766124
-2.4321608040201              0.32434624967186176
-2.316582914572866            0.3243462097570401
-2.201005025125628            0.3243461392253006
-2.0854271356783904           0.3243459806423389
-1.9698492462311563           0.32434564519571196
-1.8542713567839186           0.32434499104325376
-1.7386934673366845           0.3243437797155197
-1.6231155778894468           0.32434128032467996
-1.5075376884422127           0.32433641436873856
-1.391959798994975            0.3243266109830613
-1.2763819095477373           0.3243070855173938
-1.1608040201005032           0.32426830883618446
-1.0452261306532655           0.32419146925362863
-0.9296482412060314           0.32403989015202717
-0.8140703517587937           0.32374246089107167
-0.698492462311556            0.3231628433254018
-0.5829145728643219           0.3220447160880661
-0.46733668341708423          0.3199143430728364
-0.3517587939698501           0.31591976569405433
-0.23618090452261245          0.3085768879477456
-0.12060301507537828          0.29539749726705994
-0.005025125628140596         0.2723877524028081
0.11055276381909708           0.23343089328114255
0.22613065326633117           0.16958860253289773
0.34170854271356893           0.06835095020536518
0.457286432160803             -0.08718053708804147
0.5728643216080407            -0.3192581375674161
0.6884422110552748            -0.6567394760057994
0.8040201005025125            -1.1367869824561887
0.9195979899497502            -1.8071755978875408
1.0351758793969843            -2.7293818913113537
1.150753768844222             -3.982703880392963
1.266331658291456             -5.669845620710085
1.3819095477386938            -7.924502309539197
1.4974874371859315            -10.921248506712512
1.6130653266331656            -14.888005184078688
1.7286432160804033            -20.122024737817718
1.8442211055276374            -27.010873534211868
1.959798994974875             -36.059992349520435
2.075376884422109             -47.92870867974951
2.190954773869347             -63.477216723828235
2.3065326633165846            -83.82786498459313
2.4221105527638187            -110.4451186699392
2.5376884422110564            -145.23989438324665
2.6532663316582905            -190.70570033631319
2.768844221105528             -251.84506202430128
