-20.0                         0.09676522177775128
-19.884422110552762           0.09676568703901049
-19.768844221105528           0.09676517382442995
-19.65326633165829            0.09676456922007896
-19.537688442211056           0.09676514932143218
-19.42211055276382            0.09676523137218082
-19.306532663316585           0.09676519725272023
-19.190954773869347           0.09676510004521731
-19.07537688442211            0.09676512730391428
-18.959798994974875           0.09676506661337263
-18.844221105527637           0.09676536517283711
-18.728643216080403           0.09676506420291889
-18.613065326633166           0.09676493069503744
-18.49748743718593            0.09676499437915663
-18.381909547738694           0.09676561738885668
-18.266331658291456           0.0967648947494079
-18.150753768844222           0.09676496446410554
-18.035175879396984           0.09676450417422565
-17.91959798994975            0.09676487725023314
-17.804020100502512           0.09676491403360915
-17.688442211055275           0.09676497834083125
-17.57286432160804            0.09676488854118401
-17.457286432160803           0.09676468424822175
-17.34170854271357            0.09676483536333658
-17.22613065326633            0.09676494946578411
-17.110552763819094           0.09676466702741303
-16.99497487437186            0.09676474068974915
-16.87939698492462            0.09676486425868129
-16.763819095477388           0.0967647728840235
-16.64824120603015            0.09676477290522598
-16.532663316582916           0.09676464394192046
-16.417085427135678           0.09676470984795685
-16.301507537688444           0.09676468302530133
-16.185929648241206           0.09676462710812839
-16.07035175879397            0.09676466979273292
-15.954773869346734           0.09676430486047023
-15.839195979899497           0.0967645570299919
-15.72361809045226            0.09676455459649663
-15.608040201005025           0.09676442238242992
-15.492462311557789           0.0967644752172831
-15.376884422110553           0.09676432776198925
-15.261306532663315           0.09676452480928625
-15.145728643216081           0.0967644459187327
-15.030150753768844           0.0967646408675993
-14.914572864321608           0.09676432915696141
-14.798994974874372           0.09676416036137196
-14.683417085427136           0.09676440042136697
-14.5678391959799             0.09676442504918019
-14.452261306532662           0.09676439441965795
-14.336683417085428           0.09676432534363047
-14.22110552763819            0.09676421812933467
-14.105527638190955           0.09676433565107381
-13.989949748743719           0.09676385878216545
-13.874371859296481           0.09676422526941869
-13.758793969849247           0.09676478901640836
-13.64321608040201            0.09676428307625547
-13.527638190954773           0.09676422436086764
-13.412060301507537           0.09676425490315033
-13.296482412060302           0.09676444618307038
-13.180904522613066           0.09676421857364793
-13.065326633165828           0.09676390614886043
-12.949748743718594           0.09676425195751102
-12.834170854271356           0.09676390965793721
-12.71859296482412            0.0967642949922443
-12.603015075376884           0.09676386863959557
-12.487437185929648           0.09676416690205392
-12.371859296482413           0.09676415899297917
-12.256281407035175           0.09676416949919017
-12.14070351758794            0.09676407491465515
-12.025125628140703           0.09676425591635415
-11.909547738693467           0.09676398815475891
-11.793969849246231           0.09676396784844227
-11.678391959798995           0.09676403818170211
-11.56281407035176            0.0967640199233699
-11.447236180904522           0.09676410586768329
-11.331658291457286           0.09676403753847716
-11.21608040201005            0.09676400104389582
-11.100502512562814           0.09676431791042343
-10.984924623115578           0.09676400752190188
-10.869346733668342           0.09676393102213698
-10.753768844221106           0.09676366223986821
-10.638190954773869           0.09676394512910957
-10.522613065326633           0.09676392142661087
-10.407035175879397           0.0967639173654629
-10.291457286432161           0.0967640042248055
-10.175879396984925           0.09676389163557085
-10.06030150753769            0.09676382047174788
-9.944723618090451            0.09676386060003093
-9.829145728643216            0.09676391798063039
-9.71356783919598             0.09676386970233851
-9.597989949748744            0.09676382150134565
-9.482412060301508            0.09676382980808908
-9.366834170854272            0.0967638072190932
-9.251256281407034            0.09676380159495467
-9.135678391959798            0.09676380040381828
-9.020100502512562            0.09676380477420073
-8.904522613065327            0.09676375669061704
-8.78894472361809             0.09676361713489445
-8.673366834170855            0.09676421833752871
-8.557788944723619            0.09676371547014545
-8.442211055276381            0.09676417942399353
-8.326633165829145            0.09676361454467422
-8.21105527638191             0.09676377620629376
-8.095477386934673            0.09676367334636111
-7.9798994974874375           0.09676368596704281
-7.864321608040202            0.09676367159567903
-7.748743718592964            0.09676365591018196
-7.633165829145728            0.09676366053032426
-7.517587939698492            0.09676362523333511
-7.402010050251256            0.09676365679508062
-7.28643216080402             0.09676365419898296
-7.170854271356784            0.09676362889290845
-7.055276381909547            0.09676350338831376
-6.939698492462311            0.09676359775779846
-6.824120603015075            0.09676360361811917
-6.708542713567839            0.09676362506986964
-6.592964824120603            0.09676355774241135
-6.477386934673367            0.09676348051583332
-6.361809045226131            0.09676355096201923
-6.246231155778894            0.09676349074401737
-6.130653266331658            0.09676355070531079
-6.015075376884422            0.09676354672979696
-5.899497487437186            0.09676355332609252
-5.78391959798995             0.09676353046872102
-5.668341708542714            0.09676352731602011
-5.5527638190954764           0.09676349187785716
-5.4371859296482405           0.09676340536976498
-5.321608040201005            0.09676349657139563
-5.206030150753769            0.09676347621897013
-5.090452261306533            0.09676346350945648
-4.974874371859297            0.09676352795711053
-4.859296482412061            0.09676358069010987
-4.743718592964823            0.09676346177506454
-4.628140703517587            0.09676349537840882
-4.5125628140703515           0.09676342976674894
-4.396984924623116            0.09676342371757152
-4.28140703517588             0.09676342056601407
-4.165829145728644            0.09676340035924022
-4.050251256281406            0.09676340278645673
-3.934673366834172            0.09676335915480777
-3.8190954773869343           0.09676332361422543
-3.7035175879396967           0.09676325389549438
-3.5879396984924625           0.09676316934808621
-3.472361809045225            0.09676303585642893
-3.3567839195979907           0.09676284679197111
-3.241206030150753            0.09676253205540772
-3.125628140703519            0.09676204967407386
-3.0100502512562812           0.09676131385081686
-2.8944723618090435           0.0967601318442778
-2.7788944723618094           0.09675830299884033
-2.6633165829145717           0.09675551668427265
-2.5477386934673376           0.09675116634709015
-2.4321608040201              0.09674433464830239
-2.316582914572866            0.09673367638227602
-2.201005025125628            0.09671704900919821
-2.0854271356783904           0.09669110265236752
-1.9698492462311563           0.09665061250427082
-1.8542713567839186           0.09658746864601991
-1.7386934673366845           0.09648906121927861
-1.6231155778894468           0.09633564974968194
-1.5075376884422127           0.09609680449671809
-1.391959798994975            0.09572510048123227
-1.2763819095477373           0.09514736068536793
-1.1608040201005032           0.0942508173958293
-1.0452261306532655           0.092862377269976
-0.9296482412060314           0.09071798243485105
-0.8140703517587937           0.08741749974062718
-0.698492462311556            0.08235982331130853
-0.5829145728643219           0.07465195626156484
-0.46733668341708423          0.06298300478677657
-0.3517587939698501           0.045456472530625514
-0.23618090452261245          0.01937142798633762
-0.12060301507537828          -0.019055193561787833
-0.005025125628140596         -0.0750345194561339
0.11055276381909708           -0.1556322133691392
0.22613065326633117           -0.27029613909380257
0.34170854271356893           -0.43151681590907603
0.457286432160803             -0.6556696148620695
0.5728643216080407            -0.9641044222080574
0.6884422110552748            -1.3845681317122245
0.8040201005025125            -1.9530648587240342
0.9195979899497502            -2.7162814919154616
1.0351758793969843            -3.734749496642493
1.150753768844222             -5.087007923138801
1.266331658291456             -6.875199257866303
1.3819095477386938            -9.23260324670241
1.4974874371859315            -12.333439690258901
1.6130653266331656            -16.405305612370782
1.7286432160804033            -21.745184931226493
1.8442211055276374            -28.740443951466464
1.959798994974875             -37.8963798490722
2.075376884422109             -49.87221650430385
2.190954773869347             -65.52807238041893
2.3065326633165846            -85.98624001939318
2.4221105527638187            -112.71114293047121
2.5376884422110564            -147.6136664425037
2.6532663316582905            -193.18729519107927
2.768844221105528             -254.43393137103496
