-20.0                         0.38474274701102534
-19.884422110552762           0.3847434824177002
-19.768844221105528           0.3847426709484944
-19.65326633165829            0.3847417861577706
-19.537688442211056           0.38474262673553034
-19.42211055276382            0.38474264277863796
-19.306532663316585           0.3847428172651736
-19.190954773869347           0.38474201196411506
-19.07537688442211            0.3847427295419071
-18.959798994974875           0.384742527561388
-18.844221105527637           0.3847434680870517
-18.728643216080403           0.3847425745196856
-18.613065326633166           0.38474248941887157
-18.49748743718593            0.3847424928494951
-18.381909547738694           0.38474398077941757
-18.266331658291456           0.3847423394173346
-18.150753768844222           0.3847424268378398
-18.035175879396984           0.38474207530435245
-17.91959798994975            0.3847423748595888
-17.804020100502512           0.384742584003051
-17.688442211055275           0.38474264535925334
-17.57286432160804            0.38474224077212626
-17.457286432160803           0.38474211294292654
-17.34170854271357            0.3847423744777003
-17.22613065326633            0.3847425509206033
-17.110552763819094           0.3847420656704315
-16.99497487437186            0.38474231581020873
-16.87939698492462            0.38474232434055344
-16.763819095477388           0.38474244975962046
-16.64824120603015            0.38474226163628034
-16.532663316582916           0.38474202646773636
-16.417085427135678           0.3847421450878561
-16.301507537688444           0.3847418972015604
-16.185929648241206           0.384742126790827
-16.07035175879397            0.3847422404635227
-15.954773869346734           0.3847414113884772
-15.839195979899497           0.38474201801821833
-15.72361809045226            0.38474204351861
-15.608040201005025           0.3847421639983592
-15.492462311557789           0.38474196118150766
-15.376884422110553           0.3847416964911136
-15.261306532663315           0.3847420606275311
-15.145728643216081           0.3847419385514517
-15.030150753768844           0.3847425519071339
-14.914572864321608           0.38474175956887813
-14.798994974874372           0.3847412750757064
-14.683417085427136           0.38474192196730955
-14.5678391959799             0.3847418895159699
-14.452261306532662           0.3847418525918208
-14.336683417085428           0.38474179630027644
-14.22110552763819            0.38474183289812824
-14.105527638190955           0.3847417722670082
-13.989949748743719           0.38474107740122065
-13.874371859296481           0.3847416459387182
-13.758793969849247           0.3847423867392238
-13.64321608040201            0.38474173211420726
-13.527638190954773           0.384741380202866
-13.412060301507537           0.38474172562102116
-13.296482412060302           0.38474186764059304
-13.180904522613066           0.3847417486868575
-13.065326633165828           0.38474126723522595
-12.949748743718594           0.38474175670766464
-12.834170854271356           0.3847412944950905
-12.71859296482412            0.3847418656797008
-12.603015075376884           0.384741175209132
-12.487437185929648           0.38474170647618305
-12.371859296482413           0.3847416300784037
-12.256281407035175           0.38474172687862374
-12.14070351758794            0.38474156303546186
-12.025125628140703           0.38474167053672936
-11.909547738693467           0.38474143012261514
-11.793969849246231           0.3847413051528979
-11.678391959798995           0.38474152474463874
-11.56281407035176            0.38474149476265634
-11.447236180904522           0.3847417130051596
-11.331658291457286           0.38474155205167176
-11.21608040201005            0.3847414857639145
-11.100502512562814           0.3847418682821164
-10.984924623115578           0.38474153274356704
-10.869346733668342           0.3847414090632289
-10.753768844221106           0.38474094570732065
-10.638190954773869           0.38474147022979654
-10.522613065326633           0.3847413662754338
-10.407035175879397           0.38474146760225253
-10.291457286432161           0.3847418127586168
-10.175879396984925           0.38474138759881216
-10.06030150753769            0.38474127456235846
-9.944723618090451            0.3847413559056534
-9.829145728643216            0.38474127072671516
-9.71356783919598             0.384741582142602
-9.597989949748744            0.38474132082406853
-9.482412060301508            0.3847413168773049
-9.366834170854272            0.38474134861349274
-9.251256281407034            0.3847413084382761
-9.135678391959798            0.3847412925101671
-9.020100502512562            0.3847413991340914
-8.904522613065327            0.38474108625186904
-8.78894472361809             0.3847409627255391
-8.673366834170855            0.38474202567762145
-8.557788944723619            0.38474124043543306
-8.442211055276381            0.3847419748799319
-8.326633165829145            0.38474097737164153
-8.21105527638191             0.3847411882812046
-8.095477386934673            0.3847412032926903
-7.9798994974874375           0.3847411988721657
-7.864321608040202            0.3847411677415778
-7.748743718592964            0.3847411305859766
-7.633165829145728            0.38474118375420335
-7.517587939698492            0.3847410297826937
-7.402010050251256            0.38474130089431424
-7.28643216080402             0.38474117331445773
-7.170854271356784            0.3847411234078479
-7.055276381909547            0.38474090147796164
-6.939698492462311            0.3847410944548624
-6.824120603015075            0.38474111684518
-6.708542713567839            0.3847410598450456
-6.592964824120603            0.38474106636646765
-6.477386934673367            0.38474098947088836
-6.361809045226131            0.384741053167833
-6.246231155778894            0.3847409767421478
-6.130653266331658            0.38474106333910957
-6.015075376884422            0.3847410674849766
-5.899497487437186            0.38474111033638647
-5.78391959798995             0.3847410286811536
-5.668341708542714            0.38474103091604905
-5.5527638190954764           0.38474093021918365
-5.4371859296482405           0.3847408262142211
-5.321608040201005            0.3847409442760168
-5.206030150753769            0.3847409541484443
-5.090452261306533            0.38474098092987374
-4.974874371859297            0.38474103528568654
-4.859296482412061            0.3847411535303257
-4.743718592964823            0.38474097601232626
-4.628140703517587            0.38474103600888515
-4.5125628140703515           0.3847409176573222
-4.396984924623116            0.3847409354607321
-4.28140703517588             0.38474094838922773
-4.165829145728644            0.3847409275982976
-4.050251256281406            0.3847409043937888
-3.934673366834172            0.3847409343355556
-3.8190954773869343           0.384740939603691
-3.7035175879396967           0.38474089989308136
-3.5879396984924625           0.38474089981382725
-3.472361809045225            0.3847408889295832
-3.3567839195979907           0.38474090368115593
-3.241206030150753            0.384740865005356
-3.125628140703519            0.3847408636957827
-3.0100502512562812           0.3847408683029768
-2.8944723618090435           0.38474085256062757
-2.7788944723618094           0.3847407704440943
-2.6633165829145717           0.3847408176514685
-2.5477386934673376           0.38474083803960135
-2.4321608040201              0.38474082710607327
-2.316582914572866            0.3847408124586377
-2.201005025125628            0.3847407918201877
-2.0854271356783904           0.38474072688520267
-1.9698492462311563           0.38474057316505417
-1.8542713567839186           0.3847402720581669
-1.7386934673366845           0.3847397503412837
-1.6231155778894468           0.3847385784792614
-1.5075376884422127           0.3847362654384224
-1.391959798994975            0.38473133249734176
-1.2763819095477373           0.384721070473516
-1.1608040201005032           0.384699782438188
-1.0452261306532655           0.3846556969182828
-0.9296482412060314           0.3845648528394268
-0.8140703517587937           0.38437865393465853
-0.698492462311556            0.38399956902528265
-0.5829145728643219           0.3832360505276459
-0.46733668341708423          0.38171778540989726
-0.3517587939698501           0.378748987844801
-0.23618090452261245          0.3730649148922187
-0.12060301507537828          0.36245806557310367
-0.005025125628140596         0.34325310969533124
0.11055276381909708           0.3096410082135487
0.22613065326633117           0.2529176101681556
0.34170854271356893           0.16068082606239367
0.457286432160803             0.015994753833981593
0.5728643216080407            -0.20355424892223908
0.6884422110552748            -0.5270617738586265
0.8040201005025125            -0.9919540569168055
0.9195979899497502            -1.6462573534451417
1.0351758793969843            -2.5516648856426296
1.150753768844222             -3.7876460822132794
1.266331658291456             -5.4570294945626046
1.3819095477386938            -7.693599446571448
1.4974874371859315            -10.672003293671455
1.6130653266331656            -14.620226374496086
1.7286432160804033            -19.83557331073494
1.8442211055276374            -26.70564866612682
1.959798994974875             -35.735920172904024
2.075376884422109             -47.58573450780289
2.190954773869347             -63.11529973725571
2.3065326633165846            -83.44697452439912
2.4221105527638187            -110.04523159856872
2.5376884422110564            -144.8209931758757
2.6532663316582905            -190.26777168279273
2.768844221105528             -251.38820272781888
