-20.0                         1.3000147468826535
-19.884422110552762           1.30001605287429
-19.768844221105528           1.3000145846880091
-19.65326633165829            1.3000135393449221
-19.537688442211056           1.300014834883891
-19.42211055276382            1.3000144067905763
-19.306532663316585           1.3000146507078405
-19.190954773869347           1.300012916070063
-19.07537688442211            1.3000149694359635
-18.959798994974875           1.3000145745950478
-18.844221105527637           1.3000158202068726
-18.728643216080403           1.3000141978460136
-18.613065326633166           1.300014878444912
-18.49748743718593            1.3000143946472695
-18.381909547738694           1.3000171584442084
-18.266331658291456           1.300014324588804
-18.150753768844222           1.3000143909977884
-18.035175879396984           1.300015012449356
-17.91959798994975            1.3000143032343179
-17.804020100502512           1.3000149546968656
-17.688442211055275           1.3000142929141774
-17.57286432160804            1.3000140455310822
-17.457286432160803           1.300014108241519
-17.34170854271357            1.3000141088806172
-17.22613065326633            1.3000140159471425
-17.110552763819094           1.300014085834119
-16.99497487437186            1.3000146069519523
-16.87939698492462            1.3000136569661283
-16.763819095477388           1.3000149303428874
-16.64824120603015            1.3000139091160623
-16.532663316582916           1.3000144247961316
-16.417085427135678           1.300014072260549
-16.301507537688444           1.3000133588395373
-16.185929648241206           1.3000140959513111
-16.07035175879397            1.3000144391662567
-15.954773869346734           1.300012790264644
-15.839195979899497           1.3000140239594011
-15.72361809045226            1.3000142491045454
-15.608040201005025           1.3000152647440675
-15.492462311557789           1.300014047176162
-15.376884422110553           1.3000142811293978
-15.261306532663315           1.3000141078205645
-15.145728643216081           1.30001407971537
-15.030150753768844           1.3000149217143897
-14.914572864321608           1.3000137488925294
-14.798994974874372           1.3000129547862818
-14.683417085427136           1.3000140832790048
-14.5678391959799             1.300014039762626
-14.452261306532662           1.3000140013656702
-14.336683417085428           1.300013838830296
-14.22110552763819            1.3000147022078048
-14.105527638190955           1.3000137964873868
-13.989949748743719           1.300012756720525
-13.874371859296481           1.3000136003413034
-13.758793969849247           1.3000142323377315
-13.64321608040201            1.3000137224303716
-13.527638190954773           1.300012851328617
-13.412060301507537           1.3000137993628846
-13.296482412060302           1.3000133360262092
-13.180904522613066           1.3000140078202096
-13.065326633165828           1.3000134850710454
-12.949748743718594           1.3000137223292425
-12.834170854271356           1.3000132569135587
-12.71859296482412            1.3000139637326762
-12.603015075376884           1.3000132446970794
-12.487437185929648           1.3000137794101039
-12.371859296482413           1.300013461945706
-12.256281407035175           1.300013873331619
-12.14070351758794            1.3000136459915583
-12.025125628140703           1.3000132192893354
-11.909547738693467           1.3000134280458404
-11.793969849246231           1.3000134725320829
-11.678391959798995           1.300013645453978
-11.56281407035176            1.3000135496876517
-11.447236180904522           1.300014020125864
-11.331658291457286           1.3000136075338433
-11.21608040201005            1.3000135323955422
-11.100502512562814           1.300013767205168
-10.984924623115578           1.300013599393399
-10.869346733668342           1.3000134714744045
-10.753768844221106           1.3000126872943312
-10.638190954773869           1.3000136749363167
-10.522613065326633           1.3000133542897512
-10.407035175879397           1.3000136058852854
-10.291457286432161           1.300014533486694
-10.175879396984925           1.3000134278150852
-10.06030150753769            1.300013286015817
-9.944723618090451            1.3000134848058227
-9.829145728643216            1.300012939700066
-9.71356783919598             1.3000140301409686
-9.597989949748744            1.300013462038714
-9.482412060301508            1.3000134077452674
-9.366834170854272            1.3000135339248524
-9.251256281407034            1.3000134149674492
-9.135678391959798            1.3000133213425429
-9.020100502512562            1.3000134841184805
-8.904522613065327            1.3000128442038452
-8.78894472361809             1.300012779191912
-8.673366834170855            1.300014614650166
-8.557788944723619            1.3000134001814514
-8.442211055276381            1.3000145444212907
-8.326633165829145            1.3000128155340247
-8.21105527638191             1.300012958121252
-8.095477386934673            1.3000134999209392
-7.9798994974874375           1.3000133034642205
-7.864321608040202            1.3000132659960184
-7.748743718592964            1.3000131675498543
-7.633165829145728            1.3000133366386444
-7.517587939698492            1.300013042720443
-7.402010050251256            1.300013632957324
-7.28643216080402             1.3000132684450278
-7.170854271356784            1.3000131952754268
-7.055276381909547            1.30001292228793
-6.939698492462311            1.3000132032109164
-6.824120603015075            1.3000132104197262
-6.708542713567839            1.3000129868745276
-6.592964824120603            1.3000132057639155
-6.477386934673367            1.3000132375164852
-6.361809045226131            1.3000132031578866
-6.246231155778894            1.3000130623436945
-6.130653266331658            1.3000131356267206
-6.015075376884422            1.3000131208780619
-5.899497487437186            1.3000131791088778
-5.78391959798995             1.300013080703202
-5.668341708542714            1.3000131191288906
-5.5527638190954764           1.300012957133096
-5.4371859296482405           1.3000127804958046
-5.321608040201005            1.3000129261451576
-5.206030150753769            1.300013061428173
-5.090452261306533            1.3000131888896047
-4.974874371859297            1.3000129947708188
-4.859296482412061            1.3000132529358785
-4.743718592964823            1.3000130465966864
-4.628140703517587            1.3000131824384036
-4.5125628140703515           1.3000130201539106
-4.396984924623116            1.3000130085969424
-4.28140703517588             1.3000130346306082
-4.165829145728644            1.3000130206612377
-4.050251256281406            1.3000128699440214
-3.934673366834172            1.300013044383932
-3.8190954773869343           1.300013070175273
-3.7035175879396967           1.3000129955530981
-3.5879396984924625           1.3000130234245857
-3.472361809045225            1.3000130073996221
-3.3567839195979907           1.3000130191399193
-3.241206030150753            1.3000129870092936
-3.125628140703519            1.300012951556931
-3.0100502512562812           1.3000129519593266
-2.8944723618090435           1.300013033194216
-2.7788944723618094           1.300012819118236
-2.6633165829145717           1.3000129664100855
-2.5477386934673376           1.3000129433770031
-2.4321608040201              1.3000129342575293
-2.316582914572866            1.300012943477764
-2.201005025125628            1.300012954583983
-2.0854271356783904           1.300012940293709
-1.9698492462311563           1.300012899349015
-1.8542713567839186           1.3000128330497718
-1.7386934673366845           1.3000128634518109
-1.6231155778894468           1.3000128081146074
-1.5075376884422127           1.3000128989656263
-1.391959798994975            1.3000128554804515
-1.2763819095477373           1.3000128778531155
-1.1608040201005032           1.3000128760993712
-1.0452261306532655           1.3000128082934703
-0.9296482412060314           1.300012589556388
-0.8140703517587937           1.3000120792321233
-0.698492462311556            1.3000098079362488
-0.5829145728643219           1.300002918486114
-0.46733668341708423          1.2999809361330137
-0.3517587939698501           1.2999122307342021
-0.23618090452261245          1.2997029887115312
-0.12060301507537828          1.2990870139573736
-0.005025125628140596         1.297352734295448
0.11055276381909708           1.2927373893213308
0.22613065326633117           1.2812735919280391
0.34170854271356893           1.2549935792782254
0.457286432160803             1.199776930268774
0.5728643216080407            1.0934952496738888
0.6884422110552748            0.9049005431070735
0.8040201005025125            0.5929266857521354
0.9195979899497502            0.10554423918813341
1.0351758793969843            -0.6225323470348229
1.150753768844222             -1.6736027792421322
1.266331658291456             -3.152502490273115
1.3819095477386938            -5.194379236358162
1.4974874371859315            -7.974911991271024
1.6130653266331656            -11.722947571268477
1.7286432160804033            -16.736463849226844
1.8442211055276374            -23.40354156936982
1.959798994974875             -32.22997428164723
2.075376884422109             -43.87533469510662
2.190954773869347             -59.19999110631235
2.3065326633165846            -79.32641780396185
2.4221105527638187            -105.71917211606672
2.5376884422110564            -140.28923882211052
2.6532663316582905            -185.53017700318836
2.768844221105528             -246.44581579314553
