-20.0                         0.12885446310736604
-19.884422110552762           0.1288549842590585
-19.768844221105528           0.1288544117300532
-19.65326633165829            0.1288537475103914
-19.537688442211056           0.12885438430331517
-19.42211055276382            0.12885446512719792
-19.306532663316585           0.12885445922100866
-19.190954773869347           0.12885425391928526
-19.07537688442211            0.12885438316984463
-18.959798994974875           0.12885430003403894
-18.844221105527637           0.12885471837033655
-18.728643216080403           0.12885431376536358
-18.613065326633166           0.12885417328030313
-18.49748743718593            0.12885423412966873
-18.381909547738694           0.1288550178079402
-18.266331658291456           0.12885412385651146
-18.150753768844222           0.12885420066420597
-18.035175879396984           0.12885372865067957
-17.91959798994975            0.12885411579770345
-17.804020100502512           0.12885417807861682
-17.688442211055275           0.12885425822598148
-17.57286432160804            0.12885411639639077
-17.457286432160803           0.12885390869828856
-17.34170854271357            0.12885408723700215
-17.22613065326633            0.12885422570192662
-17.110552763819094           0.12885388469907827
-16.99497487437186            0.12885398502400486
-16.87939698492462            0.12885411963874163
-16.763819095477388           0.12885403953727795
-16.64824120603015            0.12885402351173209
-16.532663316582916           0.1288538598465799
-16.417085427135678           0.1288539403252696
-16.301507537688444           0.12885389080578735
-16.185929648241206           0.1288538687637528
-16.07035175879397            0.12885391936043675
-15.954773869346734           0.1288534724953349
-15.839195979899497           0.12885378955029808
-15.72361809045226            0.1288537912721204
-15.608040201005025           0.12885367651790475
-15.492462311557789           0.1288537109230125
-15.376884422110553           0.12885352615188714
-15.261306532663315           0.12885377186570363
-15.145728643216081           0.12885368147064577
-15.030150753768844           0.1288539537221112
-14.914572864321608           0.12885355437433155
-14.798994974874372           0.1288533241270383
-14.683417085427136           0.12885364168391045
-14.5678391959799             0.12885366102252857
-14.452261306532662           0.1288536288211572
-14.336683417085428           0.12885355911322724
-14.22110552763819            0.12885345436311432
-14.105527638190955           0.12885356546331966
-13.989949748743719           0.12885304123903812
-13.874371859296481           0.1288534496466206
-13.758793969849247           0.12885406768601226
-13.64321608040201            0.1288535163381422
-13.527638190954773           0.1288534099589907
-13.412060301507537           0.12885349026700807
-13.296482412060302           0.12885369426148582
-13.180904522613066           0.12885345931678607
-13.065326633165828           0.12885310657988888
-12.949748743718594           0.1288534974203448
-12.834170854271356           0.12885312368898658
-12.71859296482412            0.1288535519211299
-12.603015075376884           0.12885306170594732
-12.487437185929648           0.1288534142045232
-12.371859296482413           0.1288534014073825
-12.256281407035175           0.1288534180217656
-12.14070351758794            0.12885331199417205
-12.025125628140703           0.12885349920746486
-11.909547738693467           0.12885321613886963
-11.793969849246231           0.12885317422914785
-11.678391959798995           0.128853274661517
-11.56281407035176            0.12885325446220175
-11.447236180904522           0.12885336407967102
-11.331658291457286           0.1288532816872579
-11.21608040201005            0.1288532388596231
-11.100502512562814           0.12885358124941587
-10.984924623115578           0.12885325369863754
-10.869346733668342           0.1288531663050202
-10.753768844221106           0.12885285956335893
-10.638190954773869           0.12885318770051482
-10.522613065326633           0.12885315240981973
-10.407035175879397           0.12885316254917908
-10.291457286432161           0.1288532926502475
-10.175879396984925           0.12885313147152475
-10.06030150753769            0.1288530511372433
-9.944723618090451            0.12885309917835663
-9.829145728643216            0.12885314202817555
-9.71356783919598             0.1288531393608607
-9.597989949748744            0.12885305982188877
-9.482412060301508            0.12885306779638656
-9.366834170854272            0.12885305162121666
-9.251256281407034            0.12885304240578385
-9.135678391959798            0.12885304110617457
-9.020100502512562            0.12885305997077945
-8.904522613065327            0.12885297073730642
-8.78894472361809             0.12885282795612102
-8.673366834170855            0.12885351788743554
-8.557788944723619            0.1288529582743539
-8.442211055276381            0.12885347665123725
-8.326633165829145            0.12885282908520254
-8.21105527638191             0.128853009600591
-8.095477386934673            0.1288529121592863
-7.9798994974874375           0.12885292689159702
-7.864321608040202            0.12885291006863536
-7.748743718592964            0.128852891028532
-7.633165829145728            0.1288529033006531
-7.517587939698492            0.1288528494731766
-7.402010050251256            0.1288529168047117
-7.28643216080402             0.12885289792612448
-7.170854271356784            0.12885286822208866
-7.055276381909547            0.1288527209009763
-6.939698492462311            0.12885283633728395
-6.824120603015075            0.12885284596316973
-6.708542713567839            0.12885285543553593
-6.592964824120603            0.12885279738484665
-6.477386934673367            0.1288527160644422
-6.361809045226131            0.12885278927847346
-6.246231155778894            0.12885272646032211
-6.130653266331658            0.1288527929950229
-6.015075376884422            0.12885278998239563
-5.899497487437186            0.1288528032750766
-5.78391959798995             0.1288527711562882
-5.668341708542714            0.12885276813007393
-5.5527638190954764           0.1288527220844421
-5.4371859296482405           0.12885262991569654
-5.321608040201005            0.12885273044915665
-5.206030150753769            0.12885271271567553
-5.090452261306533            0.12885270348177372
-4.974874371859297            0.1288527752703395
-4.859296482412061            0.12885283913962836
-4.743718592964823            0.1288527062685124
-4.628140703517587            0.12885274570330071
-4.5125628140703515           0.12885267227969005
-4.396984924623116            0.1288526728409957
-4.28140703517588             0.1288526763695577
-4.165829145728644            0.1288526622322137
-4.050251256281406            0.12885267268082598
-3.934673366834172            0.1288526529706805
-3.8190954773869343           0.12885264697761364
-3.7035175879396967           0.12885261711423907
-3.5879396984924625           0.12885260026679068
-3.472361809045225            0.12885257045455306
-3.3567839195979907           0.12885254359745363
-3.241206030150753            0.12885247244893436
-3.125628140703519            0.12885237288635687
-3.0100502512562812           0.1288522247019993
-2.8944723618090435           0.12885194526312704
-2.7788944723618094           0.12885149442703608
-2.6633165829145717           0.12885083707016445
-2.5477386934673376           0.12884974179996458
-2.4321608040201              0.1288478848966589
-2.316582914572866            0.12884482055776741
-2.201005025125628            0.1288397630357705
-2.0854271356783904           0.12883140283893837
-1.9698492462311563           0.12881757849297656
-1.8542713567839186           0.12879475733787601
-1.7386934673366845           0.12875713889685228
-1.6231155778894468           0.12869501297372077
-1.5075376884422127           0.1285926777753112
-1.391959798994975            0.1284240734390911
-1.2763819095477373           0.12814673459286566
-1.1608040201005032           0.12769141907215886
-1.0452261306532655           0.12694570486670886
-0.9296482412060314           0.12572839838044128
-0.8140703517587937           0.12374968430207091
-0.698492462311556            0.1205507459139357
-0.5829145728643219           0.11541508954660636
-0.46733668341708423          0.10724023541903738
-0.3517587939698501           0.09436116014827772
-0.23618090452261245          0.07431461108153423
-0.12060301507537828          0.043537385822948874
-0.005025125628140596         -0.003007042239284069
0.11055276381909708           -0.07227956951700253
0.22613065326633117           -0.17370800945656717
0.34170854271356893           -0.3198484072246002
0.457286432160803             -0.5272142539686019
0.5728643216080407            -0.8173438792229162
0.6884422110552748            -1.2181979029127452
0.8040201005025125            -1.7659973228005257
0.9195979899497502            -2.507632572695088
1.0351758793969843            -3.5038139194742777
1.150753768844222             -4.83322603875615
1.266331658291456             -6.598120868471633
1.3819095477386938            -8.931861296337036
1.4974874371859315            -12.008740576925788
1.6130653266331656            -16.05642441128084
1.7286432160804033            -21.371954506830964
1.8442211055276374            -28.342740797766577
1.959798994974875             -37.474112144214224
2.075376884422109             -49.42531550613522
2.190954773869347             -65.05648634096319
2.3065326633165846            -85.48992981898574
2.4221105527638187            -112.19007890043491
2.5376884422110564            -147.06782602634598
2.6532663316582905            -192.61666120765418
2.768844221105528             -253.8386298634973
