-20.0                         1.1152402800612813
-19.884422110552762           1.1152414570846259
-19.768844221105528           1.1152401295123984
-19.65326633165829            1.1152390748975467
-19.537688442211056           1.115240271342814
-19.42211055276382            1.1152399539345836
-19.306532663316585           1.1152402461710889
-19.190954773869347           1.1152385924578063
-19.07537688442211            1.1152404402814478
-18.959798994974875           1.1152400653662473
-18.844221105527637           1.115241363876445
-18.728643216080403           1.1152398026545047
-18.613065326633166           1.115240298117419
-18.49748743718593            1.1152399377486568
-18.381909547738694           1.1152425159467667
-18.266331658291456           1.11523982930838
-18.150753768844222           1.1152399013056216
-18.035175879396984           1.1152402965157462
-17.91959798994975            1.1152398415113876
-17.804020100502512           1.1152404111044618
-17.688442211055275           1.1152399304811076
-17.57286432160804            1.115239536707842
-17.457286432160803           1.1152396096422261
-17.34170854271357            1.1152396958489044
-17.22613065326633            1.1152396733631407
-17.110552763819094           1.1152395747421298
-16.99497487437186            1.1152400837449814
-16.87939698492462            1.1152393099807874
-16.763819095477388           1.1152403500767756
-16.64824120603015            1.1152394873036642
-16.532663316582916           1.115239792513154
-16.417085427135678           1.1152395897510974
-16.301507537688444           1.1152389230707294
-16.185929648241206           1.1152396050270963
-16.07035175879397            1.1152399210319424
-15.954773869346734           1.1152384016214927
-15.839195979899497           1.1152395262244776
-15.72361809045226            1.115239692868604
-15.608040201005025           1.115240562314984
-15.492462311557789           1.115239533277797
-15.376884422110553           1.1152396178604158
-15.261306532663315           1.1152396097216357
-15.145728643216081           1.1152395558735928
-15.030150753768844           1.115240425166231
-14.914572864321608           1.1152392519264847
-14.798994974874372           1.115238484588068
-14.683417085427136           1.1152395560224664
-14.5678391959799             1.1152394916526491
-14.452261306532662           1.115239451046384
-14.336683417085428           1.115239332243653
-14.22110552763819            1.1152400278821293
-14.105527638190955           1.1152392839649012
-13.989949748743719           1.1152383100723582
-13.874371859296481           1.1152391105277077
-13.758793969849247           1.1152397831999419
-13.64321608040201            1.1152392199435952
-13.527638190954773           1.1152384327088127
-13.412060301507537           1.1152392811501346
-13.296482412060302           1.1152389519050463
-13.180904522613066           1.1152394616194474
-13.065326633165828           1.1152389190510992
-12.949748743718594           1.1152392383468956
-12.834170854271356           1.1152387612802885
-12.71859296482412            1.1152394569438584
-12.603015075376884           1.1152387077665746
-12.487437185929648           1.1152392786956609
-12.371859296482413           1.1152389941446281
-12.256281407035175           1.1152393657051938
-12.14070351758794            1.11523913095932
-12.025125628140703           1.1152388158704774
-11.909547738693467           1.1152389303083166
-11.793969849246231           1.1152389013985695
-11.678391959798995           1.1152391211480885
-11.56281407035176            1.115239041689741
-11.447236180904522           1.115239466747783
-11.331658291457286           1.1152391040707268
-11.21608040201005            1.1152390252705031
-11.100502512562814           1.115239301422335
-10.984924623115578           1.1152390947485766
-10.869346733668342           1.1152389610676046
-10.753768844221106           1.1152382328563235
-10.638190954773869           1.1152391383781466
-10.522613065326633           1.1152388567944345
-10.407035175879397           1.1152391031348639
-10.291457286432161           1.1152399152481196
-10.175879396984925           1.1152389250290584
-10.06030150753769            1.1152387863817212
-9.944723618090451            1.11523895541852
-9.829145728643216            1.1152385009543522
-9.71356783919598             1.1152394772506358
-9.597989949748744            1.1152389359517743
-9.482412060301508            1.1152388898264733
-9.366834170854272            1.1152390068748648
-9.251256281407034            1.1152388969042135
-9.135678391959798            1.115238814727231
-9.020100502512562            1.1152389992796894
-8.904522613065327            1.1152383833719848
-8.78894472361809             1.1152383136513013
-8.673366834170855            1.1152400159375053
-8.557788944723619            1.1152388730038398
-8.442211055276381            1.11523994904883
-8.326633165829145            1.1152383466812086
-8.21105527638191             1.1152385044875868
-8.095477386934673            1.1152389476810323
-7.9798994974874375           1.1152387933940724
-7.864321608040202            1.115238750506855
-7.748743718592964            1.1152386640663088
-7.633165829145728            1.1152388122866532
-7.517587939698492            1.1152385248600472
-7.402010050251256            1.1152390928784803
-7.28643216080402             1.115238757000469
-7.170854271356784            1.1152386848766613
-7.055276381909547            1.115238410968219
-6.939698492462311            1.1152386842180735
-6.824120603015075            1.1152386982513034
-6.708542713567839            1.1152385043142636
-6.592964824120603            1.1152386812655184
-6.477386934673367            1.1152386857603869
-6.361809045226131            1.115238674819003
-6.246231155778894            1.1152385486051593
-6.130653266331658            1.1152386295028929
-6.015075376884422            1.1152386244931216
-5.899497487437186            1.1152386860133483
-5.78391959798995             1.1152385750935094
-5.668341708542714            1.1152386063549813
-5.5527638190954764           1.1152384438321892
-5.4371859296482405           1.1152382907028737
-5.321608040201005            1.1152384249246856
-5.206030150753769            1.1152385347098985
-5.090452261306533            1.1152386523862774
-4.974874371859297            1.1152385118966766
-4.859296482412061            1.1152387459615272
-4.743718592964823            1.1152385403222393
-4.628140703517587            1.1152386597696144
-4.5125628140703515           1.1152384961313209
-4.396984924623116            1.1152384985311978
-4.28140703517588             1.1152385242305856
-4.165829145728644            1.1152385054869232
-4.050251256281406            1.1152383796548837
-3.934673366834172            1.1152385294065001
-3.8190954773869343           1.1152385509177347
-3.7035175879396967           1.1152384819893533
-3.5879396984924625           1.1152385038785602
-3.472361809045225            1.115238488575402
-3.3567839195979907           1.115238505740307
-3.241206030150753            1.1152384613815745
-3.125628140703519            1.1152384387575944
-3.0100502512562812           1.115238440746542
-2.8944723618090435           1.1152385002543403
-2.7788944723618094           1.1152383130026269
-2.6633165829145717           1.1152384396949748
-2.5477386934673376           1.115238428602112
-2.4321608040201              1.1152384212479862
-2.316582914572866            1.1152384276589122
-2.201005025125628            1.1152384411359206
-2.0854271356783904           1.1152384274195442
-1.9698492462311563           1.1152383861827289
-1.8542713567839186           1.1152383226831823
-1.7386934673366845           1.1152383501116405
-1.6231155778894468           1.1152383003563133
-1.5075376884422127           1.1152383828677
-1.391959798994975            1.1152383419614447
-1.2763819095477373           1.1152383432943906
-1.1608040201005032           1.115238293648953
-1.0452261306532655           1.1152380870638503
-0.9296482412060314           1.1152374730007732
-0.8140703517587937           1.1152357715728565
-0.698492462311556            1.115230132532329
-0.5829145728643219           1.1152137145155427
-0.46733668341708423          1.1151654319671316
-0.3517587939698501           1.1150262430149303
-0.23618090452261245          1.1146351781471937
-0.12060301507537828          1.1135727386140266
-0.005025125628140596         1.110808992795048
0.11055276381909708           1.1039991945984942
0.22613065326633117           1.0882782306491265
0.34170854271356893           1.0545750648085168
0.457286432160803             0.9877843539754737
0.5728643216080407            0.8652899047590312
0.6884422110552748            0.6560077568489528
0.8040201005025125            0.3195267963424735
0.9195979899497502            -0.19533818310054185
1.0351758793969843            -0.9530780033899383
1.150753768844222             -2.035361273426547
1.266331658291456             -3.546580024015831
1.3819095477386938            -5.621588928981698
1.4974874371859315            -8.435854893227573
1.6130653266331656            -12.218053872897247
1.7286432160804033            -17.266033411229536
1.8442211055276374            -23.967784120067936
1.959798994974875             -32.829039184871036
2.075376884422109             -44.509330183706716
2.190954773869347             -59.86899666665
2.3065326633165846            -80.03049240636774
2.4221105527638187            -106.45835984858648
2.5376884422110564            -141.0635728400369
2.6532663316582905            -186.33968235106224
2.768844221105528             -247.2903132805827
