-20.0                         0.7572305100549069
-19.884422110552762           0.7572314620656051
-19.768844221105528           0.7572303931860703
-19.65326633165829            0.7572293704173806
-19.537688442211056           0.7572303925627086
-19.42211055276382            0.7572302605316625
-19.306532663316585           0.7572305668170097
-19.190954773869347           0.7572292040391513
-19.07537688442211            0.7572305708944019
-18.959798994974875           0.7572302576224526
-18.844221105527637           0.7572315198893542
-18.728643216080403           0.7572301939345709
-18.613065326633166           0.7572303564774997
-18.49748743718593            0.7572302057498815
-18.381909547738694           0.7572323353889624
-18.266331658291456           0.7572300489236146
-18.150753768844222           0.7572301300715713
-18.035175879396984           0.7572301211860741
-17.91959798994975            0.7572300978251701
-17.804020100502512           0.7572304958350542
-17.688442211055275           0.757230333970491
-17.57286432160804            0.7572298084134791
-17.457286432160803           0.7572298230087992
-17.34170854271357            0.7572300433653854
-17.22613065326633            0.7572301421162098
-17.110552763819094           0.7572297731349781
-16.99497487437186            0.7572301922021925
-16.87939698492462            0.7572298113392811
-16.763819095477388           0.7572303836858978
-16.64824120603015            0.7572298580784514
-16.532663316582916           0.7572298110856501
-16.417085427135678           0.7572298319330947
-16.301507537688444           0.7572293267667123
-16.185929648241206           0.7572298398885925
-16.07035175879397            0.7572300659557716
-15.954773869346734           0.7572288439542859
-15.839195979899497           0.7572297386365148
-15.72361809045226            0.7572298179184908
-15.608040201005025           0.7572303421532727
-15.492462311557789           0.757229713777888
-15.376884422110553           0.7572295634337797
-15.261306532663315           0.7572298151831529
-15.145728643216081           0.7572297129899966
-15.030150753768844           0.7572305458540116
-14.914572864321608           0.7572294679814433
-14.798994974874372           0.7572287951261645
-14.683417085427136           0.757229709005969
-14.5678391959799             0.7572296337334625
-14.452261306532662           0.7572295931770652
-14.336683417085428           0.757229529754331
-14.22110552763819            0.7572298889019086
-14.105527638190955           0.7572294821485933
-13.989949748743719           0.7572286368890243
-13.874371859296481           0.7572293403330854
-13.758793969849247           0.7572300742950119
-13.64321608040201            0.7572294346625206
-13.527638190954773           0.7572288340499426
-13.412060301507537           0.757229462560032
-13.296482412060302           0.7572293851732379
-13.180904522613066           0.7572295723132044
-13.065326633165828           0.7572290287039369
-12.949748743718594           0.7572294719850484
-12.834170854271356           0.7572289843913144
-12.71859296482412            0.7572296411282416
-12.603015075376884           0.7572288747097567
-12.487437185929648           0.757229472910222
-12.371859296482413           0.7572292810176844
-12.256281407035175           0.7572295312658152
-12.14070351758794            0.75722931230107
-12.025125628140703           0.7572292141528617
-11.909547738693467           0.7572291438188936
-11.793969849246231           0.7572290220469028
-11.678391959798995           0.7572292846957661
-11.56281407035176            0.7572292342206343
-11.447236180904522           0.7572295652994387
-11.331658291457286           0.7572293005142747
-11.21608040201005            0.7572292222381034
-11.100502512562814           0.7572295657362282
-10.984924623115578           0.7572292877098667
-10.869346733668342           0.7572291501274081
-10.753768844221106           0.7572285394399862
-10.638190954773869           0.7572292703542511
-10.522613065326633           0.7572290735298853
-10.407035175879397           0.757229273130656
-10.291457286432161           0.7572298619506329
-10.175879396984925           0.7572291267456557
-10.06030150753769            0.7572289953169872
-9.944723618090451            0.7572291164853998
-9.829145728643216            0.7572288409121495
-9.71356783919598             0.757229535120501
-9.597989949748744            0.757229092676908
-9.482412060301508            0.7572290664496348
-9.366834170854272            0.7572291522154218
-9.251256281407034            0.7572290703447381
-9.135678391959798            0.757229019228813
-9.020100502512562            0.7572291991716201
-8.904522613065327            0.7572286836899319
-8.78894472361809             0.7572285944255239
-8.673366834170855            0.7572300142885678
-8.557788944723619            0.7572290260599108
-8.442211055276381            0.7572299544888157
-8.326633165829145            0.757228619897069
-8.21105527638191             0.757228808911172
-8.095477386934673            0.7572290429440311
-7.9798994974874375           0.7572289698295225
-7.864321608040202            0.7572289263191766
-7.748743718592964            0.7572288641502759
-7.633165829145728            0.7572289678133249
-7.517587939698492            0.7572287227281526
-7.402010050251256            0.7572291903584882
-7.28643216080402             0.7572289373275551
-7.170854271356784            0.7572288716226512
-7.055276381909547            0.7572286089967034
-6.939698492462311            0.7572288550543121
-6.824120603015075            0.7572288783415906
-6.708542713567839            0.7572287465199808
-6.592964824120603            0.757228841170697
-6.477386934673367            0.7572287990943334
-6.361809045226131            0.7572288289637343
-6.246231155778894            0.7572287293020409
-6.130653266331658            0.7572288194180349
-6.015075376884422            0.7572288253841779
-5.899497487437186            0.7572288855604768
-5.78391959798995             0.7572287709704265
-5.668341708542714            0.7572287872057708
-5.5527638190954764           0.75722864105867
-5.4371859296482405           0.7572285205682541
-5.321608040201005            0.7572286427356186
-5.206030150753769            0.7572287021014219
-5.090452261306533            0.7572287836643481
-4.974874371859297            0.7572287480513405
-4.859296482412061            0.7572289297012431
-4.743718592964823            0.7572287311040916
-4.628140703517587            0.7572288195562498
-4.5125628140703515           0.7572286665119313
-4.396984924623116            0.7572286864799715
-4.28140703517588             0.7572287080053439
-4.165829145728644            0.7572286842113548
-4.050251256281406            0.7572286079036313
-3.934673366834172            0.7572287032250694
-3.8190954773869343           0.7572287166524078
-3.7035175879396967           0.7572286602823787
-3.5879396984924625           0.757228670550713
-3.472361809045225            0.7572286574382042
-3.3567839195979907           0.7572286779588273
-3.241206030150753            0.7572286250398632
-3.125628140703519            0.7572286199433267
-3.0100502512562812           0.7572286244088664
-2.8944723618090435           0.7572286440389451
-2.7788944723618094           0.7572285085536662
-2.6633165829145717           0.7572285963347646
-2.5477386934673376           0.7572286050953867
-2.4321608040201              0.7572285998531482
-2.316582914572866            0.7572286018819732
-2.201005025125628            0.7572286153599297
-2.0854271356783904           0.7572286043660418
-1.9698492462311563           0.7572285652149096
-1.8542713567839186           0.7572285070678771
-1.7386934673366845           0.7572285235839336
-1.6231155778894468           0.7572284628910465
-1.5075376884422127           0.7572284824192403
-1.391959798994975            0.7572283311796061
-1.2763819095477373           0.7572279953936659
-1.1608040201005032           0.757227112565022
-1.0452261306532655           0.757224795765526
-0.9296482412060314           0.7572188723020002
-0.8140703517587937           0.7572038219986819
-0.698492462311556            0.7571653042416752
-0.5829145728643219           0.757068951331524
-0.46733668341708423          0.7568305758101572
-0.3517587939698501           0.7562519237311056
-0.23618090452261245          0.7548815358839152
-0.12060301507537828          0.7517372770069253
-0.005025125628140596         0.744802610234936
0.11055276381909708           0.7302174581386496
0.22613065326633117           0.7011644970994598
0.34170854271356893           0.6465935503256469
0.457286432160803             0.5500159816894664
0.5728643216080407            0.3884964860686984
0.6884422110552748            0.1316982769085355
0.8040201005025125            -0.25937786507570504
0.9195979899497502            -0.8343274997501336
1.0351758793969843            -1.6562083676039099
1.150753768844222             -2.805561847307322
1.266331658291456             -4.385984111450492
1.3819095477386938            -6.531794044186282
1.4974874371859315            -9.418058859636522
1.6130653266331656            -13.273124549464484
1.7286432160804033            -18.394582837280794
1.8442211055276374            -25.170244740794157
1.959798994974875             -34.10572143609711
2.075376884422109             -45.86046037072867
2.190954773869347             -61.29474174452569
2.3065326633165846            -81.5309766648368
2.4221105527638187            -108.03367645399415
2.5376884422110564            -142.71379199557848
2.6532663316582905            -188.0648571668915
2.768844221105528             -249.0900620243013
