-20.0                         0.14737967645461791
-19.884422110552762           0.1473802216792132
-19.768844221105528           0.1473796233158887
-19.65326633165829            0.14737893337908334
-19.537688442211056           0.14737959414037097
-19.42211055276382            0.14737967258573442
-19.306532663316585           0.14737968195455
-19.190954773869347           0.1473794222936513
-19.07537688442211            0.1473796030274898
-18.959798994974875           0.1473795088786821
-18.844221105527637           0.14737998308282443
-18.728643216080403           0.14737952968872567
-18.613065326633166           0.14737938788334168
-18.49748743718593            0.14737944629832225
-18.381909547738694           0.14738030323644366
-18.266331658291456           0.14737933112570126
-18.150753768844222           0.14737941043599836
-18.035175879396984           0.14737893839215876
-17.91959798994975            0.14737932756612615
-17.804020100502512           0.14737940249312032
-17.688442211055275           0.14737948812031065
-17.57286432160804            0.14737932041159174
-17.457286432160803           0.14737911415768756
-17.34170854271357            0.14737930462342566
-17.22613065326633            0.14737945251256973
-17.110552763819094           0.14737908713086392
-16.99497487437186            0.14737920044181407
-16.87939698492462            0.1473793357783136
-16.763819095477388           0.1473792647411261
-16.64824120603015            0.14737923895971258
-16.532663316582916           0.14737906052537936
-16.417085427135678           0.14737914757385795
-16.301507537688444           0.14737908454033172
-16.185929648241206           0.14737908157503352
-16.07035175879397            0.14737913630273342
-15.954773869346734           0.14737865167548658
-15.839195979899497           0.1473789982802082
-15.72361809045226            0.14737900193401238
-15.608040201005025           0.14737889981258054
-15.492462311557789           0.1473789213487968
-15.376884422110553           0.14737872127923138
-15.261306532663315           0.1473789872698411
-15.145728643216081           0.14737889197976045
-15.030150753768844           0.14737920036020827
-14.914572864321608           0.14737876009776912
-14.798994974874372           0.1473785019894884
-14.683417085427136           0.1473788547945462
-14.5678391959799             0.1473788706289574
-14.452261306532662           0.1473788378106381
-14.336683417085428           0.1473787685278639
-14.22110552763819            0.1473786684627232
-14.105527638190955           0.14737877248994136
-13.989949748743719           0.1473782282822063
-13.874371859296481           0.14737865480606102
-13.758793969849247           0.14737929370353783
-13.64321608040201            0.14737872484495654
-13.527638190954773           0.14737859528656488
-13.412060301507537           0.14737870000299638
-13.296482412060302           0.1473789063773077
-13.180904522613066           0.14737867236453245
-13.065326633165828           0.14737830289621462
-12.949748743718594           0.14737871129188343
-12.834170854271356           0.14737832485913657
-12.71859296482412            0.1473787710679791
-12.603015075376884           0.1473782541778932
-12.487437185929648           0.14737862973439206
-12.371859296482413           0.1473786136216416
-12.256281407035175           0.1473786342688241
-12.14070351758794            0.14737852286756273
-12.025125628140703           0.14737870966162328
-11.909547738693467           0.1473784229961922
-11.793969849246231           0.14737837099421947
-11.678391959798995           0.14737848522562602
-11.56281407035176            0.1473784641574319
-11.447236180904522           0.14737858465042683
-11.331658291457286           0.14737849545305534
-11.21608040201005            0.1473784498130518
-11.100502512562814           0.14737880142572607
-10.984924623115578           0.14737846839703458
-10.869346733668342           0.14737837634276202
-10.753768844221106           0.14737805279253
-10.638190954773869           0.14737840116820572
-10.522613065326633           0.14737836009399635
-10.407035175879397           0.14737837766561074
-10.291457286432161           0.1473785282451811
-10.175879396984925           0.1473783434182946
-10.06030150753769            0.1473782591246891
-9.944723618090451            0.14737831066372806
-9.829145728643216            0.14737834479924977
-9.71356783919598             0.14737836677759417
-9.597989949748744            0.14737827131860426
-9.482412060301508            0.1473782788011142
-9.366834170854272            0.14737826625473135
-9.251256281407034            0.1473782549192439
-9.135678391959798            0.14737825322339296
-9.020100502512562            0.14737827963332334
-8.904522613065327            0.14737816984784294
-8.78894472361809             0.14737802690918592
-8.673366834170855            0.14737875633796393
-8.557788944723619            0.14737817192646974
-8.442211055276381            0.1473787140758622
-8.326633165829145            0.1473780296173977
-8.21105527638191             0.14737821698605966
-8.095477386934673            0.14737812458537072
-7.9798994974874375           0.14737813960052465
-7.864321608040202            0.1473781215398109
-7.748743718592964            0.1473781009055779
-7.633165829145728            0.14737811685906302
-7.517587939698492            0.1473780538174179
-7.402010050251256            0.14737813924962428
-7.28643216080402             0.14737811166157666
-7.170854271356784            0.1473780799010517
-7.055276381909547            0.14737792326933272
-6.939698492462311            0.14737804785674924
-6.824120603015075            0.1473780591361317
-6.708542713567839            0.1473780626363396
-6.592964824120603            0.14737800960927677
-6.477386934673367            0.14737792711278505
-6.361809045226131            0.14737800086009695
-6.246231155778894            0.14737793688809628
-6.130653266331658            0.1473780061642774
-6.015075376884422            0.1473780037086904
-5.899497487437186            0.14737802016061252
-5.78391959798995             0.1473779833798062
-5.668341708542714            0.1473779805017974
-5.5527638190954764           0.14737792925638765
-5.4371859296482405           0.14737783508257715
-5.321608040201005            0.14737793899981896
-5.206030150753769            0.1473779228862246
-5.090452261306533            0.14737791577276407
-4.974874371859297            0.14737798948957512
-4.859296482412061            0.14737805838713888
-4.743718592964823            0.1473779194888642
-4.628140703517587            0.14737796100694756
-4.5125628140703515           0.1473778831434864
-4.396984924623116            0.14737788567060867
-4.28140703517588             0.14737789041304258
-4.165829145728644            0.14737787613531786
-4.050251256281406            0.14737788525450318
-3.934673366834172            0.14737787047137593
-3.8190954773869343           0.1473778677504741
-3.7035175879396967           0.14737784042257723
-3.5879396984924625           0.1473778307205653
-3.472361809045225            0.14737781199162128
-3.3567839195979907           0.14737780408328252
-3.241206030150753            0.1473777602882895
-3.125628140703519            0.14737770898208716
-3.0100502512562812           0.14737763774412793
-2.8944723618090435           0.14737748236647527
-2.7788944723618094           0.14737722673277712
-2.6633165829145717           0.14737689115115918
-2.5477386934673376           0.14737630917476352
-2.4321608040201              0.14737527408151668
-2.316582914572866            0.14737352433188985
-2.201005025125628            0.1473705654195702
-2.0854271356783904           0.14736554614104838
-1.9698492462311563           0.14735702741826065
-1.8542713567839186           0.14734260851417513
-1.7386934673366845           0.1473182565241098
-1.6231155778894468           0.1472769886353693
-1.5075376884422127           0.14720730873982532
-1.391959798994975            0.14708955755188177
-1.2763819095477373           0.14689093428775962
-1.1608040201005032           0.14655658392920604
-1.0452261306532655           0.14599516265938478
-0.9296482412060314           0.14505574774718855
-0.8140703517587937           0.1434909158163152
-0.698492462311556            0.14089937984081025
-0.5829145728643219           0.13663974402039109
-0.46733668341708423          0.12970283697658236
-0.3517587939698501           0.1185326776582617
-0.23618090452261245          0.10078388795334134
-0.12060301507537828          0.07300838611018129
-0.005025125628140596         0.030267221689462144
0.11055276381909708           -0.034335092938394374
0.22613065326633117           -0.1302033108846352
0.34170854271356893           -0.2699152857773771
0.457286432160803             -0.47004550481244645
0.5728643216080407            -0.7522209598744294
0.6884422110552748            -1.1445050865387445
0.8040201005025125            -1.6832238218018103
0.9195979899497502            -2.4153658557876923
1.0351758793969843            -3.4017272636658937
1.150753768844222             -4.721062171970984
1.266331658291456             -6.475674372824678
1.3819095477386938            -8.798965708456855
1.4974874371859315            -11.865263361673955
1.6130653266331656            -15.902264442880412
1.7286432160804033            -21.20703692062227
1.8442211055276374            -28.16701044672722
1.959798994974875             -37.28752813012104
2.075376884422109             -49.22784726845972
2.190954773869347             -64.84811090732556
2.3065326633165846            -85.27062984212532
2.4221105527638187            -111.959841235072
2.5376884422110564            -146.82664068479383
2.6532663316582905            -192.36452058607804
2.768844221105528             -253.57558966249226
