-20.0                         0.7044379375152116
-19.884422110552762           0.7044388588019319
-19.768844221105528           0.7044378263978013
-19.65326633165829            0.7044368155590798
-19.537688442211056           0.7044378132083406
-19.42211055276382            0.7044377050131302
-19.306532663316585           0.7044380024215008
-19.190954773869347           0.7044367009151228
-19.07537688442211            0.7044379860676059
-18.959798994974875           0.7044376852490468
-18.844221105527637           0.7044389226122794
-18.728643216080403           0.7044376452368848
-18.613065326633166           0.7044377645895774
-18.49748743718593            0.7044376402186581
-18.381909547738694           0.7044396920775584
-18.266331658291456           0.704437480147592
-18.150753768844222           0.7044375624997454
-18.035175879396984           0.70443749902364
-17.91959798994975            0.7044375305621242
-17.804020100502512           0.7044379023705841
-17.688442211055275           0.7044377810102896
-17.57286432160804            0.704437255478254
-17.457286432160803           0.7044372536023602
-17.34170854271357            0.7044374875721152
-17.22613065326633            0.7044376015627876
-17.110552763819094           0.70443720275668
-16.99497487437186            0.704437601857849
-16.87939698492462            0.7044372808805032
-16.763819095477388           0.7044377851637958
-16.64824120603015            0.7044373101025517
-16.532663316582916           0.704437222191455
-16.417085427135678           0.7044372663931688
-16.301507537688444           0.7044367927438614
-16.185929648241206           0.7044372727362688
-16.07035175879397            0.7044374829392063
-15.954773869346734           0.7044363107067239
-15.839195979899497           0.7044371685295255
-15.72361809045226            0.7044372380118269
-15.608040201005025           0.7044377060812691
-15.492462311557789           0.7044371390266653
-15.376884422110553           0.7044369624786205
-15.261306532663315           0.7044372425209344
-15.145728643216081           0.7044371347290187
-15.030150753768844           0.704437949662971
-14.914572864321608           0.7044368989002623
-14.798994974874372           0.704436245919568
-14.683417085427136           0.7044371298062172
-14.5678391959799             0.7044370571242553
-14.452261306532662           0.704437016932367
-14.336683417085428           0.7044369576992587
-14.22110552763819            0.7044372678151247
-14.105527638190955           0.7044369118709491
-13.989949748743719           0.7044360861681458
-13.874371859296481           0.7044367732627851
-13.758793969849247           0.7044375131445051
-13.64321608040201            0.7044368662463744
-13.527638190954773           0.7044362966809834
-13.412060301507537           0.7044368891113133
-13.296482412060302           0.7044368467331661
-13.180904522613066           0.7044369870112428
-13.065326633165828           0.7044364477359232
-12.949748743718594           0.7044369040887919
-12.834170854271356           0.7044364170273708
-12.71859296482412            0.7044370653156166
-12.603015075376884           0.704436302330967
-12.487437185929648           0.7044368983253453
-12.371859296482413           0.7044367224331345
-12.256281407035175           0.7044369512906716
-12.14070351758794            0.7044367379621335
-12.025125628140703           0.7044366710962677
-11.909547738693467           0.7044365742026559
-11.793969849246231           0.7044364453675545
-11.678391959798995           0.7044367081526599
-11.56281407035176            0.7044366612808467
-11.447236180904522           0.7044369776095883
-11.331658291457286           0.7044367273959691
-11.21608040201005            0.7044366500024497
-11.100502512562814           0.7044370016221296
-10.984924623115578           0.7044367138982438
-10.869346733668342           0.704436576872959
-10.753768844221106           0.7044359849449916
-10.638190954773869           0.7044366884607763
-10.522613065326633           0.7044365046852329
-10.407035175879397           0.7044366932667161
-10.291457286432161           0.7044372488757565
-10.175879396984925           0.7044365546951092
-10.06030150753769            0.7044364248878955
-9.944723618090451            0.7044365399986315
-9.829145728643216            0.704436291169077
-9.71356783919598             0.7044369366657923
-9.597989949748744            0.7044365147327261
-9.482412060301508            0.7044364916829168
-9.366834170854272            0.7044365711518634
-9.251256281407034            0.7044364945427682
-9.135678391959798            0.7044364485848147
-9.020100502512562            0.7044366223519644
-8.904522613065327            0.7044361288037704
-8.78894472361809             0.7044360354609829
-8.673366834170855            0.7044374099108018
-8.557788944723619            0.7044364469943477
-8.442211055276381            0.704437351252691
-8.326633165829145            0.7044360596415055
-8.21105527638191             0.7044362530074635
-8.095477386934673            0.7044364551515451
-7.9798994974874375           0.7044363932695006
-7.864321608040202            0.7044363507711237
-7.748743718592964            0.7044362922007471
-7.633165829145728            0.704436388946152
-7.517587939698492            0.7044361536702496
-7.402010050251256            0.7044365994907452
-7.28643216080402             0.7044363618191088
-7.170854271356784            0.7044362976977006
-7.055276381909547            0.7044360385859036
-6.939698492462311            0.7044362790307854
-6.824120603015075            0.7044363029990194
-6.708542713567839            0.704436180994801
-6.592964824120603            0.7044362633521851
-6.477386934673367            0.7044362152990495
-6.361809045226131            0.7044362506085826
-6.246231155778894            0.7044361545651455
-6.130653266331658            0.7044362451922515
-6.015075376884422            0.7044362517349644
-5.899497487437186            0.7044363106383555
-5.78391959798995             0.7044361982294409
-5.668341708542714            0.7044362122710883
-5.5527638190954764           0.7044360706650873
-5.4371859296482405           0.704435953506038
-5.321608040201005            0.7044360748524165
-5.206030150753769            0.7044361268824691
-5.090452261306533            0.7044362014480884
-4.974874371859297            0.7044361805525223
-4.859296482412061            0.7044363538050049
-4.743718592964823            0.7044361570402293
-4.628140703517587            0.7044362411821407
-4.5125628140703515           0.7044360914353145
-4.396984924623116            0.7044361125472244
-4.28140703517588             0.7044361330991294
-4.165829145728644            0.7044361091704767
-4.050251256281406            0.7044360403055324
-3.934673366834172            0.7044361268535264
-3.8190954773869343           0.7044361391243833
-3.7035175879396967           0.7044360848319695
-3.5879396984924625           0.7044360934699013
-3.472361809045225            0.704436080710375
-3.3567839195979907           0.7044361009412208
-3.241206030150753            0.7044360485996447
-3.125628140703519            0.7044360450457449
-3.0100502512562812           0.704436049739276
-2.8944723618090435           0.7044360638899583
-2.7788944723618094           0.704435936022314
-2.6633165829145717           0.7044360181804676
-2.5477386934673376           0.7044360294484615
-2.4321608040201              0.704436024364831
-2.316582914572866            0.7044360258146732
-2.201005025125628            0.7044360386579647
-2.0854271356783904           0.7044360279369309
-1.9698492462311563           0.7044359887499335
-1.8542713567839186           0.7044359298924904
-1.7386934673366845           0.7044359404570646
-1.6231155778894468           0.7044358669032488
-1.5075376884422127           0.7044358511650467
-1.391959798994975            0.7044356225081664
-1.2763819095477373           0.7044350929061208
-1.1608040201005032           0.7044337512897413
-1.0452261306532655           0.704430348064661
-0.9296482412060314           0.7044218742674508
-0.8140703517587937           0.7044008929369406
-0.698492462311556            0.7043488201354937
-0.5829145728643219           0.7042220315705628
-0.46733668341708423          0.7039169645290584
-0.3517587939698501           0.7031966174277766
-0.23618090452261245          0.7015367337994688
-0.12060301507537828          0.6978292432913926
-0.005025125628140596         0.6898621616848668
0.11055276381909708           0.6735124156636217
0.22613065326633117           0.6416697111328453
0.34170854271356893           0.5830339520428619
0.457286432160803             0.48098591319237766
0.5728643216080407            0.3126131360480744
0.6884422110552748            0.04772971751254772
0.8040201005025125            -0.35244518728501006
0.9195979899497502            -0.9372797325282645
1.0351758793969843            -1.7696317218461337
1.150753768844222             -2.9298857824035878
1.266331658291456             -4.52152671822699
1.3819095477386938            -6.678797158795118
1.4974874371859315            -9.576705912960252
1.6130653266331656            -13.44354975975677
1.7286432160804033            -18.576881747637998
1.8442211055276374            -25.364485405734936
1.959798994974875             -34.31195301795766
2.075376884422109             -46.07871887935107
2.190954773869347             -61.52505384152999
2.3065326633165846            -81.77336225261091
2.4221105527638187            -108.2881504820916
2.5376884422110564            -142.98036574664607
2.6532663316582905            -188.34353918675646
2.768844221105528             -249.38079066751737
