-20.0                         0.6175193209657756
-19.884422110552762           0.6175201924271568
-19.768844221105528           0.6175192194849937
-19.65326633165829            0.6175182331972117
-19.537688442211056           0.6175191904065848
-19.42211055276382            0.617519119448005
-19.306532663316585           0.6175193953373506
-19.190954773869347           0.6175182066453296
-19.07537688442211            0.6175193504077386
-18.959798994974875           0.6175190723216886
-18.844221105527637           0.6175202553602895
-18.728643216080403           0.6175190664110872
-18.613065326633166           0.6175191195911706
-18.49748743718593            0.617519035547144
-18.381909547738694           0.6175209513568573
-18.266331658291456           0.617518872694522
-18.150753768844222           0.6175189569055335
-18.035175879396984           0.6175188071747015
-17.91959798994975            0.6175189231783669
-17.804020100502512           0.6175192514890441
-17.688442211055275           0.6175191914766374
-17.57286432160804            0.6175186779269214
-17.457286432160803           0.6175186454188284
-17.34170854271357            0.617518896959327
-17.22613065326633            0.6175190337446652
-17.110552763819094           0.6175185938143287
-16.99497487437186            0.6175189568407157
-16.87939698492462            0.6175187329409
-16.763819095477388           0.6175191273937121
-16.64824120603015            0.6175187344979077
-16.532663316582916           0.6175185880118841
-16.417085427135678           0.6175186642641805
-16.301507537688444           0.6175182464660308
-16.185929648241206           0.6175186668444133
-16.07035175879397            0.6175188503827143
-15.954773869346734           0.6175177638757934
-15.839195979899497           0.6175185587288826
-15.72361809045226            0.6175186137541221
-15.608040201005025           0.6175189876425057
-15.492462311557789           0.6175185216567576
-15.376884422110553           0.6175183081419464
-15.261306532663315           0.6175186271758765
-15.145728643216081           0.6175185117649536
-15.030150753768844           0.6175192886620984
-14.914572864321608           0.6175182911992962
-14.798994974874372           0.6175176751164847
-14.683417085427136           0.6175185048232957
-14.5678391959799             0.6175184389815132
-14.452261306532662           0.6175183995221901
-14.336683417085428           0.617518344807419
-14.22110552763819            0.6175185757284912
-14.105527638190955           0.6175183029873159
-13.989949748743719           0.6175175102571799
-13.874371859296481           0.6175181688595148
-13.758793969849247           0.6175189158169365
-13.64321608040201            0.6175182599459184
-13.527638190954773           0.6175177440533101
-13.412060301507537           0.617518274572325
-13.296482412060302           0.6175182877498547
-13.180904522613066           0.6175183524429891
-13.065326633165828           0.6175178231329206
-12.949748743718594           0.6175182971411479
-12.834170854271356           0.6175178126715477
-12.71859296482412            0.6175184449472145
-12.603015075376884           0.6175176919790402
-12.487437185929648           0.617518279887676
-12.371859296482413           0.6175181310314547
-12.256281407035175           0.6175183237256228
-12.14070351758794            0.617518121370061
-12.025125628140703           0.6175181050129578
-11.909547738693467           0.6175179654986548
-11.793969849246231           0.6175178293884981
-11.678391959798995           0.6175180883533026
-11.56281407035176            0.617518046917896
-11.447236180904522           0.6175183382680812
-11.331658291457286           0.6175181121264747
-11.21608040201005            0.6175180366859444
-11.100502512562814           0.6175184002614965
-10.984924623115578           0.617518097351556
-10.869346733668342           0.6175179620893014
-10.753768844221106           0.6175174022085895
-10.638190954773869           0.6175180595663232
-10.522613065326633           0.6175178973941241
-10.407035175879397           0.6175180656196639
-10.291457286432161           0.6175185660057232
-10.175879396984925           0.6175179413229736
-10.06030150753769            0.6175178147391241
-9.944723618090451            0.6175179203060573
-9.829145728643216            0.6175177157135447
-9.71356783919598             0.6175182769716414
-9.597989949748744            0.6175178924117377
-9.482412060301508            0.6175178746311917
-9.366834170854272            0.6175179427417246
-9.251256281407034            0.6175178753363877
-9.135678391959798            0.6175178379239796
-9.020100502512562            0.6175179984256728
-8.904522613065327            0.6175175455498122
-8.78894472361809             0.6175174448505767
-8.673366834170855            0.6175187416073985
-8.557788944723619            0.6175178223139708
-8.442211055276381            0.6175186849043263
-8.326633165829145            0.6175174667682927
-8.21105527638191             0.6175176667807635
-8.095477386934673            0.6175178165171453
-7.9798994974874375           0.6175177723141091
-7.864321608040202            0.6175177320579325
-7.748743718592964            0.6175176793818393
-7.633165829145728            0.6175177645786989
-7.517587939698492            0.6175175475893137
-7.402010050251256            0.6175179532970277
-7.28643216080402             0.6175177426796304
-7.170854271356784            0.6175176815947395
-7.055276381909547            0.6175174296060256
-6.939698492462311            0.6175176596836911
-6.824120603015075            0.6175176842650054
-6.708542713567839            0.617517578895877
-6.592964824120603            0.6175176408963472
-6.477386934673367            0.617517583636714
-6.361809045226131            0.617517627512745
-6.246231155778894            0.6175175372112686
-6.130653266331658            0.6175176280602918
-6.015075376884422            0.6175176349331567
-5.899497487437186            0.6175176909946949
-5.78391959798995             0.6175175838907125
-5.668341708542714            0.6175175944188197
-5.5527638190954764           0.6175174615865504
-5.4371859296482405           0.6175173491146105
-5.321608040201005            0.6175174694714601
-5.206030150753769            0.617517509589917
-5.090452261306533            0.6175175719096457
-4.974874371859297            0.6175175742534228
-4.859296482412061            0.6175177332853662
-4.743718592964823            0.6175175401618782
-4.628140703517587            0.6175176174118023
-4.5125628140703515           0.6175174741896572
-4.396984924623116            0.617517496203399
-4.28140703517588             0.617517514970569
-4.165829145728644            0.6175174912122939
-4.050251256281406            0.6175174346756225
-3.934673366834172            0.6175175063852345
-3.8190954773869343           0.6175175167655086
-3.7035175879396967           0.6175174660615612
-3.5879396984924625           0.6175174721083199
-3.472361809045225            0.6175174599164438
-3.3567839195979907           0.6175174792635792
-3.241206030150753            0.6175174289310148
-3.125628140703519            0.6175174272352155
-3.0100502512562812           0.6175174321900279
-2.8944723618090435           0.6175174376294874
-2.7788944723618094           0.6175173223053834
-2.6633165829145717           0.6175173952564029
-2.5477386934673376           0.6175174103501719
-2.4321608040201              0.6175174053892712
-2.316582914572866            0.6175174057655183
-2.201005025125628            0.6175174168820734
-2.0854271356783904           0.6175174057341484
-1.9698492462311563           0.6175173645432557
-1.8542713567839186           0.6175172997871619
-1.7386934673366845           0.6175172892647486
-1.6231155778894468           0.6175171686939085
-1.5075376884422127           0.6175170372372123
-1.391959798994975            0.6175165528701598
-1.2763819095477373           0.6175154207944319
-1.1608040201005032           0.6175127036465095
-1.0452261306532655           0.617506170511018
-0.9296482412060314           0.617490638155946
-0.8140703517587937           0.617453903303245
-0.698492462311556            0.6173672443205882
-0.5829145728643219           0.6171658912978503
-0.46733668341708423          0.6167039360656921
-0.3517587939698501           0.6156634928110515
-0.23618090452261245          0.6133753925266818
-0.12060301507537828          0.608492931159269
-0.005025125628140596         0.5984522540228636
0.11055276381909708           0.5786813974052575
0.22613065326633117           0.5415978198800231
0.34170854271356893           0.47552593851453717
0.457286432160803             0.3636781235161092
0.5728643216080407            0.18321728034203175
0.6884422110552748            -0.09577482116661844
0.8040201005025125            -0.5117159240589121
0.9195979899497502            -1.1136039463529621
1.0351758793969843            -1.9639731534569014
1.150753768844222             -3.142954473628567
1.266331658291456             -4.753851931898711
1.3819095477386938            -6.930783544841312
1.4974874371859315            -9.848661710429244
1.6130653266331656            -13.735701341656448
1.7286432160804033            -18.889390818992712
1.8442211055276374            -25.697467494084627
1.959798994974875             -34.665491776144826
2.075376884422109             -46.45287568949626
2.190954773869347             -61.919874212088594
2.3065326633165846            -82.18888018953366
2.4221105527638187            -108.7243915486274
2.5376884422110564            -143.43734924720746
2.6532663316582905            -188.821279749731
2.768844221105528             -249.87918262731637
