-20.0                         1.0453425865660013
-19.884422110552762           1.0453437170559285
-19.768844221105528           1.0453424415946913
-19.65326633165829            1.0453413873853292
-19.537688442211056           1.0453425481307206
-19.42211055276382            1.0453422700691481
-19.306532663316585           1.0453425741660445
-19.190954773869347           1.0453409620343097
-19.07537688442211            1.045342725107484
-18.959798994974875           1.045342359517064
-18.844221105527637           1.0453436667896674
-18.728643216080403           1.0453421391278337
-18.613065326633166           1.0453425658083173
-18.49748743718593            1.045342249950685
-18.381909547738694           1.0453447502695208
-18.266331658291456           1.0453421289524156
-18.150753768844222           1.0453422028782962
-18.035175879396984           1.045342515257189
-17.91959798994975            1.0453421515847159
-17.804020100502512           1.0453426887712545
-17.688442211055275           1.0453422747487569
-17.57286432160804            1.0453418384770068
-17.457286432160803           1.0453419079464716
-17.34170854271357            1.0453420246071503
-17.22613065326633            1.0453420276222367
-17.110552763819094           1.0453418691012477
-16.99497487437186            1.0453423672397262
-16.87939698492462            1.0453416660623323
-16.763819095477388           1.0453426155747272
-16.64824120603015            1.0453418163817834
-16.532663316582916           1.0453420453047064
-16.417085427135678           1.045341893962044
-16.301507537688444           1.0453412514719844
-16.185929648241206           1.045341907443415
-16.07035175879397            1.0453422092105304
-15.954773869346734           1.0453407427883137
-15.839195979899497           1.0453418247131958
-15.72361809045226            1.0453419714848011
-15.608040201005025           1.0453427794586965
-15.492462311557789           1.0453418255419675
-15.376884422110553           1.0453418577882678
-15.261306532663315           1.0453419077944326
-15.145728643216081           1.04534184385701
-15.030150753768844           1.0453427162280688
-14.914572864321608           1.0453415508108648
-14.798994974874372           1.045340797120636
-14.683417085427136           1.0453418431772865
-14.5678391959799             1.045341773199523
-14.452261306532662           1.0453417321985043
-14.336683417085428           1.0453416275816403
-14.22110552763819            1.045342258083452
-14.105527638190955           1.0453415780472985
-13.989949748743719           1.0453406290388363
-13.874371859296481           1.0453414121094962
-13.758793969849247           1.0453420989141593
-13.64321608040201            1.0453415176422438
-13.527638190954773           1.0453407640721952
-13.412060301507537           1.0453415725712274
-13.296482412060302           1.045341293718966
-13.180904522613066           1.0453417408098757
-13.065326633165828           1.0453411940830986
-12.949748743718594           1.0453415416280207
-12.834170854271356           1.0453410610244107
-12.71859296482412            1.0453417511249325
-12.603015075376884           1.045340993876732
-12.487437185929648           1.045341575057325
-12.371859296482413           1.045341305882264
-12.256281407035175           1.045341657900398
-12.14070351758794            1.0453414230785993
-12.025125628140703           1.045341150517591
-11.909547738693467           1.0453412288181372
-11.793969849246231           1.0453411762578007
-11.678391959798995           1.0453414096199172
-11.56281407035176            1.045341336259115
-11.447236180904522           1.045341743653804
-11.331658291457286           1.0453413999641152
-11.21608040201005            1.045341320516127
-11.100502512562814           1.0453416112271945
-10.984924623115578           1.04534139009989
-10.869346733668342           1.0453412547943015
-10.753768844221106           1.0453405484719496
-10.638190954773869           1.0453414214376873
-10.522613065326633           1.045341155648768
-10.407035175879397           1.0453413967145924
-10.291457286432161           1.0453421652443877
-10.175879396984925           1.045341221614566
-10.06030150753769            1.0453410841032973
-9.944723618090451            1.0453412427850717
-9.829145728643216            1.0453408229162706
-9.71356783919598             1.045341750606225
-9.597989949748744            1.0453412234545343
-9.482412060301508            1.045341180876256
-9.366834170854272            1.0453412932994595
-9.251256281407034            1.045341187718752
-9.135678391959798            1.0453411108209234
-9.020100502512562            1.0453412994698905
-8.904522613065327            1.0453406971626678
-8.78894472361809             1.0453406247298704
-8.673366834170855            1.045342274725288
-8.557788944723619            1.0453411601117535
-8.442211055276381            1.045342209148283
-8.326633165829145            1.0453406564174081
-8.21105527638191             1.0453408202639358
-8.095477386934673            1.0453412241857682
-7.9798994974874375           1.0453410860428194
-7.864321608040202            1.045341041992959
-7.748743718592964            1.045340960222615
-7.633165829145728            1.0453411001228663
-7.517587939698492            1.0453408177890628
-7.402010050251256            1.0453413723921878
-7.28643216080402             1.0453410498067925
-7.170854271356784            1.0453409784239034
-7.055276381909547            1.045340705242344
-6.939698492462311            1.045340974514797
-6.824120603015075            1.0453409908574411
-6.708542713567839            1.0453408085181655
-6.592964824120603            1.0453409695224432
-6.477386934673367            1.0453409642138658
-6.361809045226131            1.045340961730469
-6.246231155778894            1.0453408409210132
-6.130653266331658            1.0453409242718446
-6.015075376884422            1.0453409222992183
-5.899497487437186            1.0453409844262067
-5.78391959798995             1.0453408704872373
-5.668341708542714            1.045340898879855
-5.5527638190954764           1.0453407376847415
-5.4371859296482405           1.045340592295613
-5.321608040201005            1.0453407231580825
-5.206030150753769            1.0453408231237753
-5.090452261306533            1.0453409354648617
-4.974874371859297            1.04534081563269
-4.859296482412061            1.0453410400678789
-4.743718592964823            1.045340835181451
-4.628140703517587            1.045340948423189
-4.5125628140703515           1.0453407853804881
-4.396984924623116            1.0453407923476794
-4.28140703517588             1.0453408175847874
-4.165829145728644            1.0453407973589433
-4.050251256281406            1.0453406810645385
-3.934673366834172            1.0453408208865995
-3.8190954773869343           1.0453408407888956
-3.7035175879396967           1.0453407741370295
-3.5879396984924625           1.0453407937286616
-3.472361809045225            1.0453407787924551
-3.3567839195979907           1.0453407973587712
-3.241206030150753            1.0453407496862366
-3.125628140703519            1.0453407313335943
-3.0100502512562812           1.0453407338946141
-2.8944723618090435           1.0453407853311223
-2.7788944723618094           1.0453406082076822
-2.6633165829145717           1.0453407271958963
-2.5477386934673376           1.045340720333801
-2.4321608040201              1.045340713527164
-2.316582914572866            1.0453407189765758
-2.201005025125628            1.0453407329525626
-2.0854271356783904           1.0453407196419908
-1.9698492462311563           1.0453406786064274
-1.8542713567839186           1.0453406163328447
-1.7386934673366845           1.0453406426694347
-1.6231155778894468           1.0453405942791558
-1.5075376884422127           1.0453406724342296
-1.391959798994975            1.0453406295095569
-1.2763819095477373           1.0453406140645445
-1.1608040201005032           1.0453405226191448
-1.0452261306532655           1.045340199675432
-0.9296482412060314           1.0453392646655602
-0.8140703517587937           1.045336661117292
-0.698492462311556            1.045328582359322
-0.5829145728643219           1.0453056240248768
-0.46733668341708423          1.0452402336845585
-0.3517587939698501           1.0450576252268755
-0.23618090452261245          1.0445605643930866
-0.12060301507537828          1.0432519606481132
-0.005025125628140596         1.0399514392962184
0.11055276381909708           1.0320585857632014
0.22613065326633117           1.0143434698898068
0.34170854271356893           0.9773232611623618
0.457286432160803             0.9055617773056718
0.5728643216080407            0.7763149889810211
0.6884422110552748            0.5586030126481749
0.8040201005025125            0.2122780385346268
0.9195979899497502            -0.3135290624516313
1.0351758793969843            -1.0830183153831923
1.150753768844222             -2.1776287151994245
1.266331658291456             -3.7015907027708526
1.3819095477386938            -5.7896512870233545
1.4974874371859315            -8.617198400530171
1.6130653266331656            -12.412843673143556
1.7286432160804033            -17.474385222681406
1.8442211055276374            -24.1897792491529
1.959798994974875             -33.064735743261096
2.075376884422109             -44.75877039411114
2.190954773869347             -60.13221160050949
2.3065326633165846            -80.30750515082012
2.4221105527638187            -106.74918768446261
2.5376884422110564            -141.368228774506
2.6532663316582905            -186.65817621602352
2.768844221105528             -247.62257458711537
