-20.0                         1.2413966208635698
-19.884422110552762           1.2413978850565774
-19.768844221105528           1.241396461844183
-19.65326633165829            1.241395412114431
-19.537688442211056           1.2413966754719419
-19.42211055276382            1.241396283484733
-19.306532663316585           1.2413965451428277
-19.190954773869347           1.2413948319778796
-19.07537688442211            1.2413968228892935
-18.959798994974875           1.241396433719971
-18.844221105527637           1.2413977004252912
-18.728643216080403           1.2413960931873784
-18.613065326633166           1.2413967148117444
-18.49748743718593            1.2413962709255772
-18.381909547738694           1.241398978946727
-18.266331658291456           1.24139618800025
-18.150753768844222           1.2413962562702863
-18.035175879396984           1.2413968048924662
-17.91959798994975            1.2413961781291039
-17.804020100502512           1.2413968042940515
-17.688442211055275           1.2413962005389447
-17.57286432160804            1.2413959016621892
-17.457286432160803           1.241395970660927
-17.34170854271357            1.2413959989887062
-17.22613065326633            1.2413959288457825
-17.110552763819094           1.2413959439794167
-16.99497487437186            1.2413964638846933
-16.87939698492462            1.2413955670980552
-16.763819095477388           1.2413967676368423
-16.64824120603015            1.2413957949661516
-16.532663316582916           1.241396242932992
-16.417085427135678           1.2413959398514625
-16.301507537688444           1.241395238573279
-16.185929648241206           1.2413959601555857
-16.07035175879397            1.241396296496165
-15.954773869346734           1.2413946870793948
-15.839195979899497           1.2413958866867665
-15.72361809045226            1.2413960923868987
-15.608040201005025           1.2413970642971153
-15.492462311557789           1.241395904838225
-15.376884422110553           1.2413960898710015
-15.261306532663315           1.241395970479405
-15.145728643216081           1.2413959344715733
-15.030150753768844           1.2413967879070342
-14.914572864321608           1.2413956118443585
-14.798994974874372           1.2413948248498505
-14.683417085427136           1.241395936696662
-14.5678391959799             1.2413958857526837
-14.452261306532662           1.2413958464620012
-14.336683417085428           1.2413956986729469
-14.22110552763819            1.2413965096784783
-14.105527638190955           1.2413956540689912
-13.989949748743719           1.2413946352345595
-13.874371859296481           1.2413954655651787
-13.758793969849247           1.2413961109175589
-13.64321608040201            1.2413955832503771
-13.527638190954773           1.2413947380079775
-13.412060301507537           1.2413956553463639
-13.296482412060302           1.2413952346037136
-13.180904522613066           1.2413958556343712
-13.065326633165828           1.2413953252252792
-12.949748743718594           1.2413955895758915
-12.834170854271356           1.2413951201514744
-12.71859296482412            1.2413958239386156
-12.603015075376884           1.2413950940509726
-12.487437185929648           1.2413956415762573
-12.371859296482413           1.2413953332837135
-12.256281407035175           1.2413957339708874
-12.14070351758794            1.241395503179408
-12.025125628140703           1.2413951117076276
-11.909547738693467           1.2413952907843915
-11.793969849246231           1.2413953103792859
-11.678391959798995           1.2413954997985932
-11.56281407035176            1.2413954091837562
-11.447236180904522           1.2413958654232449
-11.331658291457286           1.2413954686239976
-11.21608040201005            1.2413953920008782
-11.100502512562814           1.241395640366253
-10.984924623115578           1.2413954601454578
-10.869346733668342           1.2413953301945662
-10.753768844221106           1.2413945634911951
-10.638190954773869           1.2413955257286529
-10.522613065326633           1.241395217000707
-10.407035175879397           1.241395468262706
-10.291457286432161           1.241396359187062
-10.175879396984925           1.2413952889159552
-10.06030150753769            1.2413951481796401
-9.944723618090451            1.2413953371659694
-9.829145728643216            1.241394820681424
-9.71356783919598             1.2413958771137468
-9.597989949748744            1.2413953159349929
-9.482412060301508            1.2413952640193864
-9.366834170854272            1.2413953877664121
-9.251256281407034            1.241395271251601
-9.135678391959798            1.2413951808363801
-9.020100502512562            1.241395352187828
-8.904522613065327            1.2413947181226488
-8.78894472361809             1.2413946519949548
-8.673366834170855            1.2413964459343003
-8.557788944723619            1.2413952536806294
-8.442211055276381            1.2413963767468124
-8.326633165829145            1.2413946873203354
-8.21105527638191             1.2413948345959902
-8.095477386934673            1.2413953459965494
-7.9798994974874375           1.2413951627791622
-7.864321608040202            1.2413951232340457
-7.748743718592964            1.2413950285339124
-7.633165829145728            1.241395191192723
-7.517587939698492            1.2413948982618876
-7.402010050251256            1.2413954834631808
-7.28643216080402             1.2413951270289572
-7.170854271356784            1.2413950540633165
-7.055276381909547            1.2413947803625083
-6.939698492462311            1.241395059291825
-6.824120603015075            1.2413950687543553
-6.708542713567839            1.2413948544440467
-6.592964824120603            1.2413950600602044
-6.477386934673367            1.2413950829691167
-6.361809045226131            1.2413950562034815
-6.246231155778894            1.2413949200593717
-6.130653266331658            1.2413949959167905
-6.015075376884422            1.2413949845018093
-5.899497487437186            1.2413950440263157
-5.78391959798995             1.2413949409855223
-5.668341708542714            1.2413949772176018
-5.5527638190954764           1.241394814436971
-5.4371859296482405           1.2413946457245377
-5.321608040201005            1.2413947873444484
-5.206030150753769            1.2413949146326053
-5.090452261306533            1.2413950396752538
-4.974874371859297            1.2413948623547488
-4.859296482412061            1.2413951130840855
-4.743718592964823            1.2413949067656769
-4.628140703517587            1.2413950374295781
-4.5125628140703515           1.2413948742843397
-4.396984924623116            1.2413948674080948
-4.28140703517588             1.2413948934781758
-4.165829145728644            1.2413948778779567
-4.050251256281406            1.2413947350015635
-3.934673366834172            1.241394901847964
-3.8190954773869343           1.241394926281025
-3.7035175879396967           1.2413948534177084
-3.5879396984924625           1.241394879413683
-3.472361809045225            1.241394863573601
-3.3567839195979907           1.2413948773001664
-3.241206030150753            1.2413948407705575
-3.125628140703519            1.2413948096044545
-3.0100502512562812           1.2413948105148558
-2.8944723618090435           1.2413948848094583
-2.7788944723618094           1.2413946792503732
-2.6633165829145717           1.241394819971731
-2.5477386934673376           1.2413948008424698
-2.4321608040201              1.2413947923326865
-2.316582914572866            1.2413948006206261
-2.201005025125628            1.2413948126384906
-2.0854271356783904           1.2413947984488118
-1.9698492462311563           1.241394757282188
-1.8542713567839186           1.241394691796664
-1.7386934673366845           1.2413947212123981
-1.6231155778894468           1.2413946678741268
-1.5075376884422127           1.2413947563616323
-1.391959798994975            1.2413947143613486
-1.2763819095477373           1.241394732215404
-1.1608040201005032           1.2413947211631595
-1.0452261306532655           1.2413946256968997
-0.9296482412060314           1.241394327013445
-0.8140703517587937           1.2413935626964703
-0.698492462311556            1.2413905536591663
-0.5829145728643219           1.2413815024756336
-0.46733668341708423          1.2413533481669425
-0.3517587939698501           1.2412675399408424
-0.23618090452261245          1.2410126954371965
-0.12060301507537828          1.2402810315498813
-0.005025125628140596         1.2382713325262795
0.11055276381909708           1.2330505462798123
0.22613065326633117           1.2203779848328933
0.34170854271356893           1.191935777308658
0.457286432160803             1.1332756190604567
0.5728643216080407            1.0220912566190574
0.6884422110552748            0.8271686166268127
0.8040201005025125            0.5076421968391595
0.9195979899497502            0.011751422342190803
1.0351758793969843            -0.7255330764078349
1.150753768844222             -1.7863069302732895
1.266331658291456             -3.275262275655359
1.3819095477386938            -5.327452500230202
1.4974874371859315            -8.11848873343978
1.6130653266331656            -11.877163416540453
1.7286432160804033            -16.901413090976508
1.8442211055276374            -23.579290010207124
1.959798994974875             -32.41656870245292
2.075376884422109             -44.07280894957128
2.190954773869347             -59.40837003175948
2.3065326633165846            -79.54571981304368
2.4221105527638187            -105.94941096672065
2.5376884422110564            -140.53042485610325
2.6532663316582905            -185.78231802977447
2.768844221105528             -246.70885599415055
