-20.0                         0.11685214247270737
-19.884422110552762           0.11685264564413077
-19.768844221105528           0.11685209229007655
-19.65326633165829            0.11685144726481823
-19.537688442211056           0.11685206598298237
-19.42211055276382            0.11685214783816776
-19.306532663316585           0.11685213173971845
-19.190954773869347           0.11685196402145809
-19.07537688442211            0.11685205776533482
-18.959798994974875           0.11685198233195723
-18.844221105527637           0.1168523605092003
-18.728643216080403           0.11685199076330813
-18.613065326633166           0.11685185199627099
-18.49748743718593            0.11685191416745801
-18.381909547738694           0.11685264467016354
-18.266331658291456           0.11685180743629633
-18.150753768844222           0.11685188215456387
-18.035175879396984           0.11685141218842121
-17.91959798994975            0.11685179618363715
-17.804020100502512           0.11685184967889216
-17.688442211055275           0.11685192511374892
-17.57286432160804            0.1168518012965425
-17.457286432160803           0.11685159370725644
-17.34170854271357            0.1168517633373125
-17.22613065326633            0.11685189427737698
-17.110552763819094           0.11685157194254152
-16.99497487437186            0.11685166317961893
-16.87939698492462            0.11685179552535781
-16.763819095477388           0.1168517104198648
-16.64824120603015            0.1168517004893883
-16.532663316582916           0.11685154803939268
-16.417085427135678           0.11685162368506749
-16.301507537688444           0.11685158275237527
-16.185929648241206           0.116851548239575
-16.07035175879397            0.11685159606664747
-15.954773869346734           0.11685117642831752
-15.839195979899497           0.11685147203631058
-15.72361809045226            0.11685147237621543
-15.608040201005025           0.11685135027074242
-15.492462311557789           0.11685139226950432
-15.376884422110553           0.1168512193250131
-15.261306532663315           0.1168514495164252
-15.145728643216081           0.11685136282148055
-15.030150753768844           0.11685160913474028
-14.914572864321608           0.11685123916006318
-14.798994974874372           0.11685102922445038
-14.683417085427136           0.11685132114253466
-14.5678391959799             0.11685134261297672
-14.452261306532662           0.11685131089527495
-14.336683417085428           0.11685124114408751
-14.22110552763819            0.11685113439907081
-14.105527638190955           0.11685124901576278
-13.989949748743719           0.11685073987308976
-13.874371859296481           0.11685113477491481
-13.758793969849247           0.11685173621263689
-13.64321608040201            0.11685119877299896
-13.527638190954773           0.11685110869274018
-13.412060301507537           0.1168511719173547
-13.296482412060302           0.1168513728564917
-13.180904522613066           0.11685113890131081
-13.065326633165828           0.11685079892439157
-12.949748743718594           0.1168511758788975
-12.834170854271356           0.11685081197933352
-12.71859296482412            0.1168512265765486
-12.603015075376884           0.11685075665853331
-12.487437185929648           0.11685109177270417
-12.371859296482413           0.11685108094559425
-12.256281407035175           0.11685109514654947
-12.14070351758794            0.11685099294886966
-12.025125628140703           0.11685117921380257
-11.909547738693467           0.11685090005524126
-11.793969849246231           0.11685086541998524
-11.678391959798995           0.11685095583276921
-11.56281407035176            0.11685093626845874
-11.447236180904522           0.1168510380279143
-11.331658291457286           0.11685096041399286
-11.21608040201005            0.11685091966132757
-11.100502512562814           0.11685125445028992
-10.984924623115578           0.11685093175040995
-10.869346733668342           0.11685084786032403
-10.753768844221106           0.11685055349300821
-10.638190954773869           0.1168508668159908
-10.522613065326633           0.11685083553041704
-10.407035175879397           0.11685084064200238
-10.291457286432161           0.11685095616710085
-10.175879396984925           0.11685081157582979
-10.06030150753769            0.11685073420002647
-9.944723618090451            0.11685077966413088
-9.829145728643216            0.11685082804667081
-9.71356783919598             0.11685080894760706
-9.597989949748744            0.11685074035173507
-9.482412060301508            0.11685074855412936
-9.366834170854272            0.11685073001078572
-9.251256281407034            0.11685072214864908
-9.135678391959798            0.11685072099639267
-9.020100502512562            0.11685073473669703
-8.904522613065327            0.1168506597630178
-8.78894472361809             0.11685051757677008
-8.673366834170855            0.11685117851370026
-8.557788944723619            0.11685063727801813
-8.442211055276381            0.1168511380335458
-8.326633165829145            0.116850517518024
-8.21105527638191             0.11685069239899441
-8.095477386934673            0.11685059229948619
-7.9798994974874375           0.11685060655061809
-7.864321608040202            0.11685059057973204
-7.748743718592964            0.11685057266948881
-7.633165829145728            0.11685058234500592
-7.517587939698492            0.11685053492295362
-7.402010050251256            0.1168505897841561
-7.28643216080402             0.11685057674153787
-7.170854271356784            0.11685054851144037
-7.055276381909547            0.1168504081940774
-6.939698492462311            0.11685051681269937
-6.824120603015075            0.11685052521079256
-6.708542713567839            0.11685053883151127
-6.592964824120603            0.11685047743120965
-6.477386934673367            0.11685039722759623
-6.361809045226131            0.11685046978216432
-6.246231155778894            0.11685040780512694
-6.130653266331658            0.11685047225304632
-6.015075376884422            0.11685046888236239
-5.899497487437186            0.11685047991646073
-5.78391959798995             0.11685045102247446
-5.668341708542714            0.11685044792993168
-5.5527638190954764           0.11685040552807106
-5.4371859296482405           0.11685031502824761
-5.321608040201005            0.11685041278761724
-5.206030150753769            0.11685039405677507
-5.090452261306533            0.116850383515388
-4.974874371859297            0.11685045337336472
-4.859296482412061            0.11685051362662477
-4.743718592964823            0.11685038532377964
-4.628140703517587            0.11685042313385478
-4.5125628140703515           0.11685035274948152
-4.396984924623116            0.11685035170844728
-4.28140703517588             0.11685035400191401
-4.165829145728644            0.11685033937334127
-4.050251256281406            0.11685034965634761
-3.934673366834172            0.11685032523749203
-3.8190954773869343           0.1168503146881681
-3.7035175879396967           0.11685027955842694
-3.5879396984924625           0.11685025223684586
-3.472361809045225            0.11685020612684945
-3.3567839195979907           0.11685015271124459
-3.241206030150753            0.11685004178416579
-3.125628140703519            0.11684987658512608
-3.0100502512562812           0.11684962531130955
-2.8944723618090435           0.1168491833716659
-2.7788944723618094           0.11684847943774018
-2.6633165829145717           0.11684741843798982
-2.5477386934673376           0.11684569118503395
-2.4321608040201              0.11684284401675975
-2.316582914572866            0.11683822984573394
-2.201005025125628            0.11683075180246884
-2.0854271356783904           0.11681862124741153
-1.9698492462311563           0.11679893916855483
-1.8542713567839186           0.11676704364125617
-1.7386934673366845           0.116715412271953
-1.6231155778894468           0.1166317376945075
-1.5075376884422127           0.11649640951904838
-1.391959798994975            0.11627755988552571
-1.2763819095477373           0.11592416818219543
-1.1608040201005032           0.11535456969424077
-1.0452261306532655           0.11443859956898307
-0.9296482412060314           0.11297023423205764
-0.8140703517587937           0.11062578941184134
-0.698492462311556            0.10690169636860349
-0.5829145728643219           0.10102460333183315
-0.46733668341708423          0.09182328708934129
-0.3517587939698501           0.07755457038484552
-0.23618090452261245          0.05567304981765577
-0.12060301507537828          0.022537630769866222
-0.005025125628140596         -0.026951958914978855
0.11055276381909708           -0.09979697172395267
0.22613065326633117           -0.20543622095707484
0.34170854271356893           -0.3564065052702959
0.457286432160803             -0.5691761083019874
0.5728643216080407            -0.8652200318748305
0.6884422110552748            -1.2724264089609374
0.8040201005025125            -1.8269425233701202
0.9195979899497502            -2.5755897237968197
1.0351758793969843            -3.579017764331462
1.150753768844222             -4.91586218225112
1.266331658291456             -6.688338098325154
1.3819095477386938            -9.029780578646259
1.4974874371859315            -12.114458461653115
1.6130653266331656            -16.170014725509404
1.7286432160804033            -21.493472014363935
1.8442211055276374            -28.472225907052607
1.959798994974875             -37.61159486265415
2.075376884422109             -49.57081827887164
2.190954773869347             -65.21002605298058
2.3065326633165846            -85.6515192281972
2.4221105527638187            -112.35972767875673
2.5376884422110564            -147.24554152493738
2.6532663316582905            -192.80244902456678
2.768844221105528             -254.03244895897467
