-20.0                         0.5243507422915825
-19.884422110552762           0.524351560562806
-19.768844221105528           0.5243506511723389
-19.65326633165829            0.5243496986758126
-19.537688442211056           0.5243506114884663
-19.42211055276382            0.5243505776384341
-19.306532663316585           0.5243508206321464
-19.190954773869347           0.5243497704645306
-19.07537688442211            0.5243507524951538
-18.959798994974875           0.524350502069102
-18.844221105527637           0.524351606509613
-18.728643216080403           0.5243505247824418
-18.613065326633166           0.524350515036194
-18.49748743718593            0.5243504697172243
-18.381909547738694           0.5243522269753232
-18.266331658291456           0.5243503076028382
-18.150753768844222           0.5243503935320961
-18.035175879396984           0.5243501571840079
-17.91959798994975            0.5243503547404073
-17.804020100502512           0.524350635911284
-17.688442211055275           0.5243506329318408
-17.57286432160804            0.5243501492795657
-17.457286432160803           0.5243500800805083
-17.34170854271357            0.5243503427659016
-17.22613065326633            0.524350499929482
-17.110552763819094           0.5243500289720303
-16.99497487437186            0.524350349370812
-16.87939698492462            0.5243502250923948
-16.763819095477388           0.5243505063792054
-16.64824120603015            0.5243501989114501
-16.532663316582916           0.524350003724162
-16.417085427135678           0.5243501048725676
-16.301507537688444           0.5243497519540736
-16.185929648241206           0.524350101328865
-16.07035175879397            0.5243502562095781
-15.954773869346734           0.5243492673385336
-15.839195979899497           0.5243499908871804
-15.72361809045226            0.5243500326086585
-15.608040201005025           0.5243503043519947
-15.492462311557789           0.5243499458191423
-15.376884422110553           0.5243497024732765
-15.261306532663315           0.5243500511727957
-15.145728643216081           0.5243499303401363
-15.030150753768844           0.5243506534877759
-14.914572864321608           0.5243497262910064
-14.798994974874372           0.5243491563858875
-14.683417085427136           0.5243499203949419
-14.5678391959799             0.5243498654093207
-14.452261306532662           0.5243498268787457
-14.336683417085428           0.5243497737838153
-14.22110552763819            0.5243499229946014
-14.105527638190955           0.5243497378264671
-13.989949748743719           0.5243489820500445
-13.874371859296481           0.5243496074634474
-13.758793969849247           0.5243503573009198
-13.64321608040201            0.5243496967508442
-13.527638190954773           0.5243492424810098
-13.412060301507537           0.5243497026999324
-13.296482412060302           0.5243497716758796
-13.180904522613066           0.5243497586458491
-13.065326633165828           0.5243492443452498
-12.949748743718594           0.5243497309703643
-12.834170854271356           0.5243492522167564
-12.71859296482412            0.5243498638015942
-12.603015075376884           0.5243491286523517
-12.487437185929648           0.5243497008122443
-12.371859296482413           0.524349581348652
-12.256281407035175           0.5243497348600493
-12.14070351758794            0.5243495464353017
-12.025125628140703           0.5243495822131156
-11.909547738693467           0.524349399310775
-11.793969849246231           0.5243492619314951
-11.678391959798995           0.5243495106723507
-11.56281407035176            0.524349474351079
-11.447236180904522           0.5243497377432357
-11.331658291457286           0.5243495375341584
-11.21608040201005            0.5243494649731196
-11.100502512562814           0.5243498389091192
-10.984924623115578           0.5243495211682474
-10.869346733668342           0.5243493891671935
-10.753768844221106           0.5243488656542081
-10.638190954773869           0.5243494718039753
-10.522613065326633           0.5243493328772744
-10.407035175879397           0.5243494763703399
-10.291457286432161           0.5243499163458777
-10.175879396984925           0.524349368993169
-10.06030150753769            0.5243492468234552
-9.944723618090451            0.5243493425988988
-9.829145728643216            0.5243491856841255
-9.71356783919598             0.5243496511107564
-9.597989949748744            0.5243493117429651
-9.482412060301508            0.524349299595723
-9.366834170854272            0.5243493541638165
-9.251256281407034            0.5243492972800787
-9.135678391959798            0.5243492688740199
-9.020100502512562            0.5243494109426414
-8.904522613065327            0.5243490083791941
-8.78894472361809             0.5243488989857747
-8.673366834170855            0.5243501075256194
-8.557788944723619            0.524349238290449
-8.442211055276381            0.5243500530461495
-8.326633165829145            0.5243489182458728
-8.21105527638191             0.5243491242360078
-8.095477386934673            0.5243492185600851
-7.9798994974874375           0.524349191849384
-7.864321608040202            0.5243491547399258
-7.748743718592964            0.5243491083223956
-7.633165829145728            0.5243491809172517
-7.517587939698492            0.5243489865998097
-7.402010050251256            0.5243493433140127
-7.28643216080402             0.5243491641119902
-7.170854271356784            0.5243491069287002
-7.055276381909547            0.5243488647478382
-6.939698492462311            0.5243490818786672
-6.824120603015075            0.5243491063212187
-6.708542713567839            0.5243490195452352
-6.592964824120603            0.5243490595342734
-6.477386934673367            0.5243489934170414
-6.361809045226131            0.5243490458545453
-6.246231155778894            0.5243489613816052
-6.130653266331658            0.5243490514827388
-6.015075376884422            0.5243490578668331
-5.899497487437186            0.5243491097211721
-5.78391959798995             0.524349010780225
-5.668341708542714            0.5243490177457356
-5.5527638190954764           0.5243488961979031
-5.4371859296482405           0.5243487877288094
-5.321608040201005            0.5243489073126099
-5.206030150753769            0.5243489349759167
-5.090452261306533            0.5243489833802357
-4.974874371859297            0.5243490087428183
-4.859296482412061            0.5243491519581073
-4.743718592964823            0.5243489638298852
-4.628140703517587            0.5243490339832256
-4.5125628140703515           0.5243488993564741
-4.396984924623116            0.5243489208873272
-4.28140703517588             0.5243489375001374
-4.165829145728644            0.5243489144854949
-4.050251256281406            0.5243488712539938
-3.934673366834172            0.5243489265576063
-3.8190954773869343           0.5243489349155506
-3.7035175879396967           0.5243488883324149
-3.5879396984924625           0.5243488917639786
-3.472361809045225            0.5243488801430138
-3.3567839195979907           0.5243488980173499
-3.241206030150753            0.5243488512848797
-3.125628140703519            0.5243488505836407
-3.0100502512562812           0.5243488556290838
-2.8944723618090435           0.524348852218816
-2.7788944723618094           0.5243487503415076
-2.6633165829145717           0.5243488134285373
-2.5477386934673376           0.524348832035181
-2.4321608040201              0.5243488267552662
-2.316582914572866            0.5243488252189995
-2.201005025125628            0.5243488323030061
-2.0854271356783904           0.5243488167528686
-1.9698492462311563           0.5243487649609033
-1.8542713567839186           0.5243486751846448
-1.7386934673366845           0.5243486006885258
-1.6231155778894468           0.5243483403171284
-1.5075376884422127           0.5243478938298722
-1.391959798994975            0.5243467298716336
-1.2763819095477373           0.5243440977984867
-1.1608040201005032           0.5243381236599817
-1.0452261306532655           0.5243245601495148
-0.9296482412060314           0.5242939916578307
-0.8140703517587937           0.5242254589298655
-0.698492462311556            0.52407261138289
-0.5829145728643219           0.5237360327629101
-0.46733668341708423          0.5230044563513442
-0.3517587939698501           0.5214426666459324
-0.23618090452261245          0.5181843857021436
-0.12060301507537828          0.5115793052829625
-0.005025125628140596         0.49864593627078163
0.11055276381909708           0.47431687324792865
0.22613065326633117           0.43052820397862523
0.34170854271356893           0.35525986138854754
0.457286432160803             0.231610669127273
0.5728643216080407            0.03687504343817741
0.6884422110552748            -0.25855371804057375
0.8040201005025125            -0.6926999559073733
0.9195979899497502            -1.314170018212447
1.0351758793969843            -2.185158161435439
1.150753768844222             -3.3855284062243785
1.266331658291456             -5.018393742277779
1.3819095477386938            -7.217739249898964
1.4974874371859315            -10.158373030053395
1.6130653266331656            -14.068420490066458
1.7286432160804033            -19.24529880861093
1.8442211055276374            -26.076694170695877
1.959798994974875             -35.06813145822936
2.075376884422109             -46.87899775147753
2.190954773869347             -62.369530181402254
2.3065326633165846            -82.66210862295615
2.4221105527638187            -109.22122146086568
2.5376884422110564            -143.95780256665077
2.6532663316582905            -189.36537310331695
2.768844221105528             -250.446795692643
