-20.0                         0.48764062634105243
-19.884422110552762           0.4876414234104478
-19.768844221105528           0.4876405392600123
-19.65326633165829            0.4876396024275148
-19.537688442211056           0.4876404971316661
-19.42211055276382            0.48764047708717095
-19.306532663316585           0.4876407042890491
-19.190954773869347           0.4876397140093735
-19.07537688442211            0.4876406292092012
-18.959798994974875           0.48764039067576287
-18.844221105527637           0.4876414577510192
-18.728643216080403           0.4876404220907554
-18.613065326633166           0.48764039015679317
-18.49748743718593            0.4876403587576681
-18.381909547738694           0.48764204932356503
-18.266331658291456           0.4876401980305624
-18.150753768844222           0.48764028451449815
-18.035175879396984           0.48764001598348833
-17.91959798994975            0.48764024286857544
-17.804020100502512           0.48764050529267344
-17.688442211055275           0.4876405219071188
-17.57286432160804            0.4876400550094859
-17.457286432160803           0.4876399705976892
-17.34170854271357            0.4876402352068264
-17.22613065326633            0.48764039894643063
-17.110552763819094           0.48763992010599455
-16.99497487437186            0.48764022271364393
-16.87939698492462            0.48764013569933407
-16.763819095477388           0.48764037414652406
-16.64824120603015            0.487640099245744
-16.532663316582916           0.487639889420647
-16.417085427135678           0.48763999753637566
-16.301507537688444           0.4876396714404255
-16.185929648241206           0.4876399908348507
-16.07035175879397            0.48764013458882133
-15.954773869346734           0.48763918601516815
-15.839195979899497           0.4876398801565224
-15.72361809045226            0.4876399172125099
-15.608040201005025           0.48764014874453815
-15.492462311557789           0.4876398319713827
-15.376884422110553           0.48763958005291724
-15.261306532663315           0.48763993648781323
-15.145728643216081           0.48763981444927984
-15.030150753768844           0.487640512356451
-14.914572864321608           0.4876396169477632
-14.798994974874372           0.48763906741479146
-14.683417085427136           0.48763980303231397
-14.5678391959799             0.48763975328548775
-14.452261306532662           0.487639715153541
-14.336683417085428           0.4876396618274205
-14.22110552763819            0.48763978008119124
-14.105527638190955           0.48763962863888954
-13.989949748743719           0.4876388880825737
-13.874371859296481           0.48763949949588825
-13.758793969849247           0.48764024876904916
-13.64321608040201            0.4876395880666729
-13.527638190954773           0.48763915942546476
-13.412060301507537           0.48763959066570156
-13.296482412060302           0.4876396802687999
-13.180904522613066           0.48763963792274145
-13.065326633165828           0.4876391309282582
-12.949748743718594           0.487639620398761
-12.834170854271356           0.4876391449296887
-12.71859296482412            0.4876397471400245
-12.603015075376884           0.4876390213919113
-12.487437185929648           0.48763958502119287
-12.371859296482413           0.4876394770895777
-12.256281407035175           0.48763961530979516
-12.14070351758794            0.4876394329405188
-12.025125628140703           0.4876394884715627
-11.909547738693467           0.4876392893923476
-11.793969849246231           0.4876391535230737
-11.678391959798995           0.4876393963181422
-11.56281407035176            0.4876393618106581
-11.447236180904522           0.4876396137688947
-11.331658291457286           0.48763942382458564
-11.21608040201005            0.4876393526585293
-11.100502512562814           0.48763972979432163
-10.984924623115578           0.4876394067573017
-10.869346733668342           0.4876392764992114
-10.753768844221106           0.4876387680376608
-10.638190954773869           0.4876393533963012
-10.522613065326633           0.4876392236443929
-10.407035175879397           0.4876393566141844
-10.291457286432161           0.4876397722742124
-10.175879396984925           0.48763925625976834
-10.06030150753769            0.48763913616176313
-9.944723618090451            0.48763922815018046
-9.829145728643216            0.4876390900800768
-9.71356783919598             0.48763951619950996
-9.597989949748744            0.48763919613432516
-9.482412060301508            0.48763918618293955
-9.366834170854272            0.48763923503381956
-9.251256281407034            0.48763918245228266
-9.135678391959798            0.48763915748322423
-9.020100502512562            0.4876392911205543
-8.904522613065327            0.4876389104094185
-8.78894472361809             0.487638797396236
-8.673366834170855            0.4876399694494931
-8.557788944723619            0.487639121094839
-8.442211055276381            0.4876399158911443
-8.326633165829145            0.48763881552784377
-8.21105527638191             0.48763902339234705
-8.095477386934673            0.48763909630337027
-7.9798994974874375           0.4876390759689964
-7.864321608040202            0.48763904029388516
-7.748743718592964            0.48763899632346486
-7.633165829145728            0.4876390638824688
-7.517587939698492            0.4876388794086722
-7.402010050251256            0.48763921506146485
-7.28643216080402             0.4876390489129377
-7.170854271356784            0.4876389934668535
-7.055276381909547            0.4876387558831642
-6.939698492462311            0.48763896728958467
-6.824120603015075            0.4876389914233082
-6.708542713567839            0.4876389122281296
-6.592964824120603            0.487638943480051
-6.477386934673367            0.4876388742065699
-6.361809045226131            0.48763892981034296
-6.246231155778894            0.4876388475347474
-6.130653266331658            0.48763893701890626
-6.015075376884422            0.487638942980547
-5.899497487437186            0.4876389928061819
-5.78391959798995             0.48763889781172776
-5.668341708542714            0.4876389034514864
-5.5527638190954764           0.48763878691130647
-5.4371859296482405           0.4876386797645372
-5.321608040201005            0.48763879904729107
-5.206030150753769            0.4876388219167723
-5.090452261306533            0.4876388646831105
-4.974874371859297            0.48763889841147323
-4.859296482412061            0.48763903521959634
-4.743718592964823            0.48763884945526165
-4.628140703517587            0.4876389168906277
-4.5125628140703515           0.48763878613208994
-4.396984924623116            0.48763880703954743
-4.28140703517588             0.4876388227367613
-4.165829145728644            0.48763880017760813
-4.050251256281406            0.4876387622079252
-3.934673366834172            0.48763881092145994
-3.8190954773869343           0.487638818478096
-3.7035175879396967           0.4876387736111371
-3.5879396984924625           0.4876387760676895
-3.472361809045225            0.4876387646564143
-3.3567839195979907           0.4876387818118782
-3.241206030150753            0.4876387368989924
-3.125628140703519            0.4876387362921472
-3.0100502512562812           0.48763874130669677
-2.8944723618090435           0.4876387345592013
-2.7788944723618094           0.48763863796800044
-2.6633165829145717           0.4876386971179367
-2.5477386934673376           0.4876387168235963
-2.4321608040201              0.4876387110812268
-2.316582914572866            0.4876387081297734
-2.201005025125628            0.48763871209485027
-2.0854271356783904           0.4876386917846693
-1.9698492462311563           0.48763862952294695
-1.8542713567839186           0.48763851665083546
-1.7386934673366845           0.48763838906804513
-1.6231155778894468           0.4876380158249854
-1.5075376884422127           0.48763732631676576
-1.391959798994975            0.4876356517965925
-1.2763819095477373           0.48763193711090635
-1.1608040201005032           0.4876236941038963
-1.0452261306532655           0.48760540899545846
-0.9296482412060314           0.48756510889629195
-0.8140703517587937           0.4874767556929183
-0.698492462311556            0.48728417592498285
-0.5829145728643219           0.4868694614783095
-0.46733668341708423          0.4859879606360959
-0.3517587939698501           0.48414721662696525
-0.23618090452261245          0.4803892925323454
-0.12060301507537828          0.47292960298268877
-0.005025125628140596         0.4586113888757437
0.11055276381909708           0.43217056378274
0.22613065326633117           0.38536377386680876
0.34170854271356893           0.3060538764609118
0.457286432160803             0.17731456765263376
0.5728643216080407            -0.023493878855918113
0.6884422110552748            -0.3258488428139684
0.8040201005025125            -0.767618513187686
0.9195979899497502            -1.397256189680014
1.0351758793969843            -2.2768237024373996
1.150753768844222             -3.486080966326529
1.266331658291456             -5.128066183708374
1.3819095477386938            -7.3367120008749245
1.4974874371859315            -10.28678493262853
1.6130653266331656            -14.20637440629057
1.7286432160804033            -19.392868823780248
1.8442211055276374            -26.23393359051752
1.959798994974875             -35.23507909557991
2.075376884422109             -47.05568220608639
2.190954773869347             -62.55597272460789
2.3065326633165846            -82.85832518814877
2.4221105527638187            -109.4272240477137
2.5376884422110564            -144.17360024959416
2.6532663316582905            -189.59097276611112
2.768844221105528             -250.68214745143698
