-20.0                         0.09046768684211806
-19.884422110552762           0.09046813615554422
-19.768844221105528           0.09046763972549925
-19.65326633165829            0.09046705211516795
-19.537688442211056           0.09046761575363158
-19.42211055276382            0.09046769712756893
-19.306532663316585           0.09046765682470652
-19.190954773869347           0.09046758568992945
-19.07537688442211            0.0904675883901949
-18.959798994974875           0.09046753329160005
-18.844221105527637           0.0904678006016159
-18.728643216080403           0.09046752656488116
-18.613065326633166           0.09046739580216219
-18.49748743718593            0.09046745964121845
-18.381909547738694           0.0904680393985779
-18.266331658291456           0.09046736284453528
-18.150753768844222           0.09046743022089308
-18.035175879396984           0.09046697605825232
-17.91959798994975            0.0904673429160248
-17.804020100502512           0.09046737338710739
-17.688442211055275           0.09046743270801674
-17.57286432160804            0.09046735555730849
-17.457286432160803           0.09046715378862574
-17.34170854271357            0.09046729730128061
-17.22613065326633            0.09046740406349475
-17.110552763819094           0.09046713837793968
-16.99497487437186            0.09046720524203238
-16.87939698492462            0.09046732380224128
-16.763819095477388           0.0904672312892249
-16.64824120603015            0.09046723447253321
-16.532663316582916           0.09046711511676173
-16.417085427135678           0.09046717717155878
-16.301507537688444           0.09046715476996854
-16.185929648241206           0.09046709176781935
-16.07035175879397            0.09046713250764937
-15.954773869346734           0.09046678951541337
-15.839195979899497           0.09046702414165328
-15.72361809045226            0.0904670205902371
-15.608040201005025           0.09046688613298871
-15.492462311557789           0.09046694161370994
-15.376884422110553           0.09046680491381633
-15.261306532663315           0.09046698806121886
-15.145728643216081           0.0904669124186591
-15.030150753768844           0.09046708722136515
-14.914572864321608           0.0904667984383894
-14.798994974874372           0.09046664616644921
-14.683417085427136           0.09046686539282632
-14.5678391959799             0.09046689082502095
-14.452261306532662           0.09046686068174797
-14.336683417085428           0.09046679219148085
-14.22110552763819            0.0904666861172393
-14.105527638190955           0.090466803202038
-13.989949748743719           0.09046634011624735
-13.874371859296481           0.09046669466727879
-13.758793969849247           0.09046724153593354
-13.64321608040201            0.09046674967539348
-13.527638190954773           0.09046670289026469
-13.412060301507537           0.09046672107073574
-13.296482412060302           0.09046690711863596
-13.180904522613066           0.09046668373128847
-13.065326633165828           0.09046638312748721
-12.949748743718594           0.09046671518416136
-12.834170854271356           0.09046638229158215
-12.71859296482412            0.09046675512794623
-12.603015075376884           0.09046634731718838
-12.487437185929648           0.09046663008359056
-12.371859296482413           0.09046662296766698
-12.256281407035175           0.0904666323842227
-12.14070351758794            0.09046654083644402
-12.025125628140703           0.09046671840653744
-11.909547738693467           0.09046645661097953
-11.793969849246231           0.09046644183974147
-11.678391959798995           0.09046650422464055
-11.56281407035176            0.09046648650272046
-11.447236180904522           0.09046656610160332
-11.331658291457286           0.09046650138095882
-11.21608040201005            0.09046646661537494
-11.100502512562814           0.09046677521102009
-10.984924623115578           0.09046647082657824
-10.869346733668342           0.09046639741722638
-10.753768844221106           0.0904661391955421
-10.638190954773869           0.09046640958942469
-10.522613065326633           0.0904663887347384
-10.407035175879397           0.09046638137367448
-10.291457286432161           0.0904664570275273
-10.175879396984925           0.09046635671689449
-10.06030150753769            0.09046628814681532
-9.944723618090451            0.09046632606952543
-9.829145728643216            0.09046638618668561
-9.71356783919598             0.09046632780138927
-9.597989949748744            0.09046628710085292
-9.482412060301508            0.09046629530561845
-9.366834170854272            0.09046627138932144
-9.251256281407034            0.09046626647035597
-9.135678391959798            0.09046626514441775
-9.020100502512562            0.09046626614474326
-8.904522613065327            0.09046622806125228
-8.78894472361809             0.09046609017820713
-8.673366834170855            0.09046666680413087
-8.557788944723619            0.09046617993877487
-8.442211055276381            0.09046662853914389
-8.326633165829145            0.09046608651033035
-8.21105527638191             0.09046624211112665
-8.095477386934673            0.09046613914558661
-7.9798994974874375           0.0904661508795305
-7.864321608040202            0.0904661371042421
-7.748743718592964            0.09046612229472888
-7.633165829145728            0.09046612495485784
-7.517587939698492            0.0904660941911947
-7.402010050251256            0.09046611716706572
-7.28643216080402             0.09046611822662953
-7.170854271356784            0.09046609407399794
-7.055276381909547            0.09046597478576364
-6.939698492462311            0.09046606323920174
-6.824120603015075            0.09046606806213983
-6.708542713567839            0.09046609242305859
-6.592964824120603            0.09046602306402121
-6.477386934673367            0.09046594732499878
-6.361809045226131            0.09046601659770827
-6.246231155778894            0.09046595712805895
-6.130653266331658            0.09046601517067762
-6.015075376884422            0.09046601099159222
-5.899497487437186            0.09046601585906744
-5.78391959798995             0.09046599521647922
-5.668341708542714            0.090465992043933
-5.5527638190954764           0.09046595921609973
-5.4371859296482405           0.09046587454840833
-5.321608040201005            0.09046596266685712
-5.206030150753769            0.09046594173476183
-5.090452261306533            0.09046592820872647
-4.974874371859297            0.0904659897415124
-4.859296482412061            0.09046603909123468
-4.743718592964823            0.09046592364356955
-4.628140703517587            0.09046595462015533
-4.5125628140703515           0.09046588957158662
-4.396984924623116            0.09046587961294066
-4.28140703517588             0.09046587134002318
-4.165829145728644            0.09046584449638922
-4.050251256281406            0.0904658370195693
-3.934673366834172            0.09046577634667512
-3.8190954773869343           0.0904657165463373
-3.7035175879396967           0.09046561189651353
-3.5879396984924625           0.09046547336961058
-3.472361809045225            0.09046525912207604
-3.3567839195979907           0.09046494845194891
-3.241206030150753            0.09046445330349487
-3.125628140703519            0.09046369948660364
-3.0100502512562812           0.09046255863935028
-2.8944723618090435           0.09046077312440183
-2.7788944723618094           0.09045804731443445
-2.6633165829145717           0.09045392360790871
-2.5477386934673376           0.09044758932143235
-2.4321608040201              0.09043781924484721
-2.316582914572866            0.09042281646506757
-2.201005025125628            0.09039977977950393
-2.0854271356783904           0.09036440207770827
-1.9698492462311563           0.09031007207761697
-1.8542713567839186           0.09022668158385364
-1.7386934673366845           0.09009875614847028
-1.6231155778894468           0.08990248729009515
-1.5075376884422127           0.08960169760210829
-1.391959798994975            0.08914093942683539
-1.2763819095477373           0.08843595365703828
-1.1608040201005032           0.08735888913722249
-1.0452261306532655           0.08571647945302001
-0.9296482412060314           0.08321825296574314
-0.8140703517587937           0.07943039000472726
-0.698492462311556            0.07371018700300727
-0.5829145728643219           0.06511527058280375
-0.46733668341708423          0.05227897458936495
-0.3517587939698501           0.03324557725242556
-0.23618090452261245          0.005256081331826253
-0.12060301507537828          -0.03552363368919385
-0.005025125628140596         -0.09434263913799625
0.11055276381909708           -0.17828644450722297
0.22613065326633117           -0.29680208721439905
0.34170854271356893           -0.4623591152876518
0.457286432160803             -0.6912951909876349
0.5728643216080407            -1.0049110111118813
0.6884422110552748            -1.4308985493922097
0.8040201005025125            -2.005206353455434
0.9195979899497502            -2.7744689784364036
1.0351758793969843            -3.7991716359033867
1.150753768844222             -5.157815474396043
1.266331658291456             -6.952514314237155
1.3819095477386938            -9.316525897952168
1.4974874371859315            -12.424050329010196
1.6130653266331656            -16.502666047991976
1.7286432160804033            -21.8493412450095
1.8442211055276374            -28.851430291333816
1.959798994974875             -38.01422165853277
2.075376884422109             -49.996932863532834
2.190954773869347             -65.65967767102015
2.3065326633165846            -86.12474512395438
2.4221105527638187            -112.85655610857941
2.5376884422110564            -147.7659939773264
2.6532663316582905            -193.34654187054875
2.768844221105528             -254.6000620243013
