-20.0                         0.3475305074250525
-19.884422110552762           0.3475312191113648
-19.768844221105528           0.3475304351974509
-19.65326633165829            0.3475295726225077
-19.537688442211056           0.3475303917918465
-19.42211055276382            0.34753041985513666
-19.306532663316585           0.3475305722888527
-19.190954773869347           0.34752984048182656
-19.07537688442211            0.3475304824845329
-18.959798994974875           0.3475302949739884
-18.844221105527637           0.34753118087699647
-18.728643216080403           0.3475303440289632
-18.613065326633166           0.3475302433367472
-18.49748743718593            0.34753025780630564
-18.381909547738694           0.34753166551771275
-18.266331658291456           0.3475301082779546
-18.150753768844222           0.3475301957024636
-18.035175879396984           0.3475298173029923
-17.91959798994975            0.347530139256504
-17.804020100502512           0.347530328759009
-17.688442211055275           0.34753040210840025
-17.57286432160804            0.3475300257258751
-17.457286432160803           0.347529882462838
-17.34170854271357            0.34753013947636746
-17.22613065326633            0.3475303179270313
-17.110552763819094           0.34752983697968676
-16.99497487437186            0.34753006728388924
-16.87939698492462            0.3475301061458161
-16.763819095477388           0.3475301938382968
-16.64824120603015            0.34753003510054203
-16.532663316582916           0.34752979707873927
-16.417085427135678           0.3475299161010562
-16.301507537688444           0.3475296973116564
-16.185929648241206           0.3475298924715528
-16.07035175879397            0.3475299958292556
-15.954773869346734           0.34752921281457194
-15.839195979899497           0.34752978547780483
-15.72361809045226            0.3475298072725123
-15.608040201005025           0.34752988873558865
-15.492462311557789           0.3475297255341813
-15.376884422110553           0.3475294609170916
-15.261306532663315           0.34752982202713406
-15.145728643216081           0.347529701322683
-15.030150753768844           0.34753027851196694
-14.914572864321608           0.34752952913594815
-14.798994974874372           0.3475290715944291
-14.683417085427136           0.34752968243611443
-14.5678391959799             0.347529657060936
-14.452261306532662           0.3475296206120867
-14.336683417085428           0.34752956253916967
-14.22110552763819            0.34752957195329265
-14.105527638190955           0.34752954231432576
-13.989949748743719           0.34752886551899564
-13.874371859296481           0.3475294168711333
-13.758793969849247           0.34753015137550564
-13.64321608040201            0.34752950189233445
-13.527638190954773           0.3475291798255289
-13.412060301507537           0.3475294922462606
-13.296482412060302           0.34752965076352793
-13.180904522613066           0.3475295067274512
-13.065326633165828           0.34752903673431257
-12.949748743718594           0.3475295226848908
-12.834170854271356           0.3475290671170121
-12.71859296482412            0.34752962491708767
-12.603015075376884           0.34752895115700433
-12.487437185929648           0.3475294670781495
-12.371859296482413           0.3475294015909946
-12.256281407035175           0.3475294842442816
-12.14070351758794            0.3475293276351173
-12.025125628140703           0.3475294522976887
-11.909547738693467           0.34752919887732436
-11.793969849246231           0.34752908047979114
-11.678391959798995           0.34752928902452634
-11.56281407035176            0.3475292605033878
-11.447236180904522           0.3475294657768
-11.331658291457286           0.3475293154302737
-11.21608040201005            0.34752925133118373
-11.100502512562814           0.3475296341067152
-10.984924623115578           0.34752929519295744
-10.869346733668342           0.34752917462815364
-10.753768844221106           0.3475287289545961
-10.638190954773869           0.3475292302234957
-10.522613065326633           0.34752913566173127
-10.407035175879397           0.3475292248261698
-10.291457286432161           0.34752954330983354
-10.175879396984925           0.3475291522927491
-10.06030150753769            0.34752904236053905
-9.944723618090451            0.3475291197496825
-9.829145728643216            0.3475290536711723
-9.71356783919598             0.34752932201176134
-9.597989949748744            0.34752908367457175
-9.482412060301508            0.3475290818157578
-9.366834170854272            0.34752910699483086
-9.251256281407034            0.34752907138983924
-9.135678391959798            0.34752905843434284
-9.020100502512562            0.34752915410945645
-8.904522613065327            0.34752886831008434
-8.78894472361809             0.3475287409514694
-8.673366834170855            0.3475297612801806
-8.557788944723619            0.3475290009927883
-8.442211055276381            0.34752971156411777
-8.326633165829145            0.3475287541871963
-8.21105527638191             0.34752896508455217
-8.095477386934673            0.34752896023113367
-7.9798994974874375           0.34752896071666733
-7.864321608040202            0.3475289314023898
-7.748743718592964            0.34752889670664344
-7.633165829145728            0.34752894453678157
-7.517587939698492            0.3475288027186151
-7.402010050251256            0.34752904840876425
-7.28643216080402             0.3475289354775748
-7.170854271356784            0.34752888784357605
-7.055276381909547            0.3475286728094728
-6.939698492462311            0.34752885804620054
-6.824120603015075            0.34752887944725497
-6.708542713567839            0.3475288308876857
-6.592964824120603            0.3475288283592752
-6.477386934673367            0.34752874923978383
-6.361809045226131            0.3475288155120687
-6.246231155778894            0.34752874109236653
-6.130653266331658            0.3475288261527553
-6.015075376884422            0.3475288294382228
-5.899497487437186            0.3475288692394516
-5.78391959798995             0.3475287932564174
-5.668341708542714            0.34752879439756995
-5.5527638190954764           0.3475287001303421
-5.4371859296482405           0.34752859714827256
-5.321608040201005            0.3475287144720906
-5.206030150753769            0.34752871983733846
-5.090452261306533            0.34752874086939073
-4.974874371859297            0.34752880140879394
-4.859296482412061            0.34752891268176095
-4.743718592964823            0.3475287389121086
-4.628140703517587            0.3475287962520242
-4.5125628140703515           0.34752868300119866
-4.396984924623116            0.3475286991797489
-4.28140703517588             0.3475287110297912
-4.165829145728644            0.34752869105564566
-4.050251256281406            0.3475286731765783
-3.934673366834172            0.34752869625068217
-3.8190954773869343           0.347528700663362
-3.7035175879396967           0.34752866296869594
-3.5879396984924625           0.34752866204996646
-3.472361809045225            0.34752865132647703
-3.3567839195979907           0.34752866506336494
-3.241206030150753            0.34752862900987225
-3.125628140703519            0.3475286270377098
-3.0100502512562812           0.34752863126660616
-2.8944723618090435           0.34752861223283377
-2.7788944723618094           0.34752853486598756
-2.6633165829145717           0.34752857666579756
-2.5477386934673376           0.3475285949649466
-2.4321608040201              0.347528578013141
-2.316582914572866            0.3475285511365547
-2.201005025125628            0.34752850603026714
-2.0854271356783904           0.3475283950931709
-1.9698492462311563           0.34752815112611074
-1.8542713567839186           0.3475276726934942
-1.7386934673366845           0.3475268001968159
-1.6231155778894468           0.3475249459797288
-1.5075376884422127           0.34752130646866614
-1.391959798994975            0.34751381707557305
-1.2763819095477373           0.34749864138978004
-1.1608040201005032           0.34746798088466646
-1.0452261306532655           0.347406161316497
-0.9296482412060314           0.34728209740461446
-0.8140703517587937           0.34703444200843403
-0.698492462311556            0.3465434471958012
-0.5829145728643219           0.34558006988447987
-0.46733668341708423          0.3437134544313669
-0.3517587939698501           0.3401553452431426
-0.23618090452261245          0.3335096098364788
-0.12060301507537828          0.3213986219492847
-0.005025125628140596         0.2999516874323643
0.11055276381909708           0.26316857001609184
0.22613065326633117           0.20219718441009066
0.34170854271356893           0.1045645475961219
0.457286432160803             -0.04664605547522648
0.5728643216080407            -0.2737514085780736
0.6884422110552748            -0.6057017911563632
0.8040201005025125            -1.0797614319209665
0.9195979899497502            -1.7438019776773352
1.0351758793969843            -2.6593833655568058
1.150753768844222             -3.905869644476514
1.266331658291456             -5.58601290535471
1.3819095477386938            -7.833542834957281
1.4974874371859315            -10.823062276949509
1.6130653266331656            -14.782517285896093
1.7286432160804033            -20.009180648894716
1.8442211055276374            -26.89063367159049
1.959798994974875             -35.93232768944793
2.075376884422109             -47.79359772160184
2.190954773869347             -63.334643411584956
2.3065326633165846            -83.67781725441888
2.4221105527638187            -110.28758741508992
2.5376884422110564            -145.07487270466865
2.6532663316582905            -190.53318299332614
2.768844221105528             -251.66508714992943
