-20.0                         1.16572574357149
-19.884422110552762           1.1657269550002267
-19.768844221105528           1.1657255893750753
-19.65326633165829            1.1657245359050428
-19.537688442211056           1.165725758740435
-19.42211055276382            1.1657254120210292
-19.306532663316585           1.165725693356694
-19.190954773869347           1.165724013557631
-19.07537688442211            1.165725920118046
-18.959798994974875           1.165725539130186
-18.844221105527637           1.165726827263866
-18.728643216080403           1.1657252453989888
-18.613065326633166           1.1657257911290853
-18.49748743718593            1.1657253977815059
-18.381909547738694           1.1657280295616594
-18.266331658291456           1.1657252991508837
-18.150753768844222           1.1657253696981575
-18.035175879396984           1.1657258257258023
-17.91959798994975            1.1657253029901387
-17.804020100502512           1.165725895542857
-17.688442211055275           1.1657253660150326
-17.57286432160804            1.165725007502031
-17.457286432160803           1.1657250804384407
-17.34170854271357            1.165725143850696
-17.22613065326633            1.1657251025317763
-17.110552763819094           1.1657250486622581
-16.99497487437186            1.1657255633822778
-16.87939698492462            1.1657247390681111
-16.763819095477388           1.1657258439081657
-16.64824120603015            1.1657249363385613
-16.532663316582916           1.1657252980384911
-16.417085427135678           1.1657250562152048
-16.301507537688444           1.1657243742941952
-16.185929648241206           1.165725073180721
-16.07035175879397            1.165725398192241
-15.954773869346734           1.1657238419149563
-15.839195979899497           1.165724996824272
-15.72361809045226            1.1657251786205243
-15.608040201005025           1.16572609041321
-15.492462311557789           1.1657250083451938
-15.376884422110553           1.1657251322662323
-15.261306532663315           1.1657250804869737
-15.145728643216081           1.1657250338747744
-15.030150753768844           1.165725898336419
-14.914572864321608           1.1657247222900187
-14.798994974874372           1.1657239463448803
-14.683417085427136           1.1657250347444388
-14.5678391959799             1.1657249752790704
-14.452261306532662           1.1657249351027925
-14.336683417085428           1.1657248051895446
-14.22110552763819            1.1657255473829506
-14.105527638190955           1.1657247581746268
-13.989949748743719           1.1657237663089495
-13.874371859296481           1.1657245789398991
-13.758793969849247           1.1657252409352832
-13.64321608040201            1.1657246914682269
-13.527638190954773           1.1657238806145462
-13.412060301507537           1.165724757105927
-13.296482412060302           1.1657243913009128
-13.180904522613066           1.1657249458641623
-13.065326633165828           1.1657244074479673
-12.949748743718594           1.1657247053367394
-12.834170854271356           1.1657242311507208
-12.71859296482412            1.1657249303439752
-12.603015075376884           1.1657241881884344
-12.487437185929648           1.1657247504721306
-12.371859296482413           1.1657244557816595
-12.256281407035175           1.1657248399749647
-12.14070351758794            1.1657246062299094
-12.025125628140703           1.1657242604989335
-11.909547738693467           1.1657244009124574
-11.793969849246231           1.1657243905480184
-11.678391959798995           1.165724599028924
-11.56281407035176            1.1657245151130968
-11.447236180904522           1.1657249527540552
-11.331658291457286           1.1657245763995223
-11.21608040201005            1.1657244983098491
-11.100502512562814           1.1657247635714394
-10.984924623115578           1.1657245674348367
-10.869346733668342           1.1657244351320664
-10.753768844221106           1.1657236913671225
-10.638190954773869           1.16572461990979
-10.522613065326633           1.1657243272364033
-10.407035175879397           1.1657245762475805
-10.291457286432161           1.1657254198764282
-10.175879396984925           1.1657243969939246
-10.06030150753769            1.1657242575295788
-9.944723618090451            1.1657244343573303
-9.829145728643216            1.1657239550072531
-9.71356783919598             1.1657249645292964
-9.597989949748744            1.1657244144285082
-9.482412060301508            1.1657243658840437
-9.366834170854272            1.1657244858608204
-9.251256281407034            1.165724373058785
-9.135678391959798            1.1657242873760763
-9.020100502512562            1.1657244675266751
-8.904522613065327            1.165723843401574
-8.78894472361809             1.1657237753171807
-8.673366834170855            1.1657255146796175
-8.557788944723619            1.1657243517469977
-8.442211055276381            1.1657254468609954
-8.326633165829145            1.165723809284302
-8.21105527638191             1.1657239628112952
-8.095477386934673            1.1657244337350268
-7.9798994974874375           1.1657242678192086
-7.864321608040202            1.1657242260803211
-7.748743718592964            1.1657241363052169
-7.633165829145728            1.1657242903972351
-7.517587939698492            1.1657240002059013
-7.402010050251256            1.1657245761647013
-7.28643216080402             1.1657242315348268
-7.170854271356784            1.165724159002625
-7.055276381909547            1.1657238849512286
-6.939698492462311            1.1657241607030058
-6.824120603015075            1.1657241729614474
-6.708542713567839            1.1657239707874856
-6.592964824120603            1.1657241592270529
-6.477386934673367            1.1657241709845148
-6.361809045226131            1.1657241537959484
-6.246231155778894            1.1657240236318398
-6.130653266331658            1.1657241026009255
-6.015075376884422            1.1657240951629106
-5.899497487437186            1.165724156018562
-5.78391959798995             1.165724047891589
-5.668341708542714            1.1657240811785865
-5.5527638190954764           1.1657239182277686
-5.4371859296482405           1.1657237591080034
-5.321608040201005            1.1657238960825207
-5.206030150753769            1.1657240129130781
-5.090452261306533            1.1657241338898194
-4.974874371859297            1.1657239785703795
-4.859296482412061            1.165724219413618
-4.743718592964823            1.1657240133985183
-4.628140703517587            1.165724137338912
-4.5125628140703515           1.1657239736649423
-4.396984924623116            1.1657239724984185
-4.28140703517588             1.1657239984187657
-4.165829145728644            1.1657239808664783
-4.050251256281406            1.1657238481867485
-3.934673366834172            1.1657240049051727
-3.8190954773869343           1.1657240275840168
-3.7035175879396967           1.1657239570552893
-3.5879396984924625           1.1657239805967539
-3.472361809045225            1.1657239650576567
-3.3567839195979907           1.1657239809857103
-3.241206030150753            1.165723939482322
-3.125628140703519            1.1657239135605872
-3.0100502512562812           1.165723915122764
-2.8944723618090435           1.1657239805186608
-2.7788944723618094           1.1657237859446703
-2.6633165829145717           1.165723918232394
-2.5477386934673376           1.1657239039843734
-2.4321608040201              1.1657238961936056
-2.316582914572866            1.1657239033340199
-2.201005025125628            1.165723916311656
-2.0854271356783904           1.1657239023646304
-1.9698492462311563           1.1657238610884957
-1.8542713567839186           1.1657237967565028
-1.7386934673366845           1.1657238249652453
-1.6231155778894468           1.1657237739151403
-1.5075376884422127           1.1657238590202126
-1.391959798994975            1.1657238181729792
-1.2763819095477373           1.165723827635266
-1.1608040201005032           1.1657237975548642
-1.0452261306532655           1.1657236467125431
-0.9296482412060314           1.1657231896150062
-0.8140703517587937           1.165721945496236
-0.698492462311556            1.165717574641187
-0.5829145728643219           1.1657046561075315
-0.46733668341708423          1.1656657929418668
-0.3517587939698501           1.1655512059590243
-0.23618090452261245          1.1652219518700844
-0.12060301507537828          1.1643072456026373
-0.005025125628140596         1.161874938382903
0.11055276381909708           1.1557526159352551
0.22613065326633117           1.1413306734161872
0.34170854271356893           1.1098386752960965
0.457286432160803             1.04642556085663
0.5728643216080407            0.9285870525796467
0.6884422110552748            0.7251779842894269
0.8040201005025125            0.3956019564570753
0.9195979899497502            -0.1115558329911839
1.0351758793969843            -0.8609996127154903
1.150753768844222             -1.9345669061623865
1.266331658291456             -3.436768508460983
1.3819095477386938            -5.502537916755125
1.4974874371859315            -8.307399474846356
1.6130653266331656            -12.080075680006733
1.7286432160804033            -17.11844971056827
1.8442211055276374            -23.81053690873858
1.959798994974875             -32.662087077846
2.075376884422109             -44.33264315040978
2.190954773869347             -59.682552629345174
2.3065326633165846            -79.83427497268838
2.4221105527638187            -106.25235675567146
2.5376884422110564            -140.84777486166442
2.6532663316582905            -186.11408251556585
2.768844221105528             -247.05496152178873
