-20.0                         1.343805290491889
-19.884422110552762           1.3438066281951173
-19.768844221105528           1.3438051262581385
-19.65326633165829            1.3438040849427875
-19.537688442211056           1.34380540496191
-19.42211055276382            1.3438049493407696
-19.306532663316585           1.3438051787212606
-19.190954773869347           1.3438034303451378
-19.07537688442211            1.3438055288043549
-18.959798994974875           1.343805130055327
-18.844221105527637           1.3438063575303234
-18.728643216080403           1.343804726422844
-18.613065326633166           1.343805451043248
-18.49748743718593            1.3438049370783123
-18.381909547738694           1.3438077407036764
-18.266331658291456           1.343804876962136
-18.150753768844222           1.3438049419196285
-18.035175879396984           1.3438056183630882
-17.91959798994975            1.3438048465970553
-17.804020100502512           1.3438055164924458
-17.688442211055275           1.3438048111795176
-17.57286432160804            1.3438046051186248
-17.457286432160803           1.3438046613021462
-17.34170854271357            1.3438046410945332
-17.22613065326633            1.3438045308823228
-17.110552763819094           1.3438046422683492
-16.99497487437186            1.3438051626942764
-16.87939698492462            1.3438041747451654
-16.763819095477388           1.3438055017065238
-16.64824120603015            1.3438044453669167
-16.532663316582916           1.3438050119157223
-16.417085427135678           1.343804621421789
-16.301507537688444           1.3438039005384959
-16.185929648241206           1.3438046481674937
-16.07035175879397            1.343804995381149
-15.954773869346734           1.3438033179022848
-15.839195979899497           1.3438045767865234
-15.72361809045226            1.3438048169527153
-15.608040201005025           1.3438058636116368
-15.492462311557789           1.3438046037377178
-15.376884422110553           1.3438048750388716
-15.261306532663315           1.3438046607128549
-15.145728643216081           1.34380463827722
-15.030150753768844           1.3438054702003865
-14.914572864321608           1.3438043015476473
-14.798994974874372           1.3438035029143236
-14.683417085427136           1.3438046430375774
-14.5678391959799             1.3438046054629955
-14.452261306532662           1.3438045678560921
-14.336683417085428           1.3438043938537434
-14.22110552763819            1.3438052957570432
-14.105527638190955           1.3438043534070645
-13.989949748743719           1.3438032979723358
-13.874371859296481           1.343804151297613
-13.758793969849247           1.3438047730829052
-13.64321608040201            1.3438042769104999
-13.527638190954773           1.3438033869075436
-13.412060301507537           1.343804357353872
-13.296482412060302           1.3438038622141715
-13.180904522613066           1.3438045714684
-13.065326633165828           1.3438040552651482
-12.949748743718594           1.3438042716922771
-12.834170854271356           1.3438038094313713
-12.71859296482412            1.3438045182388219
-12.603015075376884           1.343803808034907
-12.487437185929648           1.34380433244312
-12.371859296482413           1.3438040089265406
-12.256281407035175           1.3438044270950527
-12.14070351758794            1.343804202972441
-12.025125628140703           1.3438037500902635
-11.909547738693467           1.3438039808430071
-11.793969849246231           1.3438040448312358
-11.678391959798995           1.3438042044720095
-11.56281407035176            1.3438041049080758
-11.447236180904522           1.3438045858372307
-11.331658291457286           1.3438041614717577
-11.21608040201005            1.3438040876516613
-11.100502512562814           1.343804312069032
-10.984924623115578           1.3438041535630587
-10.869346733668342           1.343804027268066
-10.753768844221106           1.3438032301919995
-10.638190954773869           1.3438042363992415
-10.522613065326633           1.3438039071703076
-10.407035175879397           1.3438041582335218
-10.291457286432161           1.3438051132491353
-10.175879396984925           1.3438039818849554
-10.06030150753769            1.3438038392275027
-9.944723618090451            1.3438040455522589
-9.829145728643216            1.3438034791532323
-9.71356783919598             1.3438045937030687
-9.597989949748744            1.3438040213259297
-9.482412060301508            1.3438039654018334
-9.366834170854272            1.3438040931328437
-9.251256281407034            1.3438039725939412
-9.135678391959798            1.3438038768431984
-9.020100502512562            1.3438040322434517
-8.904522613065327            1.3438033889553338
-8.78894472361809             1.3438033245540624
-8.673366834170855            1.3438051906266821
-8.557788944723619            1.3438039598260663
-8.442211055276381            1.343805119629881
-8.326633165829145            1.3438033616369447
-8.21105527638191             1.3438035008183458
-8.095477386934673            1.343804064754791
-7.9798994974874375           1.3438038585303118
-7.864321608040202            1.343803822820844
-7.748743718592964            1.343803721620103
-7.633165829145728            1.3438038953879776
-7.517587939698492            1.343803601366018
-7.402010050251256            1.3438041941920758
-7.28643216080402             1.343803824242582
-7.170854271356784            1.3438037509873555
-7.055276381909547            1.3438034787725304
-6.939698492462311            1.343803760919369
-6.824120603015075            1.3438037664072988
-6.708542713567839            1.3438035360550478
-6.592964824120603            1.3438037648430208
-6.477386934673367            1.3438038033120705
-6.361809045226131            1.3438037631825592
-6.246231155778894            1.3438036188640763
-6.130653266331658            1.3438036901397794
-6.015075376884422            1.3438036727708207
-5.899497487437186            1.3438037298922294
-5.78391959798995             1.343803635319904
-5.668341708542714            1.3438036753277265
-5.5527638190954764           1.3438035142816684
-5.4371859296482405           1.343803331449796
-5.321608040201005            1.3438034803551255
-5.206030150753769            1.3438036215386284
-5.090452261306533            1.3438037503902769
-4.974874371859297            1.343803543889915
-4.859296482412061            1.3438038074849001
-4.743718592964823            1.3438036012531283
-4.628140703517587            1.3438037409339336
-4.5125628140703515           1.3438035795337526
-4.396984924623116            1.3438035643560144
-4.28140703517588             1.34380359027431
-4.165829145728644            1.3438035775806811
-4.050251256281406            1.3438034210408274
-3.934673366834172            1.3438036010141547
-3.8190954773869343           1.3438036278174357
-3.7035175879396967           1.3438035519080263
-3.5879396984924625           1.343803581161912
-3.472361809045225            1.3438035650287272
-3.3567839195979907           1.3438035751290573
-3.241206030150753            1.343803546580685
-3.125628140703519            1.3438035078121946
-3.0100502512562812           1.3438035078369337
-2.8944723618090435           1.3438035942763358
-2.7788944723618094           1.343803373834259
-2.6633165829145717           1.3438035260551673
-2.5477386934673376           1.3438035000373707
-2.4321608040201              1.3438034904328644
-2.316582914572866            1.3438035003733508
-2.201005025125628            1.3438035107063697
-2.0854271356783904           1.3438034963915952
-1.9698492462311563           1.3438034556888494
-1.8542713567839186           1.3438033888268919
-1.7386934673366845           1.34380342000108
-1.6231155778894468           1.343803363061787
-1.5075376884422127           1.343803455585451
-1.391959798994975            1.3438034108010075
-1.2763819095477373           1.3438034358181645
-1.1608040201005032           1.3438034389972247
-1.0452261306532655           1.3438033860991008
-0.9296482412060314           1.343803210460772
-0.8140703517587937           1.3438028428454039
-0.698492462311556            1.3438009923857497
-0.5829145728643219           1.3437953655774515
-0.46733668341708423          1.3437770717101378
-0.3517587939698501           1.3437188244157259
-0.23618090452261245          1.3435381170522709
-0.12060301507537828          1.3429962217802491
-0.005025125628140596         1.3414424066943011
0.11055276381909708           1.3372328341521935
0.22613065326633117           1.326596813601074
0.34170854271356893           1.301826793680605
0.457286432160803             1.2490552798688934
0.5728643216080407            1.1463003405133532
0.6884422110552748            0.9623000373073278
0.8040201005025125            0.6558432399426227
0.9195979899497502            0.17469927840567
1.0351758793969843            -0.5466112052306092
1.150753768844222             -1.5905427602807047
1.266331658291456             -3.062039514599778
1.3819095477386938            -5.096320603311881
1.4974874371859315            -7.869116056618938
1.6130653266331656            -11.60931344138855
1.7286432160804033            -16.614921520325257
1.8442211055276374            -23.274042276119978
1.959798994974875             -32.09248340357473
2.075376884422109             -43.72982720480487
2.190954773869347             -59.046448656496835
2.3065326633165846            -79.16482680136586
2.4221105527638187            -105.54952240840666
2.5376884422110564            -140.11152278060533
2.6532663316582905            -185.34438886872448
2.768844221105528             -246.25199669766812
