-20.0                         0.9023812765110979
-19.884422110552762           0.9023823158714963
-19.768844221105528           0.9023811446160719
-19.65326633165829            0.9023800994481378
-19.537688442211056           0.902381189968422
-19.42211055276382            0.902380987696065
-19.306532663316585           0.9023813029867227
-19.190954773869347           0.9023797977308692
-19.07537688442211            0.9023813741614841
-18.959798994974875           0.902381031467309
-18.844221105527637           0.9023823341312689
-18.728643216080403           0.9023808935217383
-18.613065326633166           0.9023811841921424
-18.49748743718593            0.9023809543961757
-18.381909547738694           0.9023832813569935
-18.266331658291456           0.9023808120749411
-18.150753768844222           0.9023808897143795
-18.035175879396984           0.9023810382259124
-17.91959798994975            0.9023808513568445
-17.804020100502512           0.9023813204223557
-17.688442211055275           0.902381037023592
-17.57286432160804            0.902380538307518
-17.457286432160803           0.9023805884163645
-17.34170854271357            0.9023807618341452
-17.22613065326633            0.9023808145614576
-17.110552763819094           0.9023805429752202
-16.99497487437186            0.9023810085219313
-16.87939698492462            0.9023804633541259
-16.763819095477388           0.9023812255547724
-16.64824120603015            0.9023805606810514
-16.532663316582916           0.9023806432785298
-16.417085427135678           0.9023805861288069
-16.301507537688444           0.9023800042869048
-16.185929648241206           0.90238059702534
-16.07035175879397            0.9023808641102985
-15.954773869346734           0.9023795134956897
-15.839195979899497           0.902380505091197
-15.72361809045226            0.9023806154146107
-15.608040201005025           0.9023812881274926
-15.492462311557789           0.9023804931359141
-15.376884422110553           0.9023804273045282
-15.261306532663315           0.9023805861895395
-15.145728643216081           0.9023805021260793
-15.030150753768844           0.9023813662866036
-14.914572864321608           0.9023802323899078
-14.798994974874372           0.902379513459951
-14.683417085427136           0.9023804999941092
-14.5678391959799             0.9023804234939492
-14.452261306532662           0.902380382341459
-14.336683417085428           0.9023803018818076
-14.22110552763819            0.9023807976690223
-14.105527638190955           0.9023802517640241
-13.989949748743719           0.9023793538373234
-13.874371859296481           0.9023800991877605
-13.758793969849247           0.9023808120198795
-13.64321608040201            0.9023801982559004
-13.527638190954773           0.9023795174408752
-13.412060301507537           0.9023802399362331
-13.296482412060302           0.902380062735493
-13.180904522613066           0.9023803806342955
-13.065326633165828           0.9023798312739284
-12.949748743718594           0.9023802309359327
-12.834170854271356           0.9023797450840144
-12.71859296482412            0.9023804209932121
-12.603015075376884           0.902379653874793
-12.487437185929648           0.9023802490712135
-12.371859296482413           0.9023800157554593
-12.256281407035175           0.9023803210437402
-12.14070351758794            0.9023800908622335
-12.025125628140703           0.9023799052896769
-11.909547738693467           0.9023799094609263
-11.793969849246231           0.9023798164833056
-11.678391959798995           0.9023800700662977
-11.56281407035176            0.9023800086433639
-11.447236180904522           0.9023803789499488
-11.331658291457286           0.9023800742829088
-11.21608040201005            0.902379994659005
-11.100502512562814           0.902380313147032
-10.984924623115578           0.9023800631178853
-10.869346733668342           0.9023799256837092
-10.753768844221106           0.9023792655849316
-10.638190954773869           0.9023800696144584
-10.522613065326633           0.9023798374303971
-10.407035175879397           0.9023800619022301
-10.291457286432161           0.9023807413890522
-10.175879396984925           0.902379897911896
-10.06030150753769            0.9023797629879634
-9.944723618090451            0.9023799020488084
-9.829145728643216            0.9023795534352602
-9.71356783919598             0.9023803720441564
-9.597989949748744            0.9023798813761568
-9.482412060301508            0.9023798466354768
-9.366834170854272            0.9023799474167681
-9.251256281407034            0.9023798524984444
-9.135678391959798            0.9023797877285876
-9.020100502512562            0.9023799772970285
-8.904522613065327            0.9023794115020706
-8.78894472361809             0.9023793318672942
-8.673366834170855            0.9023808709620212
-8.557788944723619            0.9023798168802757
-8.442211055276381            0.902380808167799
-8.326633165829145            0.9023793606245358
-8.21105527638191             0.9023795370550903
-8.095477386934673            0.9023798579534552
-7.9798994974874375           0.9023797526157165
-7.864321608040202            0.9023797077620631
-7.748743718592964            0.9023796356800631
-7.633165829145728            0.9023797579503877
-7.517587939698492            0.9023794907457878
-7.402010050251256            0.9023800087733462
-7.28643216080402             0.9023797177008347
-7.170854271356784            0.9023796485572214
-7.055276381909547            0.9023793789592283
-6.939698492462311            0.9023796381617295
-6.824120603015075            0.9023796585508697
-6.708542713567839            0.9023795006890584
-6.592964824120603            0.9023796289076402
-6.477386934673367            0.9023796045561339
-6.361809045226131            0.9023796186545551
-6.246231155778894            0.9023795086012292
-6.130653266331658            0.9023795960613192
-6.015075376884422            0.9023795990044937
-5.899497487437186            0.9023796611329695
-5.78391959798995             0.9023795443515301
-5.668341708542714            0.9023795667268069
-5.5527638190954764           0.902379411008655
-5.4371859296482405           0.9023792793984534
-5.321608040201005            0.9023794049673718
-5.206030150753769            0.9023794847396895
-5.090452261306533            0.9023795834914218
-4.974874371859297            0.9023795059310585
-4.859296482412061            0.9023797097681207
-4.743718592964823            0.9023795073077572
-4.628140703517587            0.9023796080294119
-4.5125628140703515           0.9023794483413553
-4.396984924623116            0.9023794630660354
-4.28140703517588             0.9023794868122141
-4.165829145728644            0.9023794642561441
-4.050251256281406            0.9023793676688477
-3.934673366834172            0.9023794861319173
-3.8190954773869343           0.9023795027857352
-3.7035175879396967           0.9023794410360223
-3.5879396984924625           0.9023794559418636
-3.472361809045225            0.9023794418684639
-3.3567839195979907           0.9023794621676899
-3.241206030150753            0.902379410148378
-3.125628140703519            0.9023793993258654
-3.0100502512562812           0.9023794029474066
-2.8944723618090435           0.9023794382544053
-2.7788944723618094           0.9023792818114048
-2.6633165829145717           0.9023793852026123
-2.5477386934673376           0.9023793864750017
-2.4321608040201              0.9023793805835599
-2.316582914572866            0.9023793842388513
-2.201005025125628            0.9023793985105825
-2.0854271356783904           0.9023793862974443
-1.9698492462311563           0.9023793461409524
-1.8542713567839186           0.9023792864718818
-1.7386934673366845           0.9023793099878263
-1.6231155778894468           0.9023792614539173
-1.5075376884422127           0.9023793243841975
-1.391959798994975            0.9023792613767849
-1.2763819095477373           0.9023791693891254
-1.1608040201005032           0.9023788841941892
-1.0452261306532655           0.9023780474854098
-0.9296482412060314           0.9023757605529374
-0.8140703517587937           0.902369589000094
-0.698492462311556            0.9023523386458628
-0.5829145728643219           0.902306110650058
-0.46733668341708423          0.9021830820417402
-0.3517587939698501           0.9018619381734475
-0.23618090452261245          0.9010445582535178
-0.12060301507537828          0.8990310842680218
-0.005025125628140596         0.8942727784764815
0.11055276381909708           0.8835842865031942
0.22613065326633117           0.8609582818728176
0.34170854271356893           0.8160996036309838
0.457286432160803             0.7329821725555771
0.5728643216080407            0.5886996106754029
0.6884422110552748            0.3525505960067518
0.8040201005025125            -0.015053501637929645
0.9195979899497502            -0.564343346386705
1.0351758793969843            -1.3589410059011977
1.150753768844222             -2.4798306598327327
1.266331658291456             -4.030921992690187
1.3819095477386938            -6.14674670755503
1.4974874371859315            -9.002532874321084
1.6130653266331656            -12.826760641624997
1.7286432160804033            -17.917126449077852
1.8442211055276374            -24.661515282608917
1.959798994974875             -33.56558886088627
2.075376884422109             -45.2888296498789
2.190954773869347             -60.691542645698526
2.3065326633165846            -80.89615683257034
2.4221105527638187            -107.36719660269192
2.5376884422110564            -142.01562249931578
2.6532663316582905            -187.3349755996387
2.768844221105528             -248.32862986349727
