-20.0                         1.053990245118344
-19.884422110552762           1.053991381294932
-19.768844221105528           1.0539900994254001
-19.65326633165829            1.0539890450331304
-19.537688442211056           1.0539902101437058
-19.42211055276382            1.053989927293795
-19.306532663316585           1.0539902301370798
-19.190954773869347           1.0539886125018365
-19.07537688442211            1.0539903862826077
-18.959798994974875           1.05399001947703
-18.844221105527637           1.0539913260343439
-18.728643216080403           1.0539897939042744
-18.613065326633166           1.0539902290309415
-18.49748743718593            1.0539899077448773
-18.381909547738694           1.0539924179359044
-18.266331658291456           1.0539897882308702
-18.150753768844222           1.053989861922667
-18.035175879396984           1.0539901844589814
-17.91959798994975            1.053989809649282
-17.804020100502512           1.053990350881014
-17.688442211055275           1.053989928699615
-17.57286432160804            1.0539894972758312
-17.457286432160803           1.0539895673907713
-17.34170854271357            1.053989680364282
-17.22613065326633            1.0539896802627977
-17.110552763819094           1.0539895290090535
-16.99497487437186            1.0539900286755575
-16.87939698492462            1.0539893183665354
-16.763819095477388           1.0539902791358757
-16.64824120603015            1.0539894719881435
-16.532663316582916           1.0539897102084694
-16.417085427135678           1.0539895526816756
-16.301507537688444           1.0539889070040545
-16.185929648241206           1.053989566357078
-16.07035175879397            1.0539898699912271
-15.954773869346734           1.05398839688805
-15.839195979899497           1.053989484141278
-15.72361809045226            1.0539896333001895
-15.608040201005025           1.053990449053547
-15.492462311557789           1.0539894857419363
-15.376884422110553           1.0539895243203596
-15.261306532663315           1.0539895672889137
-15.145728643216081           1.053989504598817
-15.030150753768844           1.053990376826564
-14.914572864321608           1.0539892101846438
-14.798994974874372           1.0539884546928941
-14.683417085427136           1.0539895040136378
-14.5678391959799             1.0539894346500631
-14.452261306532662           1.0539893936857345
-14.336683417085428           1.0539892873932462
-14.22110552763819            1.053989925989853
-14.105527638190955           1.0539892379817022
-13.989949748743719           1.053988285893457
-13.874371859296481           1.0539890711498396
-13.758793969849247           1.0539897562504412
-13.64321608040201            1.05398917713655
-13.527638190954773           1.0539884193380398
-13.412060301507537           1.0539892328504195
-13.296482412060302           1.0539889477818347
-13.180904522613066           1.0539894026483663
-13.065326633165828           1.0539888563352038
-12.949748743718594           1.0539892004769353
-12.834170854271356           1.053988720280135
-12.71859296482412            1.0539894111139443
-12.603015075376884           1.0539886547558455
-12.487437185929648           1.053989234781376
-12.371859296482413           1.053988963622632
-12.256281407035175           1.0539893181834505
-12.14070351758794            1.0539890832878924
-12.025125628140703           1.0539888054613422
-11.909547738693467           1.0539888882410018
-11.793969849246231           1.0539888384747047
-11.678391959798995           1.0539890702808101
-11.56281407035176            1.0539889961723088
-11.447236180904522           1.0539894057680543
-11.331658291457286           1.053989059726036
-11.21608040201005            1.0539889803376081
-11.100502512562814           1.0539892692807533
-10.984924623115578           1.0539890499319853
-10.869346733668342           1.0539889148083623
-10.753768844221106           1.0539882057545344
-10.638190954773869           1.0539890827900733
-10.522613065326633           1.053988815021444
-10.407035175879397           1.0539890568400538
-10.291457286432161           1.0539898307591065
-10.175879396984925           1.0539888812799172
-10.06030150753769            1.053988743626034
-9.944723618090451            1.053988903561629
-9.829145728643216            1.0539884794040186
-9.71356783919598             1.0539894132733938
-9.597989949748744            1.0539888842445768
-9.482412060301508            1.0539888412159963
-9.366834170854272            1.0539889542482443
-9.251256281407034            1.053988848094873
-9.135678391959798            1.0539887705185345
-9.020100502512562            1.0539889587883404
-8.904522613065327            1.053988354653792
-8.78894472361809             1.0539882825849713
-8.673366834170855            1.0539899391133052
-8.557788944723619            1.053988820954123
-8.442211055276381            1.0539898733724171
-8.326633165829145            1.053988314441557
-8.21105527638191             1.0539884775347412
-8.095477386934673            1.0539888863673268
-7.9798994974874375           1.0539887462269346
-7.864321608040202            1.0539887022937278
-7.748743718592964            1.0539886199426354
-7.633165829145728            1.053988760883674
-7.517587939698492            1.0539884778391726
-7.402010050251256            1.0539890342572693
-7.28643216080402             1.0539887099527359
-7.170854271356784            1.053988638466481
-7.055276381909547            1.0539883651604618
-6.939698492462311            1.0539886349577587
-6.824120603015075            1.0539886510250214
-6.708542713567839            1.053988467238329
-6.592964824120603            1.0539886302182835
-6.477386934673367            1.0539886261060603
-6.361809045226131            1.0539886225884447
-6.246231155778894            1.053988501114905
-6.130653266331658            1.053988584176768
-6.015075376884422            1.053988581849777
-5.899497487437186            1.0539886439221404
-5.78391959798995             1.0539885303013727
-5.668341708542714            1.05398855905239
-5.5527638190954764           1.0539883976460143
-5.4371859296482405           1.0539882513345435
-5.321608040201005            1.053988382584503
-5.206030150753769            1.0539884837682396
-5.090452261306533            1.0539885968170764
-4.974874371859297            1.0539884744242445
-4.859296482412061            1.053988700066346
-4.743718592964823            1.053988495071913
-4.628140703517587            1.053988609079579
-4.5125628140703515           1.0539884459276214
-4.396984924623116            1.053988452354862
-4.28140703517588             1.0539884776588655
-4.165829145728644            1.0539884576051368
-4.050251256281406            1.053988340127223
-3.934673366834172            1.0539884811958387
-3.8190954773869343           1.0539885012965848
-3.7035175879396967           1.053988434359069
-3.5879396984924625           1.053988454235231
-3.472361809045225            1.0539884392513248
-3.3567839195979907           1.0539884576639496
-3.241206030150753            1.0539884103602088
-3.125628140703519            1.0539883914986956
-3.0100502512562812           1.0539883939904227
-2.8944723618090435           1.0539884464197993
-2.7788944723618094           1.053988268043914
-2.6633165829145717           1.0539883879825387
-2.5477386934673376           1.053988380605818
-2.4321608040201              1.053988373735031
-2.316582914572866            1.053988379300343
-2.201005025125628            1.0539883932269165
-2.0854271356783904           1.0539883798609193
-1.9698492462311563           1.0539883387914273
-1.8542713567839186           1.0539882763622113
-1.7386934673366845           1.0539883028371169
-1.6231155778894468           1.0539882543114523
-1.5075376884422127           1.0539883330708246
-1.391959798994975            1.053988290562146
-1.2763819095477373           1.053988277653372
-1.1608040201005032           1.0539881925915886
-1.0452261306532655           1.0539878872239536
-0.9296482412060314           1.0539870001936469
-0.8140703517587937           1.053984529375388
-0.698492462311556            1.053976805274262
-0.5829145728643219           1.0539547848304283
-0.46733668341708423          1.0538918145983422
-0.3517587939698501           1.053715264407594
-0.23618090452261245          1.053232788776582
-0.12060301507537828          1.0519575867399718
-0.005025125628140596         1.0487288906829522
0.11055276381909708           1.0409789996802576
0.22613065326633117           1.0235237579165994
0.34170854271356893           0.9869309056291993
0.457286432160803             0.915803780026939
0.5728643216080407            0.7874124496030203
0.6884422110552748            0.5707629674449148
0.8040201005025125            0.22567455067929712
0.9195979899497502            -0.2987609092815755
1.0351758793969843            -1.0667791206898976
1.150753768844222             -2.159847222242156
1.266331658291456             -3.682215471356686
1.3819095477386938            -5.768644107561927
1.4974874371859315            -8.594530801303145
1.6130653266331656            -12.388495135956608
1.7286432160804033            -17.448341351547178
1.8442211055276374            -24.162029917713976
1.959798994974875             -33.035273707600474
2.075376884422109             -44.72759038745944
2.190954773869347             -60.09930974514138
2.3065326633165846            -80.2728785643605
2.4221105527638187            -106.71283420881818
2.5376884422110564            -141.33014678493737
2.6532663316582905            -186.61836448421204
2.768844221105528             -247.58104192379878
