-20.0                         1.210927050180748
-19.884422110552762           1.2109282929602547
-19.768844221105528           1.2109268930075672
-19.65326633165829            1.2109258414960709
-19.537688442211056           1.2109270883974756
-19.42211055276382            1.2109267148250396
-19.306532663316585           1.210926984865004
-19.190954773869347           1.2109252843403626
-19.07537688442211            1.2109272418050772
-18.959798994974875           1.2109268558057167
-18.844221105527637           1.2109281319544982
-18.728643216080403           1.210926534135438
-18.613065326633166           1.2109271251459472
-18.49748743718593            1.2109267017556775
-18.381909547738694           1.2109293796578662
-18.266331658291456           1.2109266123732447
-18.150753768844222           1.2109266815762594
-18.035175879396984           1.2109271927148655
-17.91959798994975            1.2109266081826642
-17.804020100502512           1.2109272209360655
-17.688442211055275           1.2109266471808402
-17.57286432160804            1.2109263233390883
-17.457286432160803           1.210926394491486
-17.34170854271357            1.2109264370560964
-17.22613065326633            1.210926378602328
-17.110552763819094           1.21092636570026
-16.99497487437186            1.2109268840075988
-16.87939698492462            1.2109260159056339
-16.763819095477388           1.2109271781219781
-16.64824120603015            1.2109262313522136
-16.532663316582916           1.2109266443924573
-16.417085427135678           1.2109263663467669
-16.301507537688444           1.2109256723617552
-16.185929648241206           1.2109263851776173
-16.07035175879397            1.2109267172802574
-15.954773869346734           1.2109251289610525
-15.839195979899497           1.2109263106694397
-15.72361809045226            1.2109265065771684
-15.608040201005025           1.210927454771898
-15.492462311557789           1.2109263261620644
-15.376884422110553           1.210926486295419
-15.261306532663315           1.2109263944206574
-15.145728643216081           1.2109263541882926
-15.030150753768844           1.210927212588681
-14.914572864321608           1.2109260359466594
-14.798994974874372           1.2109252531416597
-14.683417085427136           1.2109263558222352
-14.5678391959799             1.210926301290606
-14.452261306532662           1.210926261607688
-14.336683417085428           1.2109261211830888
-14.22110552763819            1.2109269046331075
-14.105527638190955           1.2109260755368105
-13.989949748743719           1.210925067567546
-13.874371859296481           1.2109258908474672
-13.758793969849247           1.2109265429874814
-13.64321608040201            1.2109260063848495
-13.527638190954773           1.2109251748485033
-13.412060301507537           1.2109260759082336
-13.296482412060302           1.2109256772993977
-13.180904522613066           1.2109262716850748
-13.065326633165828           1.2109257377958105
-12.949748743718594           1.2109260158523085
-12.834170854271356           1.2109255444508933
-12.71859296482412            1.2109262464842392
-12.603015075376884           1.2109255114136936
-12.487437185929648           1.210926065131484
-12.371859296482413           1.2109257620809453
-12.256281407035175           1.2109261564854596
-12.14070351758794            1.2109259242978785
-12.025125628140703           1.210925551212465
-11.909547738693467           1.2109257147647616
-11.793969849246231           1.2109257219934806
-11.678391959798995           1.2109259193958397
-11.56281407035176            1.2109258314762616
-11.447236180904522           1.2109262802638823
-11.331658291457286           1.2109258916889412
-11.21608040201005            1.2109258144158173
-11.100502512562814           1.2109260696666402
-10.984924623115578           1.2109258830215752
-10.869346733668342           1.2109257520847916
-10.753768844221106           1.210924994565404
-10.638190954773869           1.2109259433548343
-10.522613065326633           1.2109256410049354
-10.407035175879397           1.2109258916104497
-10.291457286432161           1.2109267634829548
-10.175879396984925           1.2109257120655172
-10.06030150753769            1.2109255718517842
-9.944723618090451            1.21092575587386
-9.829145728643216            1.2109252543172517
-9.71356783919598             1.2109262922730126
-9.597989949748744            1.210925735257553
-9.482412060301508            1.210925684660461
-9.366834170854272            1.2109258069766387
-9.251256281407034            1.210925691880505
-9.135678391959798            1.2109256032930635
-9.020100502512562            1.210925778500247
-8.904522613065327            1.2109251481046672
-8.78894472361809             1.2109250812598351
-8.673366834170855            1.2109268533610107
-8.557788944723619            1.210925672823217
-8.442211055276381            1.2109267847212564
-8.326633165829145            1.2109251160447323
-8.21105527638191             1.2109252658121057
-8.095477386934673            1.2109257610768551
-7.9798994974874375           1.2109255848022502
-7.864321608040202            1.2109255443066325
-7.748743718592964            1.210925451578241
-7.633165829145728            1.2109256108225428
-7.517587939698492            1.2109253187942963
-7.402010050251256            1.2109259006514188
-7.28643216080402             1.210925548782324
-7.170854271356784            1.210925475966851
-7.055276381909547            1.2109252020456558
-6.939698492462311            1.210925479777618
-6.824120603015075            1.2109254903833278
-6.708542713567839            1.2109252809301985
-6.592964824120603            1.2109254796359639
-6.477386934673367            1.210925498017598
-6.361809045226131            1.2109254751388487
-6.246231155778894            1.210925341410161
-6.130653266331658            1.210925418550693
-6.015075376884422            1.2109254087834849
-5.899497487437186            1.210925468891016
-5.78391959798995             1.2109253636766664
-5.668341708542714            1.2109253987371889
-5.5527638190954764           1.2109252357724276
-5.4371859296482405           1.210925071010046
-5.321608040201005            1.2109252106841928
-5.206030150753769            1.210925333778253
-5.090452261306533            1.2109254573113628
-4.974874371859297            1.2109252888115916
-4.859296482412061            1.2109255355994077
-4.743718592964823            1.2109253293657156
-4.628140703517587            1.2109254573258708
-4.5125628140703515           1.2109252938863657
-4.396984924623116            1.210925289357838
-4.28140703517588             1.2109253153940696
-4.165829145728644            1.2109252989855017
-4.050251256281406            1.2109251602049902
-3.934673366834172            1.2109253230180024
-3.8190954773869343           1.2109253467444663
-3.7035175879396967           1.2109252748122534
-3.5879396984924625           1.2109252998237885
-3.472361809045225            1.2109252840968465
-3.3567839195979907           1.2109252987595418
-3.241206030150753            1.2109252601293943
-3.125628140703519            1.2109252311162102
-3.0100502512562812           1.210925232290169
-2.8944723618090435           1.2109253029923064
-2.7788944723618094           1.210925101857838
-2.6633165829145717           1.2109252391766603
-2.5477386934673376           1.2109252220345545
-2.4321608040201              1.2109252138235669
-2.316582914572866            1.2109252216417346
-2.201005025125628            1.2109252340760137
-2.0854271356783904           1.210925219968922
-1.9698492462311563           1.2109251787339887
-1.8542713567839186           1.2109251136990276
-1.7386934673366845           1.210925142621085
-1.6231155778894468           1.21092509024781
-1.5075376884422127           1.2109251774289707
-1.391959798994975            1.2109251360257829
-1.2763819095477373           1.2109251509260568
-1.1608040201005032           1.2109251333754574
-1.0452261306532655           1.21092501883882
-0.9296482412060314           1.2109246653169174
-0.8140703517587937           1.210923732130344
-0.698492462311556            1.2109202395227647
-0.5829145728643219           1.21090979936164
-0.46733668341708423          1.2108777560314419
-0.3517587939698501           1.210781380454237
-0.23618090452261245          1.210498910659591
-0.12060301507537828          1.2096985417964123
-0.005025125628140596         1.2075284903789936
0.11055276381909708           1.2019620153851442
0.22613065326633117           1.1886119979012972
0.34170854271356893           1.158978246967272
0.457286432160803             1.0984473401166543
0.5728643216080407            0.984628961364923
0.6884422110552748            0.7863334301551597
0.8040201005025125            0.46280229180285415
0.9195979899497502            -0.037585593433727554
1.0351758793969843            -0.779727916106936
1.150753768844222             -1.8456156601615197
1.266331658291456             -3.339867455844642
1.3819095477386938            -5.397488158729902
1.4974874371859315            -8.194053849059452
1.6130653266331656            -11.958328773953877
1.7286432160804033            -16.988227991526788
1.8442211055276374            -23.671788912609735
1.959798994974875             -32.51477613426076
2.075376884422109             -44.1767426768508
2.190954773869347             -59.518043097922515
2.3065326633165846            -79.66114189263982
2.4221105527638187            -106.07058929145794
2.5376884422110564            -140.65736486366723
2.6532663316582905            -185.9150238272097
2.768844221105528             -246.84729820520582
