-20.0                         0.3410104507220549
-19.884422110552762           0.3410110627667512
-19.768844221105528           0.34101039037660186
-19.65326633165829            0.3410096302372665
-19.537688442211056           0.34101035435749516
-19.42211055276382            0.34101041389493053
-19.306532663316585           0.3410104827885691
-19.190954773869347           0.34101002807231656
-19.07537688442211            0.34101039698279184
-18.959798994974875           0.34101026446065014
-18.844221105527637           0.3410109133571365
-18.728643216080403           0.3410103013231181
-18.613065326633166           0.34101017098660635
-18.49748743718593            0.3410102134019109
-18.381909547738694           0.34101129708999084
-18.266331658291456           0.3410100835266445
-18.150753768844222           0.34101016634873893
-18.035175879396984           0.341009728205368
-17.91959798994975            0.3410100945406375
-17.804020100502512           0.34101021529048825
-17.688442211055275           0.34101030231777874
-17.57286432160804            0.3410100457952213
-17.457286432160803           0.34100986300108704
-17.34170854271357            0.3410100838390845
-17.22613065326633            0.3410102481551747
-17.110552763819094           0.3410098273540327
-16.99497487437186            0.3410099870729636
-16.87939698492462            0.34101009228859575
-16.763819095477388           0.34101007834783914
-16.64824120603015            0.3410100035763045
-16.532663316582916           0.3410097927371021
-16.417085427135678           0.34100989616766847
-16.301507537688444           0.3410097720077476
-16.185929648241206           0.34100984899306264
-16.07035175879397            0.34100992138299907
-15.954773869346734           0.34100931584941263
-15.839195979899497           0.34100975467744743
-15.72361809045226            0.34100976515147113
-15.608040201005025           0.3410097327158526
-15.492462311557789           0.34100968468187326
-15.376884422110553           0.34100945195944554
-15.261306532663315           0.34100976391388854
-15.145728643216081           0.3410096567813704
-15.030150753768844           0.3410100788257851
-14.914572864321608           0.3410095092115938
-14.798994974874372           0.3410091669704675
-14.683417085427136           0.34100962740079105
-14.5678391959799             0.3410096263581664
-14.452261306532662           0.34100959211056736
-14.336683417085428           0.3410095278012782
-14.22110552763819            0.3410094667868982
-14.105527638190955           0.34100952143626584
-13.989949748743719           0.341008924134575
-13.874371859296481           0.34100940098166604
-13.758793969849247           0.34101008076817585
-13.64321608040201            0.34100947733848724
-13.527638190954773           0.34100926823097094
-13.412060301507537           0.34100945823294776
-13.296482412060302           0.3410096493556641
-13.180904522613066           0.341009446660687
-13.065326633165828           0.3410090351602121
-12.949748743718594           0.34100947863166287
-12.834170854271356           0.3410090632465173
-12.71859296482412            0.3410095553346892
-12.603015075376884           0.3410089715094907
-12.487437185929648           0.34100940714863043
-12.371859296482413           0.34100937287650196
-12.256281407035175           0.34100941573479354
-12.14070351758794            0.341009286443002
-12.025125628140703           0.34100945108252645
-11.909547738693467           0.3410091748369771
-11.793969849246231           0.34100909272642016
-11.678391959798995           0.34100924795692766
-11.56281407035176            0.3410092240432219
-11.447236180904522           0.34100937901006806
-11.331658291457286           0.34100926569860257
-11.21608040201005            0.34100921210678203
-11.100502512562814           0.34100957752778044
-10.984924623115578           0.3410092415039762
-10.869346733668342           0.34100913722620185
-10.753768844221106           0.34100876419509557
-10.638190954773869           0.3410091739333056
-10.522613065326633           0.3410091115323315
-10.407035175879397           0.3410091579304452
-10.291457286432161           0.3410093769190439
-10.175879396984925           0.34100910896158027
-10.06030150753769            0.3410090139088291
-9.944723618090451            0.3410090758171045
-9.829145728643216            0.34100907023533494
-9.71356783919598             0.3410091913646368
-9.597989949748744            0.341009037511418
-9.482412060301508            0.3410090413929416
-9.366834170854272            0.3410090441055845
-9.251256281407034            0.3410090232232441
-9.135678391959798            0.3410090176697626
-9.020100502512562            0.3410090725064887
-8.904522613065327            0.3410088898388245
-8.78894472361809             0.3410087534859444
-8.673366834170855            0.34100960044708195
-8.557788944723619            0.3410089453006417
-8.442211055276381            0.3410095551853601
-8.326633165829145            0.34100876041631567
-8.21105527638191             0.3410089586035421
-8.095477386934673            0.34100889886355334
-7.9798994974874375           0.3410089095488474
-7.864321608040202            0.34100888692936737
-7.748743718592964            0.34100886072778586
-7.633165829145728            0.3410088894941486
-7.517587939698492            0.341008793925851
-7.402010050251256            0.34100894513046554
-7.28643216080402             0.3410088830629983
-7.170854271356784            0.3410088447211266
-7.055276381909547            0.3410086633457219
-6.939698492462311            0.3410088133818292
-6.824120603015075            0.3410088291426058
-6.708542713567839            0.34100881110342596
-6.592964824120603            0.34100877860503065
-6.477386934673367            0.3410086968938901
-6.361809045226131            0.34100876787533096
-6.246231155778894            0.34100870022904956
-6.130653266331658            0.34100877616976694
-6.015075376884422            0.34100877606597263
-5.899497487437186            0.34100880250757715
-5.78391959798995             0.3410087492990156
-5.668341708542714            0.34100874771823514
-5.5527638190954764           0.3410086786704985
-5.4371859296482405           0.34100858126087463
-5.321608040201005            0.34100869086772884
-5.206030150753769            0.3410086829601845
-5.090452261306533            0.34100868656135386
-4.974874371859297            0.3410087571428276
-4.859296482412061            0.34100884285627076
-4.743718592964823            0.34100868925309025
-4.628140703517587            0.34100873689160227
-4.5125628140703515           0.34100864456933466
-4.396984924623116            0.34100865312709827
-4.28140703517588             0.3410086608613045
-4.165829145728644            0.3410086443932601
-4.050251256281406            0.3410086431916401
-3.934673366834172            0.341008644045746
-3.8190954773869343           0.34100864525172636
-3.7035175879396967           0.341008615388975
-3.5879396984924625           0.3410086119986283
-3.472361809045225            0.34100860148534584
-3.3567839195979907           0.34100861059796184
-3.241206030150753            0.3410085836589125
-3.125628140703519            0.34100857596171874
-3.0100502512562812           0.3410085743211595
-2.8944723618090435           0.3410085389016222
-2.7788944723618094           0.34100846439136734
-2.6633165829145717           0.34100846219943126
-2.5477386934673376           0.34100842399082226
-2.4321608040201              0.3410082990039523
-2.316582914572866            0.3410080692520689
-2.201005025125628            0.3410076441213811
-2.0854271356783904           0.3410068328252124
-1.9698492462311563           0.34100528984480394
-1.8542713567839186           0.34100240375327706
-1.7386934673366845           0.3409970665845272
-1.6231155778894468           0.34098700370692464
-1.5075376884422127           0.3409683165289462
-1.391959798994975            0.34093343122708536
-1.2763819095477373           0.3408686603232013
-1.1608040201005032           0.34074894306859915
-1.0452261306532655           0.34052873662349076
-0.9296482412060314           0.340126264966535
-0.8140703517587937           0.33939619761959544
-0.698492462311556            0.33808386797927165
-0.5829145728643219           0.3357515111115561
-0.46733668341708423          0.3316610438755869
-0.3517587939698501           0.32459934899622966
-0.23618090452261245          0.31262827832268386
-0.12060301507537828          0.2927478334682237
-0.005025125628140596         0.26046808163850044
0.11055276381909708           0.20929334833786245
0.22613065326633117           0.13012127188530107
0.34170854271356893           0.010545671293408007
0.457286432160803             -0.16597763502862853
0.5728643216080407            -0.42117565112874766
0.6884422110552748            -0.7833167651430447
0.8040201005025125            -1.289005965130929
0.9195979899497502            -1.9855545066662457
1.0351758793969843            -2.934095204200229
1.150753768844222             -4.213703299131197
1.266331658291456             -5.926964998608994
1.3819095477386938            -8.207528977315441
1.4974874371859315            -11.229956129566036
1.6130653266331656            -15.222167803507482
1.7286432160804033            -20.481429367288392
1.8442211055276374            -27.39533065921908
1.959798994974875             -36.46934057750067
2.075376884422109             -48.36281458565906
2.190954773869347             -63.93597232803237
2.3065326633165846            -84.31118452849685
2.4221105527638187            -110.95293559247854
2.5376884422110564            -145.77215888656133
2.6532663316582905            -191.26237743039545
2.768844221105528             -252.42599229286532
