-20.0                         0.2130486872404164
-19.884422110552762           0.21304913749324958
-19.768844221105528           0.21304863985482494
-19.65326633165829            0.21304805068026694
-19.537688442211056           0.21304861493134628
-19.42211055276382            0.21304869300180873
-19.306532663316585           0.2130486589586984
-19.190954773869347           0.2130485719824809
-19.07537688442211            0.21304858937744173
-18.959798994974875           0.21304853171631755
-18.844221105527637           0.21304880947273042
-18.728643216080403           0.21304852669118968
-18.613065326633166           0.21304839750182825
-18.49748743718593            0.21304845956916404
-18.381909547738694           0.21304904686779325
-18.266331658291456           0.21304836200976526
-18.150753768844222           0.21304842832135878
-18.035175879396984           0.2130479827101649
-17.91959798994975            0.21304834293232683
-17.804020100502512           0.21304837646163804
-17.688442211055275           0.21304843530587286
-17.57286432160804            0.21304835053768542
-17.457286432160803           0.21304815297056007
-17.34170854271357            0.21304829804825157
-17.22613065326633            0.2130484042637712
-17.110552763819094           0.2130481375315822
-16.99497487437186            0.21304820646326358
-16.87939698492462            0.21304832066996895
-16.763819095477388           0.21304823340136672
-16.64824120603015            0.21304823309069051
-16.532663316582916           0.21304811151564101
-16.417085427135678           0.21304817536816834
-16.301507537688444           0.2130481462310888
-16.185929648241206           0.2130480915612771
-16.07035175879397            0.21304813303253406
-15.954773869346734           0.21304778648824813
-15.839195979899497           0.21304802334846032
-15.72361809045226            0.213048019848172
-15.608040201005025           0.213047893693516
-15.492462311557789           0.21304794110983216
-15.376884422110553           0.21304780406747115
-15.261306532663315           0.21304798822194024
-15.145728643216081           0.2130479122900387
-15.030150753768844           0.2130480938258431
-14.914572864321608           0.2130477975859675
-14.798994974874372           0.21304764243135635
-14.683417085427136           0.21304786557261507
-14.5678391959799             0.21304788878722983
-14.452261306532662           0.21304785880228996
-14.336683417085428           0.21304779150324568
-14.22110552763819            0.21304769087715103
-14.105527638190955           0.21304780112694335
-13.989949748743719           0.21304733829310576
-13.874371859296481           0.21304769369933285
-13.758793969849247           0.21304823635213282
-13.64321608040201            0.2130477478261907
-13.527638190954773           0.21304769551374728
-13.412060301507537           0.213047719700182
-13.296482412060302           0.21304790084135275
-13.180904522613066           0.21304768386728176
-13.065326633165828           0.2130473846085889
-12.949748743718594           0.21304771373455583
-12.834170854271356           0.21304738144795507
-12.71859296482412            0.21304775421361272
-12.603015075376884           0.21304734756926919
-12.487437185929648           0.21304763018668568
-12.371859296482413           0.2130476214944458
-12.256281407035175           0.21304763254694586
-12.14070351758794            0.21304754021658287
-12.025125628140703           0.21304771266669031
-11.909547738693467           0.2130474557802358
-11.793969849246231           0.21304743855799874
-11.678391959798995           0.21304750348556092
-11.56281407035176            0.21304748575488186
-11.447236180904522           0.2130475664956179
-11.331658291457286           0.21304750068537012
-11.21608040201005            0.2130474655945012
-11.100502512562814           0.2130477712630156
-10.984924623115578           0.21304747029160626
-10.869346733668342           0.21304739672743483
-10.753768844221106           0.21304713755957885
-10.638190954773869           0.21304740926389173
-10.522613065326633           0.21304738702310136
-10.407035175879397           0.21304738195468823
-10.291457286432161           0.21304746091677063
-10.175879396984925           0.21304735603232533
-10.06030150753769            0.21304728735981024
-9.944723618090451            0.21304732544518695
-9.829145728643216            0.21304738098645612
-9.71356783919598             0.21304733206684975
-9.597989949748744            0.21304728661553848
-9.482412060301508            0.21304729417984086
-9.366834170854272            0.2130472719138026
-9.251256281407034            0.21304726595919368
-9.135678391959798            0.21304726424151
-9.020100502512562            0.2130472677370408
-8.904522613065327            0.21304722382675062
-8.78894472361809             0.21304708873486525
-8.673366834170855            0.213047668219817
-8.557788944723619            0.2130471797390745
-8.442211055276381            0.2130476298785422
-8.326633165829145            0.21304708507553133
-8.21105527638191             0.21304723813345652
-8.095477386934673            0.21304713948659618
-7.9798994974874375           0.21304715054363707
-7.864321608040202            0.21304713646219403
-7.748743718592964            0.2130471215314771
-7.633165829145728            0.21304712475616283
-7.517587939698492            0.21304709146856587
-7.402010050251256            0.21304711985832014
-7.28643216080402             0.2130471176785984
-7.170854271356784            0.21304709320512605
-7.055276381909547            0.2130469739651985
-6.939698492462311            0.2130470626372441
-6.824120603015075            0.2130470676152006
-6.708542713567839            0.2130470906289872
-6.592964824120603            0.21304702291873057
-6.477386934673367            0.21304694817223582
-6.361809045226131            0.21304701623058978
-6.246231155778894            0.21304695664085282
-6.130653266331658            0.2130470148285997
-6.015075376884422            0.21304701090538083
-5.899497487437186            0.21304701652379412
-5.78391959798995             0.2130469944944895
-5.668341708542714            0.21304699145847206
-5.5527638190954764           0.2130469573936734
-5.4371859296482405           0.21304687388234791
-5.321608040201005            0.21304696103652676
-5.206030150753769            0.2130469412463606
-5.090452261306533            0.2130469291296064
-4.974874371859297            0.21304698977307363
-4.859296482412061            0.21304704062718605
-4.743718592964823            0.2130469268575626
-4.628140703517587            0.21304695981551336
-4.5125628140703515           0.21304689682342423
-4.396984924623116            0.2130468916757371
-4.28140703517588             0.21304688990469653
-4.165829145728644            0.2130468724259432
-4.050251256281406            0.2130468779602913
-3.934673366834172            0.21304684031827192
-3.8190954773869343           0.2130468127371896
-3.7035175879396967           0.21304675579195992
-3.5879396984924625           0.21304668877192617
-3.472361809045225            0.21304658073011054
-3.3567839195979907           0.21304642757837336
-3.241206030150753            0.21304616468056314
-3.125628140703519            0.21304575473662965
-3.0100502512562812           0.21304511912965196
-2.8944723618090435           0.21304407475736767
-2.7788944723618094           0.2130424293828684
-2.6633165829145717           0.21303987848858746
-2.5477386934673376           0.21303581921597892
-2.4321608040201              0.2130293252121386
-2.316582914572866            0.21301901176525104
-2.201005025125628            0.2130026432438927
-2.0854271356783904           0.21297667708004625
-1.9698492462311563           0.21293552011632907
-1.8542713567839186           0.21287039312067665
-1.7386934673366845           0.21276751769165506
-1.6231155778894468           0.21260519071108183
-1.5075376884422127           0.2123497581785778
-1.391959798994975            0.21194867319867794
-1.2763819095477373           0.2113208363387534
-1.1608040201005032           0.21034160792396212
-1.0452261306532655           0.208820721802319
-0.9296482412060314           0.2064702652005897
-0.8140703517587937           0.20285856221949686
-0.698492462311556            0.19734529111048923
-0.5829145728643219           0.18899252007810666
-0.46733668341708423          0.17644364780190638
-0.3517587939698501           0.15776432925779568
-0.23618090452261245          0.1302358378065301
-0.12060301507537828          0.09009145482839051
-0.005025125628140596         0.03218317900602011
0.11055276381909708           -0.050437963567624776
0.22613065326633117           -0.16705252762250397
0.34170854271356893           -0.3299472876958469
0.457286432160803             -0.5552807903577696
0.5728643216080407            -0.8642003389798004
0.6884422110552748            -1.284289254892956
0.8040201005025125            -1.851443866185256
0.9195979899497502            -2.6123051043310386
1.0351758793969843            -3.627415769645816
1.150753768844222             -4.975370724541211
1.266331658291456             -6.7583963212334455
1.3819095477386938            -9.10987109150606
1.4974874371859315            -12.204121148614888
1.6130653266331656            -16.26885061887299
1.7286432160804033            -21.60114340418603
1.8442211055276374            -28.588453373146734
1.959798994974875             -37.73615142502278
2.075376884422109             -49.70352209970084
2.190954773869347             -65.3507330910199
2.3065326633165846            -85.80011667856783
2.4221105527638187            -112.51612859023486
2.5376884422110564            -147.40968066713933
2.6532663316582905            -192.97427969269378
2.768844221105528             -254.21189681547838
