-20.0                         1.2677906634404783
-19.884422110552762           1.2677918652388038
-19.768844221105528           1.267790511158729
-19.65326633165829            1.2677894725970618
-19.537688442211056           1.2677906847711127
-19.42211055276382            1.2677903377534026
-19.306532663316585           1.2677906094391127
-19.190954773869347           1.2677889559922328
-19.07537688442211            1.26779083884291
-18.959798994974875           1.267790463085855
-18.844221105527637           1.2677917262494693
-18.728643216080403           1.2677901690629463
-18.613065326633166           1.2677907131509156
-18.49748743718593            1.2677903199075642
-18.381909547738694           1.2677929192058663
-18.266331658291456           1.2677902243377148
-18.150753768844222           1.267790293673657
-18.035175879396984           1.2677907505976116
-17.91959798994975            1.2677902250069426
-17.804020100502512           1.2677908111452438
-17.688442211055275           1.2677902822047982
-17.57286432160804            1.267789940622731
-17.457286432160803           1.2677900066399315
-17.34170854271357            1.2677900657382315
-17.22613065326633            1.2677900224829362
-17.110552763819094           1.2677899754825048
-16.99497487437186            1.2677904796317718
-16.87939698492462            1.2677896654188843
-16.763819095477388           1.267790760315406
-16.64824120603015            1.2677898624016013
-16.532663316582916           1.2677902269083388
-16.417085427135678           1.2677899805122692
-16.301507537688444           1.2677893103126743
-16.185929648241206           1.2677899978849834
-16.07035175879397            1.2677903166941173
-15.954773869346734           1.2677887785335546
-15.839195979899497           1.2677899210873131
-15.72361809045226            1.2677901035187489
-15.608040201005025           1.2677910028113144
-15.492462311557789           1.2677899321376305
-15.376884422110553           1.2677900607189891
-15.261306532663315           1.2677900025665083
-15.145728643216081           1.2677899566624788
-15.030150753768844           1.2677908047534985
-14.914572864321608           1.2677896482483608
-14.798994974874372           1.267788883242748
-14.683417085427136           1.2677899571385212
-14.5678391959799             1.267789900515474
-14.452261306532662           1.2677898609732428
-14.336683417085428           1.2677897295710074
-14.22110552763819            1.2677904651446839
-14.105527638190955           1.2677896836849767
-13.989949748743719           1.2677887015030516
-13.874371859296481           1.267789504824735
-13.758793969849247           1.26779015752472
-13.64321608040201            1.26778961670112
-13.527638190954773           1.2677888149191752
-13.412060301507537           1.2677896813237597
-13.296482412060302           1.2677893167093404
-13.180904522613066           1.2677898669023404
-13.065326633165828           1.2677893372918605
-12.949748743718594           1.267789627960571
-12.834170854271356           1.2677891598452289
-12.71859296482412            1.2677898501791434
-12.603015075376884           1.2677891193956785
-12.487437185929648           1.2677896717681794
-12.371859296482413           1.2677893818211727
-12.256281407035175           1.2677897589396527
-12.14070351758794            1.2677895299270818
-12.025125628140703           1.267789186134553
-11.909547738693467           1.2677893261831394
-11.793969849246231           1.2677893204770803
-11.678391959798995           1.2677895223373932
-11.56281407035176            1.2677894387988438
-11.447236180904522           1.267789871811685
-11.331658291457286           1.267789498711599
-11.21608040201005            1.2677894219770354
-11.100502512562814           1.2677896825912722
-10.984924623115578           1.267789489367076
-10.869346733668342           1.2677893589775124
-10.753768844221106           1.2677886229687299
-10.638190954773869           1.2677895413535007
-10.522613065326633           1.2677892518531804
-10.407035175879397           1.2677894954312046
-10.291457286432161           1.2677903315886505
-10.175879396984925           1.2677893202433006
-10.06030150753769            1.2677891821631768
-9.944723618090451            1.267789358122819
-9.829145728643216            1.267788882681063
-9.71356783919598             1.2677898784327029
-9.597989949748744            1.2677893371586706
-9.482412060301508            1.2677892892173477
-9.366834170854272            1.2677894069337716
-9.251256281407034            1.2677892958896102
-9.135678391959798            1.2677892115314258
-9.020100502512562            1.2677893858532157
-8.904522613065327            1.2677887718982859
-8.78894472361809             1.2677887037666242
-8.673366834170855            1.267790424383964
-8.557788944723619            1.2677892740657117
-8.442211055276381            1.2677903570732527
-8.326633165829145            1.267788736885417
-8.21105527638191             1.2677888885273803
-8.095477386934673            1.2677893543594465
-7.9798994974874375           1.2677891895023354
-7.864321608040202            1.2677891489203978
-7.748743718592964            1.2677890599168424
-7.633165829145728            1.2677892122325356
-7.517587939698492            1.2677889271768916
-7.402010050251256            1.2677894929419724
-7.28643216080402             1.2677891535197412
-7.170854271356784            1.2677890819712938
-7.055276381909547            1.2677888117727392
-6.939698492462311            1.267789083629486
-6.824120603015075            1.2677890952830335
-6.708542713567839            1.2677888950953906
-6.592964824120603            1.2677890819772566
-6.477386934673367            1.2677890943973564
-6.361809045226131            1.2677890765936168
-6.246231155778894            1.2677889474164743
-6.130653266331658            1.267789024920835
-6.015075376884422            1.2677890167658894
-5.899497487437186            1.2677890762644706
-5.78391959798995             1.2677889708973438
-5.668341708542714            1.267789003750538
-5.5527638190954764           1.2677888437689901
-5.4371859296482405           1.2677886849955924
-5.321608040201005            1.2677888213183934
-5.206030150753769            1.2677889371019535
-5.090452261306533            1.2677890555590212
-4.974874371859297            1.2677889011416446
-4.859296482412061            1.267789139242973
-4.743718592964823            1.2677889358132013
-4.628140703517587            1.2677890586164482
-4.5125628140703515           1.267788897624088
-4.396984924623116            1.2677888955258616
-4.28140703517588             1.267788920833173
-4.165829145728644            1.267788903768452
-4.050251256281406            1.267788772167974
-3.934673366834172            1.2677889270218812
-3.8190954773869343           1.2677889494662866
-3.7035175879396967           1.267788879660864
-3.5879396984924625           1.2677889029645018
-3.472361809045225            1.2677888875853722
-3.3567839195979907           1.2677889026662654
-3.241206030150753            1.267788862839776
-3.125628140703519            1.2677888364251928
-3.0100502512562812           1.2677888378498121
-2.8944723618090435           1.2677889029680918
-2.7788944723618094           1.2677887100232546
-2.6633165829145717           1.267788841209614
-2.5477386934673376           1.2677888266333184
-2.4321608040201              1.267788818751318
-2.316582914572866            1.2677888258884904
-2.201005025125628            1.2677888383132478
-2.0854271356783904           1.2677888246097322
-1.9698492462311563           1.2677887840093403
-1.8542713567839186           1.2677887204720915
-1.7386934673366845           1.2677887484908035
-1.6231155778894468           1.2677886975254924
-1.5075376884422127           1.2677887815128794
-1.391959798994975            1.2677887404456254
-1.2763819095477373           1.2677887477695078
-1.1608040201005032           1.2677887116503008
-1.0452261306532655           1.2677885424328534
-0.9296482412060314           1.267788027152792
-0.8140703517587937           1.2677866048924624
-0.698492462311556            1.2677817133826614
-0.5829145728643219           1.2677673077202476
-0.46733668341708423          1.267724384883364
-0.3517587939698501           1.2675992641871552
-0.23618090452261245          1.2672443322622087
-0.12060301507537828          1.2662717091523854
-0.005025125628140596         1.2637209184013964
0.11055276381909708           1.2573844585105927
0.22613065326633117           1.2426327161389918
0.34170854271356893           1.2107323071247742
0.457286432160803             1.1469667760161448
0.5728643216080407            1.0290633825759794
0.6884422110552748            0.8261491703188202
0.8040201005025125            0.4978633228630834
0.9195979899497502            -0.007061623091879321
1.0351758793969843            -0.75328064150319
1.150753768844222             -1.8226602455212018
1.266331658291456             -3.319787428809828
1.3819095477386938            -5.379693948906316
1.4974874371859315            -8.178013237781222
1.6130653266331656            -11.943580364062015
1.7286432160804033            -16.974384289971763
1.8442211055276374            -23.658532201362252
1.959798994974875             -32.501850310893495
2.075376884422109             -44.16394382525375
2.190954773869347             -59.505210440681225
2.3065326633165846            -79.64814992503207
2.4221105527638187            -106.05734141141627
2.5376884422110564            -140.64378849617376
2.6532663316582905            -185.9010666705761
2.768844221105528             -246.83292696623215
