-20.0                         0.3139462417719691
-19.884422110552762           0.31394682956405934
-19.768844221105528           0.31394618400296176
-19.65326633165829            0.3139454492111469
-19.537688442211056           0.31394615011891286
-19.42211055276382            0.31394621592854716
-19.306532663316585           0.3139462648183981
-19.190954773869347           0.313945876832322
-19.07537688442211            0.3139461810304371
-18.959798994974875           0.31394606175435225
-18.844221105527637           0.31394665045044634
-18.728643216080403           0.3139460935842758
-18.613065326633166           0.31394595900155564
-18.49748743718593            0.3139460069592654
-18.381909547738694           0.3139470107833387
-18.266331658291456           0.31394588216596336
-18.150753768844222           0.31394596351056353
-18.035175879396984           0.3139455146300686
-17.91959798994975            0.3139458881608582
-17.804020100502512           0.3139459929432491
-17.688442211055275           0.3139460799063425
-17.57286432160804            0.31394585343107934
-17.457286432160803           0.3139456630076454
-17.34170854271357            0.3139458734342355
-17.22613065326633            0.3139460320081962
-17.110552763819094           0.3139456302736696
-16.99497487437186            0.3139457736315504
-16.87939698492462            0.31394588950360086
-16.763819095477388           0.313945855506864
-16.64824120603015            0.31394579805903067
-16.532663316582916           0.3139455977281244
-16.417085427135678           0.31394569588281346
-16.301507537688444           0.3139455925801927
-16.185929648241206           0.3139456424623757
-16.07035175879397            0.31394570843197506
-15.954773869346734           0.3139451456819569
-15.839195979899497           0.31394555185593115
-15.72361809045226            0.3139455598423467
-15.608040201005025           0.313945503603691
-15.492462311557789           0.31394547948574114
-15.376884422110553           0.31394525789595346
-15.261306532663315           0.3139455540846069
-15.145728643216081           0.31394545102898735
-15.030150753768844           0.31394583386048336
-14.914572864321608           0.31394530909021034
-14.798994974874372           0.3139449962261066
-14.683417085427136           0.3139454189391613
-14.5678391959799             0.3139454234760538
-14.452261306532662           0.31394538978051945
-14.336683417085428           0.31394532401340586
-14.22110552763819            0.31394524957054126
-14.105527638190955           0.31394532101486927
-13.989949748743719           0.31394474320121724
-13.874371859296481           0.31394520182936086
-13.758793969849247           0.3139458660487943
-13.64321608040201            0.3139452757313993
-13.527638190954773           0.31394509404415777
-13.412060301507537           0.313945254620385
-13.296482412060302           0.31394545058016904
-13.180904522613066           0.31394523748913433
-13.065326633165828           0.31394484131023875
-12.949748743718594           0.31394527183566046
-12.834170854271356           0.3139448671288331
-12.71859296482412            0.3139453425067347
-12.603015075376884           0.31394478277836396
-12.487437185929648           0.3139451970049738
-12.371859296482413           0.3139451691013007
-12.256281407035175           0.3139452040307913
-12.14070351758794            0.313945081103892
-12.025125628140703           0.3139452529095359
-11.909547738693467           0.31394497370004987
-11.793969849246231           0.31394490164958627
-11.678391959798995           0.3139450428357751
-11.56281407035176            0.3139450199626739
-11.447236180904522           0.3139451627474874
-11.331658291457286           0.3139450579598514
-11.21608040201005            0.3139450071341272
-11.100502512562814           0.31394536697775954
-10.984924623115578           0.3139450327707896
-10.869346733668342           0.3139449328273463
-10.753768844221106           0.3139445775205185
-10.638190954773869           0.313944965263475
-10.522613065326633           0.31394491029854743
-10.407035175879397           0.3139449467757159
-10.291457286432161           0.3139451418398676
-10.175879396984925           0.3139449029084115
-10.06030150753769            0.3139448116923995
-9.944723618090451            0.31394486987080256
-9.829145728643216            0.3139448777491792
-9.71356783919598             0.3139449650096259
-9.597989949748744            0.3139448311944945
-9.482412060301508            0.3139448362570951
-9.366834170854272            0.31394483380885285
-9.251256281407034            0.31394481618426523
-9.135678391959798            0.31394481199472
-9.020100502512562            0.31394485713770204
-8.904522613065327            0.3139446994115112
-8.78894472361809             0.31394456126154247
-8.673366834170855            0.31394536615892743
-8.557788944723619            0.3139447365331863
-8.442211055276381            0.3139453219750906
-8.326633165829145            0.31394456664791554
-8.21105527638191             0.31394476055641385
-8.095477386934673            0.31394468969882355
-7.9798994974874375           0.31394470193490326
-7.864321608040202            0.3139446808928062
-7.748743718592964            0.3139446566686444
-7.633165829145728            0.31394468093903904
-7.517587939698492            0.31394459652763823
-7.402010050251256            0.31394472519515976
-7.28643216080402             0.3139446749048234
-7.170854271356784            0.3139446388553864
-7.055276381909547            0.3139444663182286
-6.939698492462311            0.3139446073005709
-6.824120603015075            0.31394462151033503
-6.708542713567839            0.313944610862784
-6.592964824120603            0.3139445713719613
-6.477386934673367            0.31394448954067156
-6.361809045226131            0.3139445612780018
-6.246231155778894            0.3139444950302818
-6.130653266331658            0.31394456856800185
-6.015075376884422            0.31394456767267775
-5.899497487437186            0.3139445907027929
-5.78391959798995             0.31394454307684433
-5.668341708542714            0.3139445410170158
-5.5527638190954764           0.31394447809502496
-5.4371859296482405           0.3139443821086588
-5.321608040201005            0.3139444894380178
-5.206030150753769            0.31394447871728454
-5.090452261306533            0.313944478623933
-4.974874371859297            0.3139445502222067
-4.859296482412061            0.31394462997618
-4.743718592964823            0.3139444817425476
-4.628140703517587            0.31394452715545945
-4.5125628140703515           0.31394443992551274
-4.396984924623116            0.3139444465103804
-4.28140703517588             0.31394445325882797
-4.165829145728644            0.3139444376475978
-4.050251256281406            0.31394444011155703
-3.934673366834172            0.3139444359472822
-3.8190954773869343           0.31394443630570423
-3.7035175879396967           0.31394440821384295
-3.5879396984924625           0.3139444040708991
-3.472361809045225            0.3139443931385089
-3.3567839195979907           0.3139444003266992
-3.241206030150753            0.3139443741143512
-3.125628140703519            0.313944362296932
-3.0100502512562812           0.3139443545307572
-2.8944723618090435           0.31394430716265287
-2.7788944723618094           0.31394421840291165
-2.6633165829145717           0.3139441797621418
-2.5477386934673376           0.31394408177159827
-2.4321608040201              0.31394384992132135
-2.316582914572866            0.3139434296632402
-2.201005025125628            0.31394266577805974
-2.0854271356783904           0.3139412561452363
-1.9698492462311563           0.3139386577182164
-1.8542713567839186           0.3139339156878033
-1.7386934673366845           0.3139253246714931
-1.6231155778894468           0.3139095947870505
-1.5075376884422127           0.31388108848408486
-1.391959798994975            0.3138293121082154
-1.2763819095477373           0.3137357024586456
-1.1608040201005032           0.31356720066601124
-1.0452261306532655           0.31326535790559684
-0.9296482412060314           0.31272801351765683
-0.8140703517587937           0.3117784766357162
-0.698492462311556            0.3101153847106117
-0.5829145728643219           0.30723414040197367
-0.46733668341708423          0.3023056905535545
-0.3517587939698501           0.29400047958163855
-0.23618090452261245          0.2802423727353299
-0.12060301507537828          0.2578830289732214
-0.005025125628140596         0.22229220497116287
0.11055276381909708           0.16686403733825178
0.22613065326633117           0.08243535716165563
0.34170854271356893           -0.04340168669327869
0.457286432160803             -0.22713676686331377
0.5728643216080407            -0.49039983458496533
0.6884422110552748            -0.8613383189704037
0.8040201005025125            -1.3764300037435186
0.9195979899497502            -2.0828658685370254
1.0351758793969843            -3.0416737061957284
1.150753768844222             -4.331844077310986
1.266331658291456             -6.05590042426637
1.3819095477386938            -8.347445141755744
1.4974874371859315            -11.380999841565114
1.6130653266331656            -15.38445013002239
1.7286432160804033            -20.655031839168014
1.8442211055276374            -27.58031288385228
1.959798994974875             -36.665746494766125
2.075376884422109             -48.57067687518167
2.190954773869347             -64.15531546617613
2.3065326633165846            -84.54202694656348
2.4221105527638187            -111.19529122709663
2.5376884422110564            -146.0260383090995
2.6532663316582905            -191.52778867877967
2.768844221105528             -252.70287671497587
