-20.0                         1.2056854698870598
-19.884422110552762           1.2056866291056938
-19.768844221105528           1.2056853220417545
-19.65326633165829            1.2056842825505014
-19.537688442211056           1.205685461925685
-19.42211055276382            1.205685151007326
-19.306532663316585           1.205685435665703
-19.190954773869347           1.2056838152446956
-19.07537688442211            1.2056856251455361
-18.959798994974875           1.2056852570848429
-18.844221105527637           1.2056865321388173
-18.728643216080403           1.2056850007434354
-18.613065326633166           1.2056854833437927
-18.49748743718593            1.205685130542158
-18.381909547738694           1.205687663178012
-18.266331658291456           1.2056850230975877
-18.150753768844222           1.2056850942211792
-18.035175879396984           1.205685476316991
-17.91959798994975            1.2056850339038458
-17.804020100502512           1.2056855917827929
-17.688442211055275           1.2056851226874856
-17.57286432160804            1.205684738187893
-17.457286432160803           1.205684804289208
-17.34170854271357            1.2056848909838662
-17.22613065326633            1.20568487081892
-17.110552763819094           1.2056847693086616
-16.99497487437186            1.2056852664341933
-16.87939698492462            1.205684514032887
-16.763819095477388           1.205685529417424
-16.64824120603015            1.2056846864063755
-16.532663316582916           1.2056849821002953
-16.417085427135678           1.2056847834596143
-16.301507537688444           1.205684132121968
-16.185929648241206           1.2056847984631982
-16.07035175879397            1.2056851063885685
-15.954773869346734           1.2056836140203273
-15.839195979899497           1.2056847189041329
-15.72361809045226            1.205684882692396
-15.608040201005025           1.2056857299144923
-15.492462311557789           1.2056847244680204
-15.376884422110553           1.2056848049494193
-15.261306532663315           1.205684800011101
-15.145728643216081           1.2056847454363888
-15.030150753768844           1.2056855988987365
-14.914572864321608           1.2056844464253564
-14.798994974874372           1.2056836923248346
-14.683417085427136           1.2056847448963623
-14.5678391959799             1.2056846824412129
-14.452261306532662           1.205684642351316
-14.336683417085428           1.2056845244987895
-14.22110552763819            1.2056852029026914
-14.105527638190955           1.2056844771164548
-13.989949748743719           1.2056835173011748
-13.874371859296481           1.2056843054058541
-13.758793969849247           1.2056849709814346
-13.64321608040201            1.2056844134001374
-13.527638190954773           1.2056836409750573
-13.412060301507537           1.205684472581884
-13.296482412060302           1.2056841528767608
-13.180904522613066           1.2056846479817114
-13.065326633165828           1.205684113373174
-12.949748743718594           1.2056844301689766
-12.834170854271356           1.2056839586911694
-12.71859296482412            1.205684644444668
-12.603015075376884           1.2056839053352661
-12.487437185929648           1.2056844680394514
-12.371859296482413           1.2056841904881828
-12.256281407035175           1.2056845521954063
-12.14070351758794            1.2056843219996778
-12.025125628140703           1.2056840158935134
-11.909547738693467           1.20568412404793
-11.793969849246231           1.2056840956792414
-11.678391959798995           1.2056843112627662
-11.56281407035176            1.2056842331442281
-11.447236180904522           1.205684650553536
-11.331658291457286           1.2056842943663069
-11.21608040201005            1.2056842167443478
-11.100502512562814           1.2056844906911115
-10.984924623115578           1.2056842845701108
-10.869346733668342           1.2056841525549715
-10.753768844221106           1.2056834358828774
-10.638190954773869           1.205684325789227
-10.522613065326633           1.2056840499038586
-10.407035175879397           1.2056842901251927
-10.291457286432161           1.2056850872851685
-10.175879396984925           1.2056841163183107
-10.06030150753769            1.2056839793434873
-9.944723618090451            1.2056841456704397
-9.829145728643216            1.2056837009595944
-9.71356783919598             1.2056846555476544
-9.597989949748744            1.205684125338048
-9.482412060301508            1.2056840803401923
-9.366834170854272            1.2056841943945469
-9.251256281407034            1.2056840868480665
-9.135678391959798            1.2056840067537395
-9.020100502512562            1.2056841864059107
-8.904522613065327            1.2056835828681707
-8.78894472361809             1.205683512721388
-8.673366834170855            1.2056851872196126
-8.557788944723619            1.2056840618321967
-8.442211055276381            1.2056851210663957
-8.326633165829145            1.205683544666041
-8.21105527638191             1.2056837014910935
-8.095477386934673            1.2056841332361254
-7.9798994974874375           1.2056839826133878
-7.864321608040202            1.2056839406292688
-7.748743718592964            1.2056838557293865
-7.633165829145728            1.2056840008086933
-7.517587939698492            1.2056837192411454
-7.402010050251256            1.2056842750230468
-7.28643216080402             1.20568394645424
-7.170854271356784            1.2056838754466301
-7.055276381909547            1.2056836055243711
-6.939698492462311            1.2056838742289042
-6.824120603015075            1.2056838880213965
-6.708542713567839            1.2056836980310202
-6.592964824120603            1.2056838707199276
-6.477386934673367            1.2056838742186413
-6.361809045226131            1.205683864106105
-6.246231155778894            1.2056837397962417
-6.130653266331658            1.205683819624993
-6.015075376884422            1.2056838144257882
-5.899497487437186            1.2056838747003917
-5.78391959798995             1.2056837659869137
-5.668341708542714            1.205683796364724
-5.5527638190954764           1.205683636963814
-5.4371859296482405           1.2056834855847616
-5.321608040201005            1.2056836184699737
-5.206030150753769            1.2056837255934731
-5.090452261306533            1.205683839997622
-4.974874371859297            1.205683703737678
-4.859296482412061            1.2056839334428788
-4.743718592964823            1.205683730523314
-4.628140703517587            1.205683847805941
-4.5125628140703515           1.205683686930741
-4.396984924623116            1.2056836891516558
-4.28140703517588             1.205683714188555
-4.165829145728644            1.2056836956870745
-4.050251256281406            1.2056835725410284
-3.934673366834172            1.2056837187793814
-3.8190954773869343           1.205683739785155
-3.7035175879396967           1.205683671970023
-3.5879396984924625           1.2056836932488149
-3.472361809045225            1.2056836781514069
-3.3567839195979907           1.2056836947515106
-3.241206030150753            1.2056836514462619
-3.125628140703519            1.2056836290557367
-3.0100502512562812           1.2056836309920365
-2.8944723618090435           1.2056836888710192
-2.7788944723618094           1.2056835049788381
-2.6633165829145717           1.2056836292503623
-2.5477386934673376           1.2056836185569229
-2.4321608040201              1.2056836112146492
-2.316582914572866            1.2056836174514
-2.201005025125628            1.2056836304839327
-2.0854271356783904           1.2056836170602385
-1.9698492462311563           1.2056835765171574
-1.8542713567839186           1.205683514022103
-1.7386934673366845           1.20568354105416
-1.6231155778894468           1.205683491639866
-1.5075376884422127           1.2056835722527697
-1.391959798994975            1.2056835306262028
-1.2763819095477373           1.205683526504625
-1.1608040201005032           1.205683462043375
-1.0452261306532655           1.2056832118907823
-0.9296482412060314           1.2056824686054797
-0.8140703517587937           1.2056803880321938
-0.698492462311556            1.2056736824437793
-0.5829145728643219           1.205654323539195
-0.46733668341708423          1.2055982350319456
-0.3517587939698501           1.2054392217558776
-0.23618090452261245          1.2050004801535803
-0.12060301507537828          1.203830860963568
-0.005025125628140596         1.2008454359629785
0.11055276381909708           1.1936215956405325
0.22613065326633117           1.1772163671329428
0.34170854271356893           1.142533163079059
0.457286432160803             1.074552032537737
0.5728643216080407            0.950868860450816
0.6884422110552748            0.7406863416518075
0.8040201005025125            0.40386799717604854
0.9195979899497502            -0.11057520124097314
1.0351758793969843            -0.8670382034038513
1.150753768844222             -1.9471806359414268
1.266331658291456             -3.455443392586743
1.3819095477386938            -5.526760998894173
1.4974874371859315            -8.336695885471407
1.6130653266331656            -12.114025446541577
1.7286432160804033            -17.15669441012928
1.8442211055276374            -23.85277925226271
1.959798994974875             -32.708085558145726
2.075376884422109             -44.38220444954472
2.190954773869347             -59.73552376398099
2.3065326633165846            -79.89053622583728
2.4221105527638187            -106.31181585508516
2.5376884422110564            -140.9103624898723
2.6532663316582905            -186.17974883228584
2.768844221105528             -247.12365560944824
