-20.0                         0.2988604288085103
-19.884422110552762           0.29886100192724474
-19.768844221105528           0.29886037247072517
-19.65326633165829            0.2988596531234946
-19.537688442211056           0.2988603398582326
-19.42211055276382            0.29886040883641346
-19.306532663316585           0.2988604462637846
-19.190954773869347           0.2988600969907646
-19.07537688442211            0.2988603638917795
-18.959798994974875           0.29886025233420105
-18.844221105527637           0.29886080495640177
-18.728643216080403           0.2988602806951812
-18.613065326633166           0.29886014450224285
-18.49748743718593            0.29886019530463476
-18.381909547738694           0.2988611515213932
-18.266331658291456           0.2988600735917147
-18.150753768844222           0.2988601538726771
-18.035175879396984           0.298859700230528
-17.91959798994975            0.2988600765995116
-17.804020100502512           0.2988601722096436
-17.688442211055275           0.29886025816766004
-17.57286432160804            0.2988600494044848
-17.457286432160803           0.29885985532579457
-17.34170854271357            0.2988600591247581
-17.22613065326633            0.2988602135649523
-17.110552763819094           0.2988598244134515
-16.99497487437186            0.29885995835785567
-16.87939698492462            0.2988600787785967
-16.763819095477388           0.29886003443040965
-16.64824120603015            0.298859986248006
-16.532663316582916           0.29885979313192124
-16.417085427135678           0.2988598878100562
-16.301507537688444           0.2988597960016732
-16.185929648241206           0.2988598306602538
-16.07035175879397            0.2988598931221491
-15.954773869346734           0.2988593556190735
-15.839195979899497           0.29885974239693575
-15.72361809045226            0.2988597489691811
-15.608040201005025           0.29885968009207353
-15.492462311557789           0.29885966868158076
-15.376884422110553           0.2988594546376896
-15.261306532663315           0.29885974039594626
-15.145728643216081           0.2988596399784472
-15.030150753768844           0.2988599993594244
-14.914572864321608           0.2988595013118784
-14.798994974874372           0.29885920614801015
-14.683417085427136           0.2988596062488891
-14.5678391959799             0.2988596138647204
-14.452261306532662           0.29885958051474687
-14.336683417085428           0.298859514004672
-14.22110552763819            0.29885943286855327
-14.105527638190955           0.2988595129121382
-13.989949748743719           0.2988589469930304
-13.874371859296481           0.2988593945851513
-13.758793969849247           0.29886004847493297
-13.64321608040201            0.29885946685125764
-13.527638190954773           0.2988593011974073
-13.412060301507537           0.2988594446503574
-13.296482412060302           0.2988596423388695
-13.180904522613066           0.2988594245070748
-13.065326633165828           0.29885903789881646
-12.949748743718594           0.29885945975354467
-12.834170854271356           0.2988590618565907
-12.71859296482412            0.29885952688116196
-12.603015075376884           0.2988589822802209
-12.487437185929648           0.2988593831600436
-12.371859296482413           0.2988593586212998
-12.256281407035175           0.29885938938883244
-12.14070351758794            0.29885927016859415
-12.025125628140703           0.2988594452165908
-11.909547738693467           0.2988591652898114
-11.793969849246231           0.29885909942284955
-11.678391959798995           0.29885923205887677
-11.56281407035176            0.29885920978716407
-11.447236180904522           0.29885934536547365
-11.331658291457286           0.29885924548049364
-11.21608040201005            0.29885919635157676
-11.100502512562814           0.2988595522157269
-10.984924623115578           0.29885921969516527
-10.869346733668342           0.2988591224498331
-10.753768844221106           0.29885877777115755
-10.638190954773869           0.2988591524328144
-10.522613065326633           0.29885910172267566
-10.407035175879397           0.2988591325554679
-10.291457286432161           0.298859313603448
-10.175879396984925           0.2988590914778248
-10.06030150753769            0.29885900262091714
-9.944723618090451            0.2988590585719521
-9.829145728643216            0.2988590738699705
-9.71356783919598             0.2988591419970348
-9.597989949748744            0.29885901973152795
-9.482412060301508            0.29885902540014825
-9.366834170854272            0.2988590200538201
-9.251256281407034            0.2988590042262614
-9.135678391959798            0.2988590007029771
-9.020100502512562            0.2988590402769799
-8.904522613065327            0.29885889705913615
-8.78894472361809             0.2988587581237885
-8.673366834170855            0.2988595378720286
-8.557788944723619            0.29885892361287125
-8.442211055276381            0.29885949433413805
-8.326633165829145            0.2988587625684766
-8.21105527638191             0.2988589534396547
-8.095477386934673            0.298858876825861
-7.9798994974874375           0.2988588896897688
-7.864321608040202            0.2988588695549206
-7.748743718592964            0.29885884647283995
-7.633165829145728            0.2988588681368864
-7.517587939698492            0.2988587902165709
-7.402010050251256            0.29885890585983416
-7.28643216080402             0.29885886224766983
-7.170854271356784            0.29885882755864157
-7.055276381909547            0.29885866049269555
-6.939698492462311            0.2988587959359467
-6.824120603015075            0.2988588091789093
-6.708542713567839            0.29885880281794186
-6.592964824120603            0.2988587593762266
-6.477386934673367            0.2988586776867162
-6.361809045226131            0.2988587496760233
-6.246231155778894            0.29885868422463613
-6.130653266331658            0.29885875624812264
-6.015075376884422            0.298858754905842
-5.899497487437186            0.29885877589249954
-5.78391959798995             0.2988587315286091
-5.668341708542714            0.29885872923553536
-5.5527638190954764           0.29885866990007987
-5.4371859296482405           0.2988585748643713
-5.321608040201005            0.2988586806325112
-5.206030150753769            0.2988586683993289
-5.090452261306533            0.29885866631762026
-4.974874371859297            0.29885873803558827
-4.859296482412061            0.29885881432337913
-4.743718592964823            0.29885866947565354
-4.628140703517587            0.2988587135791107
-4.5125628140703515           0.29885862936511864
-4.396984924623116            0.29885863477365526
-4.28140703517588             0.29885864093845155
-4.165829145728644            0.29885862582064926
-4.050251256281406            0.29885863027318266
-3.934673366834172            0.298858623289423
-3.8190954773869343           0.2988586230903273
-3.7035175879396967           0.2988585959408681
-3.5879396984924625           0.29885859119906183
-3.472361809045225            0.29885857969983953
-3.3567839195979907           0.29885858520050435
-3.241206030150753            0.29885855842623416
-3.125628140703519            0.2988585425067661
-3.0100502512562812           0.2988585282535578
-2.8944723618090435           0.298858469047484
-2.7788944723618094           0.29885836339861127
-2.6633165829145717           0.298858288951568
-2.5477386934673376           0.2988581311545791
-2.4321608040201              0.29885779480026187
-2.316582914572866            0.2988571921479241
-2.201005025125628            0.298856110738533
-2.0854271356783904           0.2988541512648432
-1.9698492462311563           0.298850602862138
-1.8542713567839186           0.2988442251110546
-1.7386934673366845           0.29883282729902516
-1.6231155778894468           0.2988123110531245
-1.5075376884422127           0.2987756865104785
-1.391959798994975            0.2987102389875001
-1.2763819095477373           0.29859378387633423
-1.1608040201005032           0.29838745934311534
-1.0452261306532655           0.29802367727956236
-0.9296482412060314           0.2973861951219475
-0.8140703517587937           0.29627720172259314
-0.698492462311556            0.2943646939597187
-0.5829145728643219           0.29110137786147694
-0.46733668341708423          0.2856016475997412
-0.3517587939698501           0.2764655487726778
-0.23618090452261245          0.2615358525246795
-0.12060301507537828          0.2375795530346966
-0.005025125628140596         0.19988883920498862
0.11055276381909708           0.14179938467204609
0.22613065326633117           0.05411847189773319
0.34170854271356893           -0.0755580523247689
0.457286432160803             -0.26368536150030686
0.5728643216080407            -0.5318359791144416
0.6884422110552748            -0.9080872347161323
0.8040201005025125            -1.4288437159568677
0.9195979899497502            -2.1412272575291365
1.0351758793969843            -3.1062051598787455
1.150753768844222             -4.4027190734164385
1.266331658291456             -6.133256075063005
1.3819095477386938            -8.431391602216042
1.4974874371859315            -11.471624223764973
1.6130653266331656            -15.481818475416663
1.7286432160804033            -20.759192720752107
1.8442211055276374            -27.69130187214039
1.959798994974875             -36.78358984461782
2.075376884422109             -48.6953941324568
2.190954773869347             -64.28692128126349
2.3065326633165846            -84.68053235784569
2.4221105527638187            -111.34070458475158
2.5376884422110564            -146.1783659490987
2.6532663316582905            -191.6870354198915
2.768844221105528             -252.8690073682422
