-20.0                         0.20020884231949987
-19.884422110552762           0.2002092005556928
-19.768844221105528           0.20020879928598265
-19.65326633165829            0.20020830802853243
-19.537688442211056           0.2002087753925733
-19.42211055276382            0.20020884272040923
-19.306532663316585           0.20020878591160693
-19.190954773869347           0.20020881413694075
-19.07537688442211            0.20020872295096792
-18.959798994974875           0.20020869194000154
-18.844221105527637           0.20020881413086794
-18.728643216080403           0.20020866635414722
-18.613065326633166           0.2002085559757537
-18.49748743718593            0.20020861469244533
-18.381909547738694           0.20020896996138227
-18.266331658291456           0.20020853217765966
-18.150753768844222           0.20020858256370155
-18.035175879396984           0.20020819147939384
-17.91959798994975            0.2002085007191688
-17.804020100502512           0.20020850424788564
-17.688442211055275           0.20020853483918077
-17.57286432160804            0.20020850665816145
-17.457286432160803           0.2002083320504007
-17.34170854271357            0.20020843644554137
-17.22613065326633            0.20020850062842513
-17.110552763819094           0.2002083258359472
-16.99497487437186            0.2002083596287522
-16.87939698492462            0.20020843879706618
-16.763819095477388           0.20020835400574752
-16.64824120603015            0.20020836549306356
-16.532663316582916           0.20020829299432358
-16.417085427135678           0.2002083380500157
-16.301507537688444           0.20020832217442858
-16.185929648241206           0.2002082434057723
-16.07035175879397            0.2002082743253607
-15.954773869346734           0.2002080470475445
-15.839195979899497           0.20020818769647633
-15.72361809045226            0.20020817787933254
-15.608040201005025           0.20020805451443408
-15.492462311557789           0.20020810236671388
-15.376884422110553           0.20020802414887456
-15.261306532663315           0.20020813248161837
-15.145728643216081           0.20020807452669678
-15.030150753768844           0.2002081555948147
-14.914572864321608           0.2002079749620376
-14.798994974874372           0.20020790652359582
-14.683417085427136           0.20020801978970737
-14.5678391959799             0.20020804306547138
-14.452261306532662           0.20020801624412435
-14.336683417085428           0.2002079548555357
-14.22110552763819            0.20020787017041236
-14.105527638190955           0.20020796528568394
-13.989949748743719           0.2002075846753585
-13.874371859296481           0.20020787114727095
-13.758793969849247           0.2002083060196764
-13.64321608040201            0.2002079072282636
-13.527638190954773           0.2002079104710306
-13.412060301507537           0.20020787745859303
-13.296482412060302           0.20020801930328036
-13.180904522613066           0.20020783860098856
-13.065326633165828           0.20020761053853334
-12.949748743718594           0.20020785473241615
-12.834170854271356           0.200207579073895
-12.71859296482412            0.20020787810105076
-12.603015075376884           0.20020758028417496
-12.487437185929648           0.20020777391700267
-12.371859296482413           0.20020776712407995
-12.256281407035175           0.2002077741733316
-12.14070351758794            0.200207698289376
-12.025125628140703           0.20020784091032004
-11.909547738693467           0.20020762821081628
-11.793969849246231           0.20020763648871917
-11.678391959798995           0.20020766175116403
-11.56281407035176            0.20020764699809476
-11.447236180904522           0.20020769360525048
-11.331658291457286           0.20020764662641374
-11.21608040201005            0.2002076206503853
-11.100502512562814           0.20020787136051146
-10.984924623115578           0.20020761349499067
-10.869346733668342           0.2002075573299237
-10.753768844221106           0.20020735797031164
-10.638190954773869           0.20020755929347098
-10.522613065326633           0.2002075503387708
-10.407035175879397           0.2002075310398143
-10.291457286432161           0.2002075532683562
-10.175879396984925           0.20020750904520127
-10.06030150753769            0.20020745519355523
-9.944723618090451            0.2002074807394153
-9.829145728643216            0.20020754233062807
-9.71356783919598             0.20020745514395374
-9.597989949748744            0.2002074428935077
-9.482412060301508            0.20020744853839842
-9.366834170854272            0.20020742200556518
-9.251256281407034            0.2002074180831629
-9.135678391959798            0.200207414957205
-9.020100502512562            0.200207404087473
-8.904522613065327            0.20020740491125336
-8.78894472361809             0.2002072860805324
-8.673366834170855            0.20020772761411862
-8.557788944723619            0.2002073304004968
-8.442211055276381            0.2002076929352534
-8.326633165829145            0.20020727597450064
-8.21105527638191             0.2002073890292012
-8.095477386934673            0.20020729815319818
-7.9798994974874375           0.20020730315204316
-7.864321608040202            0.20020729188008257
-7.748743718592964            0.2002072816739295
-7.633165829145728            0.20020727492189197
-7.517587939698492            0.20020726230643776
-7.402010050251256            0.20020725271446654
-7.28643216080402             0.200207264777661
-7.170854271356784            0.20020724627545203
-7.055276381909547            0.20020716251583204
-6.939698492462311            0.20020721792699614
-6.824120603015075            0.20020721733222593
-6.708542713567839            0.2002072533354186
-6.592964824120603            0.2002071782079409
-6.477386934673367            0.2002071141884755
-6.361809045226131            0.20020717238332356
-6.246231155778894            0.20020711723154408
-6.130653266331658            0.20020716406949243
-6.015075376884422            0.20020715896475041
-5.899497487437186            0.20020715573646275
-5.78391959798995             0.20020714273160045
-5.668341708542714            0.20020713843412466
-5.5527638190954764           0.2002071150469305
-5.4371859296482405           0.20020704222562166
-5.321608040201005            0.2002071056910066
-5.206030150753769            0.20020707933795281
-5.090452261306533            0.20020705718350443
-4.974874371859297            0.20020708831664025
-4.859296482412061            0.20020710573440476
-4.743718592964823            0.20020699144190157
-4.628140703517587            0.20020697837068602
-4.5125628140703515           0.2002068729572705
-4.396984924623116            0.20020678282647636
-4.28140703517588             0.20020666046885438
-4.165829145728644            0.20020647349569712
-4.050251256281406            0.20020623175662142
-3.934673366834172            0.20020583105627673
-3.8190954773869343           0.20020528076006697
-3.7035175879396967           0.20020447494561114
-3.5879396984924625           0.2002033168548154
-3.472361809045225            0.20020163233308474
-3.3567839195979907           0.20019919785201895
-3.241206030150753            0.20019564885259172
-3.125628140703519            0.2001904915523518
-3.0100502512562812           0.20018301476965436
-2.8944723618090435           0.20017212619869826
-2.7788944723618094           0.20015633335069422
-2.6633165829145717           0.20013345225789672
-2.5477386934673376           0.20010025415289345
-2.4321608040201              0.20005207361635519
-2.316582914572866            0.1999822374316293
-2.201005025125628            0.19988107933266813
-2.0854271356783904           0.19973466211178936
-1.9698492462311563           0.19952292736950117
-1.8542713567839186           0.1992170935298841
-1.7386934673366845           0.19877592756929302
-1.6231155778894468           0.19814043571059745
-1.5075376884422127           0.1972267442816611
-1.391959798994975            0.19591562040731608
-1.2763819095477373           0.1940386180487675
-1.1608040201005032           0.19135868890766022
-1.0452261306532655           0.18754385678214347
-0.9296482412060314           0.18213183108409176
-0.8140703517587937           0.1744824991945069
-0.698492462311556            0.16371484411410805
-0.5829145728643219           0.14862421423551828
-0.46733668341708423          0.12757307926280448
-0.3517587939698501           0.09834919910481837
-0.23618090452261245          0.05798067501689371
-0.12060301507537828          0.002495728044445098
-0.005025125628140596         -0.07338933149508724
0.11055276381909708           -0.17667479286050375
0.22613065326633117           -0.3166025918659236
0.34170854271356893           -0.5053360170195539
0.457286432160803             -0.7588397254947211
0.5728643216080407            -1.098017330943429
0.6884422110552748            -1.5501813211081352
0.8040201005025125            -2.1509510657791773
0.9195979899497502            -2.9467020147650183
1.0351758793969843            -3.997737803330605
1.150753768844222             -5.382454034980445
1.266331658291456             -7.202924268929276
1.3819095477386938            -9.592407867262267
1.4974874371859315            -12.725122247443926
1.6130653266331656            -16.82866759663741
1.7286432160804033            -22.200039141448315
1.8442211055276374            -29.226623106513966
1.959798994974875             -38.41374085478696
2.075376884422109             -50.42064060903148
2.190954773869347             -66.10746319254251
2.3065326633165846            -86.59652084541685
2.4221105527638187            -113.35225425748817
2.5376884422110564            -148.28556393021123
2.6532663316582905            -193.88994806338866
2.768844221105528             -255.16714807175978
