-20.0                         0.26312080180384184
-19.884422110552762           0.26312133526625586
-19.768844221105528           0.2631207488960851
-19.65326633165829            0.26312007150358696
-19.537688442211056           0.26312071945714244
-19.42211055276382            0.2631207946872291
-19.306532663316585           0.2631208039987595
-19.190954773869347           0.263120552120497
-19.07537688442211            0.2631207258394344
-18.959798994974875           0.2631206338707152
-18.844221105527637           0.2631210914871014
-18.728643216080403           0.263120651808192
-18.613065326633166           0.26312051437250417
-18.49748743718593            0.26312057111120263
-18.381909547738694           0.263121401968342
-18.266331658291456           0.26312045760596003
-18.150753768844222           0.26312053436209165
-18.035175879396984           0.2631200742213246
-17.91959798994975            0.26312045284369745
-17.804020100502512           0.2631205255446108
-17.688442211055275           0.2631206057679326
-17.57286432160804            0.2631204423277123
-17.457286432160803           0.26312024198440453
-17.34170854271357            0.2631204270773695
-17.22613065326633            0.26312056820705754
-17.110552763819094           0.26312021612456493
-16.99497487437186            0.2631203264619902
-16.87939698492462            0.2631204526875751
-16.763819095477388           0.26312038658581377
-16.64824120603015            0.2631203592175368
-16.532663316582916           0.2631201878906699
-16.417085427135678           0.26312027257346576
-16.301507537688444           0.26312020747257525
-16.185929648241206           0.2631202057405128
-16.07035175879397            0.26312025998309524
-15.954773869346734           0.26311978815398057
-15.839195979899497           0.26312012401636586
-15.72361809045226            0.2631201270436168
-15.608040201005025           0.26312003052855854
-15.492462311557789           0.26312004701388414
-15.376884422110553           0.2631198557802657
-15.261306532663315           0.26312011076244085
-15.145728643216081           0.26312001794152096
-15.030150753768844           0.26312031570757005
-14.914572864321608           0.26311988763795957
-14.798994974874372           0.2631196396370958
-14.683417085427136           0.2631199798312352
-14.5678391959799             0.26311999452175244
-14.452261306532662           0.2631199621583523
-14.336683417085428           0.26311989427716537
-14.22110552763819            0.26311980014619457
-14.105527638190955           0.26311989774111516
-13.989949748743719           0.26311936437898614
-13.874371859296481           0.2631197821515032
-13.758793969849247           0.26312040481030746
-13.64321608040201            0.2631198494186617
-13.527638190954773           0.2631197246847249
-13.412060301507537           0.26311982471449497
-13.296482412060302           0.26312002279045704
-13.180904522613066           0.263119797721851
-13.065326633165828           0.26311943800336945
-12.949748743718594           0.26311983354430774
-12.834170854271356           0.26311945525899894
-12.71859296482412            0.2631198914972268
-12.603015075376884           0.26311938953564623
-12.487437185929648           0.2631197531987262
-12.371859296482413           0.26311973602043603
-12.256281407035175           0.2631197577364659
-12.14070351758794            0.2631196479791845
-12.025125628140703           0.2631198277816485
-11.909547738693467           0.263119549844673
-11.793969849246231           0.2631195006520784
-11.678391959798995           0.26311961034848846
-11.56281407035176            0.26311958962209514
-11.447236180904522           0.26311970639436216
-11.331658291457286           0.263119618821536
-11.21608040201005            0.2631195743109718
-11.100502512562814           0.26311991718913513
-10.984924623115578           0.26311959146034797
-10.869346733668342           0.2631195017180212
-10.753768844221106           0.2631191853460083
-10.638190954773869           0.2631195255173462
-10.522613065326633           0.26311948538314456
-10.407035175879397           0.26311950239177645
-10.291457286432161           0.26311964741421673
-10.175879396984925           0.2631194677465945
-10.06030150753769            0.26311938536075125
-9.944723618090451            0.2631194353968234
-9.829145728643216            0.26311946795167174
-9.71356783919598             0.2631194897707428
-9.597989949748744            0.2631193963166717
-9.482412060301508            0.26311940321072275
-9.366834170854272            0.2631193909426665
-9.251256281407034            0.26311937930174284
-9.135678391959798            0.2631193770321368
-9.020100502512562            0.2631194028235002
-8.904522613065327            0.2631192962484537
-8.78894472361809             0.2631191564379222
-8.673366834170855            0.26311986948215504
-8.557788944723619            0.2631192964041031
-8.442211055276381            0.26311982766372627
-8.326633165829145            0.2631191583112481
-8.21105527638191             0.26311933931797005
-8.095477386934673            0.2631192506910855
-7.9798994974874375           0.26311926420603593
-7.864321608040202            0.2631192463303856
-7.748743718592964            0.2631192261413921
-7.633165829145728            0.2631192411960532
-7.517587939698492            0.2631191796846374
-7.402010050251256            0.26311926272804814
-7.28643216080402             0.2631192353648793
-7.170854271356784            0.26311920422293145
-7.055276381909547            0.2631190523069358
-6.939698492462311            0.263119172639647
-6.824120603015075            0.2631191832073682
-6.708542713567839            0.26311918766046294
-6.592964824120603            0.26311913463796116
-6.477386934673367            0.26311905410743247
-6.361809045226131            0.2631191260013277
-6.246231155778894            0.2631190625534097
-6.130653266331658            0.2631191303002847
-6.015075376884422            0.2631191278924679
-5.899497487437186            0.26311914351231847
-5.78391959798995             0.26311910740983907
-5.668341708542714            0.26311910467376626
-5.5527638190954764           0.26311905448813955
-5.4371859296482405           0.2631189624294431
-5.321608040201005            0.2631190632700755
-5.206030150753769            0.2631190476449268
-5.090452261306533            0.2631190411022802
-4.974874371859297            0.2631191114324251
-4.859296482412061            0.26311917887403935
-4.743718592964823            0.2631190436422403
-4.628140703517587            0.26311908430999065
-4.5125628140703515           0.2631190079247261
-4.396984924623116            0.2631190102609667
-4.28140703517588             0.2631190148494961
-4.165829145728644            0.2631190008629062
-4.050251256281406            0.26311900966130397
-3.934673366834172            0.26311899565935615
-3.8190954773869343           0.26311899338852485
-3.7035175879396967           0.26311896762335163
-3.5879396984924625           0.26311895961665627
-3.472361809045225            0.26311894361325106
-3.3567839195979907           0.2631189396331265
-3.241206030150753            0.26311890267850774
-3.125628140703519            0.26311886176703775
-3.0100502512562812           0.2631188066805617
-2.8944723618090435           0.2631186773211358
-2.7788944723618094           0.2631184613927386
-2.6633165829145717           0.26311818464544107
-2.5477386934673376           0.2631176905014989
-2.4321608040201              0.2631167857255032
-2.316582914572866            0.2631152231903981
-2.201005025125628            0.2631125248692183
-2.0854271356783904           0.26310785270548287
-1.9698492462311563           0.2630997661859767
-1.8542713567839186           0.26308582319840856
-1.7386934673366845           0.26306186100945567
-1.6231155778894468           0.2630205967980197
-1.5075376884422127           0.26294989755183396
-1.391959798994975            0.26282887759566814
-1.2763819095477373           0.26262248767586766
-1.1608040201005032           0.26227195259222913
-1.0452261306532655           0.26167941338038725
-0.9296482412060314           0.2606836319657327
-0.8140703517587937           0.25902173346577984
-0.698492462311556            0.25627075714883635
-0.5829145728643219           0.2517613463289953
-0.46733668341708423          0.2444522494834686
-0.3517587939698501           0.2327570403754383
-0.23618090452261245          0.2143118374900604
-0.12060301507537828          0.1856763057406827
-0.005025125628140596         0.1419608648745437
0.11055276381909708           0.07637219197238128
0.22613065326633117           -0.02033832189706966
0.34170854271356893           -0.16055058387014406
0.457286432160803             -0.3606234366492501
0.5728643216080407            -0.641980458313104
0.6884422110552748            -1.0325214972106107
0.8040201005025125            -1.5684672692627368
0.9195979899497502            -2.296765962992406
1.0351758793969843            -3.278232478811097
1.150753768844222             -4.591684751175171
1.266331658291456             -6.339517463980228
1.3819095477386938            -8.655237051814293
1.4974874371859315            -11.713282520235367
1.6130653266331656            -15.741463562930349
1.7286432160804033            -21.03695287395121
1.8442211055276374            -27.987271240591415
1.959798994974875             -37.0978380438966
2.075376884422109             -49.02797305892925
2.190954773869347             -64.63786987320248
2.3065326633165846            -85.04987997635435
2.4221105527638187            -111.72847345379982
2.5376884422110564            -146.58457293953649
2.6532663316582905            -192.11169336716623
2.768844221105528             -253.3120224436191
