-20.0                         1.334160998442673
-19.884422110552762           1.3341622467787158
-19.768844221105528           1.3341608419934663
-19.65326633165829            1.3341598062450544
-19.537688442211056           1.3341610543028697
-19.42211055276382            1.3341606675226303
-19.306532663316585           1.3341609223528155
-19.190954773869347           1.3341592387851071
-19.07537688442211            1.3341611962610747
-18.959798994974875           1.3341608131042948
-18.844221105527637           1.3341620582292124
-18.728643216080403           1.3341604785203312
-18.613065326633166           1.334161088828172
-18.49748743718593            1.3341606513795836
-18.381909547738694           1.3341633181946482
-18.266331658291456           1.3341605693913274
-18.150753768844222           1.3341606367206456
-18.035175879396984           1.3341611749191227
-17.91959798994975            1.3341605581830964
-17.804020100502512           1.3341611737849364
-17.688442211055275           1.3341605800304177
-17.57286432160804            1.3341602904158836
-17.457286432160803           1.3341603528303385
-17.34170854271357            1.3341603816008722
-17.22613065326633            1.334160313102929
-17.110552763819094           1.3341603261347352
-16.99497487437186            1.3341608347627782
-16.87939698492462            1.3341599573977094
-16.763819095477388           1.3341611360871044
-16.64824120603015            1.3341601813162383
-16.532663316582916           1.3341606208243193
-16.417085427135678           1.3341603209555217
-16.301507537688444           1.334159633727397
-16.185929648241206           1.3341603415780179
-16.07035175879397            1.3341606700800048
-15.954773869346734           1.334159084898676
-15.839195979899497           1.334160267038983
-15.72361809045226            1.3341604704514134
-15.608040201005025           1.3341614224026488
-15.492462311557789           1.3341602838909048
-15.376884422110553           1.3341604658334916
-15.261306532663315           1.3341603487999618
-15.145728643216081           1.3341603119561283
-15.030150753768844           1.3341611508733398
-14.914572864321608           1.3341599938569824
-14.798994974874372           1.3341592188876648
-14.683417085427136           1.3341603137664289
-14.5678391959799             1.3341602644098722
-14.452261306532662           1.3341602256685514
-14.336683417085428           1.334160078700892
-14.22110552763819            1.3341608745181623
-14.105527638190955           1.3341600348805946
-13.989949748743719           1.3341590287835359
-13.874371859296481           1.334159847860537
-13.758793969849247           1.3341604862012297
-13.64321608040201            1.334159964323154
-13.527638190954773           1.3341591320976822
-13.412060301507537           1.334160034596665
-13.296482412060302           1.3341596218444554
-13.180904522613066           1.3341602302529718
-13.065326633165828           1.3341597076012948
-12.949748743718594           1.334159969018672
-12.834170854271356           1.3341595049095598
-12.71859296482412            1.3341601994964771
-12.603015075376884           1.3341594792062996
-12.487437185929648           1.3341600188948735
-12.371859296482413           1.3341597171233341
-12.256281407035175           1.3341601085445727
-12.14070351758794            1.3341598820881844
-12.025125628140703           1.3341594981795093
-11.909547738693467           1.3341596720859403
-11.793969849246231           1.3341596925562702
-11.678391959798995           1.3341598777789168
-11.56281407035176            1.3341597884393026
-11.447236180904522           1.3341602378835622
-11.331658291457286           1.3341598467600244
-11.21608040201005            1.3341597713423048
-11.100502512562814           1.3341600171772692
-10.984924623115578           1.3341598378522952
-10.869346733668342           1.3341597094607254
-10.753768844221106           1.334158953137672
-10.638190954773869           1.3341599012149954
-10.522613065326633           1.3341595976791034
-10.407035175879397           1.3341598432765016
-10.291457286432161           1.3341607211400373
-10.175879396984925           1.3341596680653796
-10.06030150753769            1.3341595287636001
-9.944723618090451            1.3341597154411862
-9.829145728643216            1.3341592073144672
-9.71356783919598             1.3341602444540657
-9.597989949748744            1.3341596932585007
-9.482412060301508            1.3341596424030204
-9.366834170854272            1.3341597634762616
-9.251256281407034            1.3341596491680925
-9.135678391959798            1.3341595607173509
-9.020100502512562            1.334159727369133
-8.904522613065327            1.3341591044292753
-8.78894472361809             1.3341590380052697
-8.673366834170855            1.3341608069896758
-8.557788944723619            1.334159630632887
-8.442211055276381            1.334160738465086
-8.326633165829145            1.334159072335967
-8.21105527638191             1.334159218575547
-8.095477386934673            1.334159719869712
-7.9798994974874375           1.3341595399127892
-7.864321608040202            1.3341595012499967
-7.748743718592964            1.334159407926745
-7.633165829145728            1.334159567763377
-7.517587939698492            1.334159280248805
-7.402010050251256            1.3341598542847442
-7.28643216080402             1.3341595044466774
-7.170854271356784            1.334159432481186
-7.055276381909547            1.3341591625040643
-6.939698492462311            1.3341594372040744
-6.824120603015075            1.3341594464493818
-6.708542713567839            1.3341592355571132
-6.592964824120603            1.3341594375663772
-6.477386934673367            1.3341594597623592
-6.361809045226131            1.3341594335448121
-6.246231155778894            1.3341592991132678
-6.130653266331658            1.3341593739321767
-6.015075376884422            1.334159362318342
-5.899497487437186            1.3341594206814864
-5.78391959798995             1.3341593197010932
-5.668341708542714            1.3341593551185016
-5.5527638190954764           1.334159195250431
-5.4371859296482405           1.3341590280244997
-5.321608040201005            1.3341591684835332
-5.206030150753769            1.3341592934285849
-5.090452261306533            1.3341594154307288
-4.974874371859297            1.3341592418017636
-4.859296482412061            1.3341594886284387
-4.743718592964823            1.3341592848951118
-4.628140703517587            1.3341594135862878
-4.5125628140703515           1.334159252992901
-4.396984924623116            1.3341592459518572
-4.28140703517588             1.3341592713847072
-4.165829145728644            1.3341592560035096
-4.050251256281406            1.334159115430293
-3.934673366834172            1.3341592792098784
-3.8190954773869343           1.3341593031940124
-3.7035175879396967           1.3341592313206594
-3.5879396984924625           1.334159256768713
-3.472361809045225            1.3341592411355137
-3.3567839195979907           1.3341592542826115
-3.241206030150753            1.3341592187948987
-3.125628140703519            1.3341591878089687
-3.0100502512562812           1.3341591886757906
-2.8944723618090435           1.3341592615971312
-2.7788944723618094           1.334159058970177
-2.6633165829145717           1.3341591975879967
-2.5477386934673376           1.3341591787243985
-2.4321608040201              1.334159170208198
-2.316582914572866            1.3341591783555211
-2.201005025125628            1.3341591899422967
-2.0854271356783904           1.3341591760316516
-1.9698492462311563           1.3341591355199405
-1.8542713567839186           1.3341590709527664
-1.7386934673366845           1.334159100050356
-1.6231155778894468           1.334159047091801
-1.5075376884422127           1.3341591341582193
-1.391959798994975            1.3341590923606648
-1.2763819095477373           1.334159107901899
-1.1608040201005032           1.334159091108119
-1.0452261306532655           1.3341589783751093
-0.9296482412060314           1.3341586252003996
-0.8140703517587937           1.3341576894929337
-0.698492462311556            1.334154172605232
-0.5829145728643219           1.3341436339408823
-0.46733668341708423          1.3341112970169027
-0.3517587939698501           1.3340142464991498
-0.23618090452261245          1.333730821935263
-0.12060301507537828          1.332931359940573
-0.005025125628140596         1.330774091887818
0.11055276381909708           1.3252646024310837
0.22613065326633117           1.3120963193724033
0.34170854271356893           1.2829267028760467
0.457286432160803             1.2233833760349166
0.5728643216080407            1.1113608461206517
0.6884422110552748            0.9159253401180082
0.8040201005025125            0.5964838098084957
0.9195979899497502            0.10146975629381802
1.0351758793969843            -0.6340543486980602
1.150753768844222             -1.6921804829469311
1.266331658291456             -3.1776547299896585
1.3819095477386938            -5.225614301926651
1.4974874371859315            -8.011769108593462
1.6130653266331656            -11.765015998053558
1.7286432160804033            -16.783391141473878
1.8442211055276374            -23.455034388935964
1.959798994974875             -32.285793822547056
2.075376884422109             -43.93528954179415
2.190954773869347             -59.26392964515744
2.3065326633165846            -79.39422132015997
2.4221105527638187            -105.79074907934167
2.5376884422110564            -140.36452046909847
2.6532663316582905            -185.60911391006792
2.768844221105528             -246.52835410191054
