-20.0                         0.6782508460782561
-19.884422110552762           0.6782516794625005
-19.768844221105528           0.6782507504100305
-19.65326633165829            0.6782497962159885
-19.537688442211056           0.6782507182335892
-19.42211055276382            0.6782506651894684
-19.306532663316585           0.6782509171499419
-19.190954773869347           0.6782498195872078
-19.07537688442211            0.6782508638195921
-18.959798994974875           0.6782506041401164
-18.844221105527637           0.6782517235672707
-18.728643216080403           0.6782506082156898
-18.613065326633166           0.6782506330889084
-18.49748743718593            0.678250567244121
-18.381909547738694           0.6782523735846002
-18.266331658291456           0.6782504078346252
-18.150753768844222           0.6782504914055845
-18.035175879396984           0.6782503031843374
-17.91959798994975            0.6782504539799232
-17.804020100502512           0.6782507542444672
-17.688442211055275           0.6782507186960263
-17.57286432160804            0.6782502331882929
-17.457286432160803           0.6782501819096669
-17.34170854271357            0.6782504320047982
-17.22613065326633            0.6782505746047108
-17.110552763819094           0.678250131213403
-16.99497487437186            0.6782504670303157
-16.87939698492462            0.6782502916841728
-16.763819095477388           0.6782506276649317
-16.64824120603015            0.6782502800837495
-16.532663316582916           0.6782501178168662
-16.417085427135678           0.6782502012605341
-16.301507537688444           0.6782498221877552
-16.185929648241206           0.6782501991484149
-16.07035175879397            0.6782503663383991
-15.954773869346734           0.6782493444156752
-15.839195979899497           0.6782500916558647
-15.72361809045226            0.6782501399332339
-15.608040201005025           0.6782504586223661
-15.492462311557789           0.6782500504709288
-15.376884422110553           0.6782498294988326
-15.261306532663315           0.6782501530531627
-15.145728643216081           0.6782500375848385
-15.030150753768844           0.6782507718385484
-14.914572864321608           0.6782498276105011
-14.798994974874372           0.6782492453962742
-14.683417085427136           0.6782500280056495
-14.5678391959799             0.6782499694485267
-14.452261306532662           0.6782499307922338
-14.336683417085428           0.6782498762329745
-14.22110552763819            0.6782500655735391
-14.105527638190955           0.6782498381276163
-13.989949748743719           0.6782490744478207
-13.874371859296481           0.6782497068193887
-13.758793969849247           0.6782504430726479
-13.64321608040201            0.6782497954245787
-13.527638190954773           0.6782493185379139
-13.412060301507537           0.6782498053112844
-13.296482412060302           0.6782498436598751
-13.180904522613066           0.6782498709708108
-13.065326633165828           0.6782493576363352
-12.949748743718594           0.6782498285318828
-12.834170854271356           0.678249354329038
-12.71859296482412            0.6782499664364582
-12.603015075376884           0.678249235211444
-12.487437185929648           0.6782498042495873
-12.371859296482413           0.6782496714500013
-12.256281407035175           0.6782498425720636
-12.14070351758794            0.6782496502176191
-12.025125628140703           0.6782496584672713
-11.909547738693467           0.6782495005176584
-11.793969849246231           0.6782493683034879
-11.678391959798995           0.6782496159222119
-11.56281407035176            0.6782495771203598
-11.447236180904522           0.6782498501234617
-11.331658291457286           0.6782496395878775
-11.21608040201005            0.6782495667723427
-11.100502512562814           0.6782499294497334
-10.984924623115578           0.6782496236212633
-10.869346733668342           0.6782494922175881
-10.753768844221106           0.6782489583419815
-10.638190954773869           0.6782495809615158
-10.522613065326633           0.678249432259672
-10.407035175879397           0.6782495849104384
-10.291457286432161           0.6782500479631299
-10.175879396984925           0.6782494706667354
-10.06030150753769            0.6782493482163253
-9.944723618090451            0.6782494475155919
-9.829145728643216            0.6782492691023171
-9.71356783919598             0.6782497734507246
-9.597989949748744            0.6782494181161495
-9.482412060301508            0.678249403171199
-9.366834170854272            0.6782494630504697
-9.251256281407034            0.6782494017650346
-9.135678391959798            0.6782493689434635
-9.020100502512562            0.6782495165622409
-8.904522613065327            0.6782490971601648
-8.78894472361809             0.6782489929950339
-8.673366834170855            0.678250227015724
-8.557788944723619            0.6782493456209636
-8.442211055276381            0.6782501719351983
-8.326633165829145            0.6782490126916351
-8.21105527638191             0.6782492122245258
-8.095477386934673            0.6782493332211749
-7.9798994974874375           0.6782492973124604
-7.864321608040202            0.6782492592588248
-7.748743718592964            0.6782492102107314
-7.633165829145728            0.6782492878447799
-7.517587939698492            0.6782490860247399
-7.402010050251256            0.6782494597075189
-7.28643216080402             0.6782492681477144
-7.170854271356784            0.6782492099417604
-7.055276381909547            0.6782489670090549
-6.939698492462311            0.6782491866847407
-6.824120603015075            0.6782492104001043
-6.708542713567839            0.6782491159184129
-6.592964824120603            0.6782491659514969
-6.477386934673367            0.6782491053985652
-6.361809045226131            0.6782491525805366
-6.246231155778894            0.6782490660262589
-6.130653266331658            0.6782491548009856
-6.015075376884422            0.6782491609485916
-5.899497487437186            0.6782492135598106
-5.78391959798995             0.678249112778817
-5.668341708542714            0.6782491214427695
-5.5527638190954764           0.6782489965837225
-5.4371859296482405           0.6782488870787818
-5.321608040201005            0.6782490053898197
-5.206030150753769            0.6782490389083098
-5.090452261306533            0.6782490933089589
-4.974874371859297            0.6782491058157633
-4.859296482412061            0.6782492546823198
-4.743718592964823            0.6782490669973475
-4.628140703517587            0.6782491397823946
-4.5125628140703515           0.6782490032083376
-4.396984924623116            0.6782490240154131
-4.28140703517588             0.6782490413053559
-4.165829145728644            0.6782490183562296
-4.050251256281406            0.6782489690789588
-3.934673366834172            0.6782490315049194
-3.8190954773869343           0.6782490406611658
-3.7035175879396967           0.6782489927070985
-3.5879396984924625           0.6782489973922081
-3.472361809045225            0.6782489855408044
-3.3567839195979907           0.6782490036649883
-3.241206030150753            0.6782489562238626
-3.125628140703519            0.6782489545587786
-3.0100502512562812           0.6782489593443686
-2.8944723618090435           0.6782489604986978
-2.7788944723618094           0.678248853275058
-2.6633165829145717           0.6782489204067785
-2.5477386934673376           0.6782489368464443
-2.4321608040201              0.6782489318119455
-2.316582914572866            0.6782489314135195
-2.201005025125628            0.6782489406497808
-2.0854271356783904           0.678248928271443
-1.9698492462311563           0.6782488840837813
-1.8542713567839186           0.6782488109992683
-1.7386934673366845           0.6782487742888147
-1.6231155778894468           0.6782485947581698
-1.5075376884422127           0.6782483211281887
-1.391959798994975            0.6782475170254285
-1.2763819095477373           0.6782456442092206
-1.1608040201005032           0.6782412440546766
-1.0452261306532655           0.6782309227635249
-0.9296482412060314           0.6782069734120357
-0.8140703517587937           0.6781518322141176
-0.698492462311556            0.6780257571894175
-0.5829145728643219           0.6777420277127092
-0.46733668341708423          0.6771131262917598
-0.3517587939698501           0.6757468487036855
-0.23618090452261245          0.6728513648275077
-0.12060301507537828          0.6668975622389952
-0.005025125628140596         0.6550859676218855
0.11055276381909708           0.6325958990095961
0.22613065326633117           0.5916585436267294
0.34170854271356893           0.5205579310976464
0.457286432160803             0.4026548103239186
0.5728643216080407            0.21542063268042044
0.6884422110552748            -0.07067843064093825
0.8040201005025125            -0.49369296129386675
0.9195979899497502            -1.1023342085153895
1.0351758793969843            -1.958953307054469
1.150753768844222             -3.1435947067301444
1.266331658291456             -4.759550204720718
1.3819095477386938            -6.940972442578853
1.4974874371859315            -9.86283200361191
1.6130653266331656            -13.753411609603967
1.7286432160804033            -18.910269309145864
1.8442211055276374            -25.721208395529587
1.959798994974875             -34.69184789649263
2.075376884422109             -46.48164977499491
2.190954773869347             -61.950910478301395
2.3065326633165846            -82.22205688557813
2.4221105527638187            -108.75961490394278
2.5376884422110564            -143.47454882900388
2.6532663316582905            -188.86040488123848
2.768844221105528             -249.92018827276482
