-20.0                         1.0325255660205184
-19.884422110552762           1.0325266117130778
-19.768844221105528           1.0325254329663633
-19.65326633165829            1.0325244011459367
-19.537688442211056           1.0325254928446859
-19.42211055276382            1.032525276495434
-19.306532663316585           1.0325255808828928
-19.190954773869347           1.032524080404337
-19.07537688442211            1.0325256695907417
-18.959798994974875           1.03252532772412
-18.844221105527637           1.032526607116753
-18.728643216080403           1.032525172327519
-18.613065326633166           1.0325254884590247
-18.49748743718593            1.0325252424236375
-18.381909547738694           1.0325275704361057
-18.266331658291456           1.0325251071710837
-18.150753768844222           1.0325251829014936
-18.035175879396984           1.0325253634610132
-17.91959798994975            1.0325251404052052
-17.804020100502512           1.03252561660593
-17.688442211055275           1.0325253079701704
-17.57286432160804            1.0325248355059267
-17.457286432160803           1.032524885258337
-17.34170854271357            1.0325250426282244
-17.22613065326633            1.0325250836715496
-17.110552763819094           1.0325248415550976
-16.99497487437186            1.0325253049429843
-16.87939698492462            1.0325247362495673
-16.763819095477388           1.0325255262352462
-16.64824120603015            1.0325248430699234
-16.532663316582916           1.0325249579143516
-16.417085427135678           1.0325248787176762
-16.301507537688444           1.0325242949871734
-16.185929648241206           1.032524889265478
-16.07035175879397            1.032525158730546
-15.954773869346734           1.0325238038150015
-15.839195979899497           1.0325247998273044
-15.72361809045226            1.0325249170658286
-15.608040201005025           1.032525605791675
-15.492462311557789           1.0325247899369723
-15.376884422110553           1.032524747522873
-15.261306532663315           1.0325248786950054
-15.145728643216081           1.0325248000547564
-15.030150753768844           1.0325256499455746
-14.914572864321608           1.032524528767638
-14.798994974874372           1.0325238139835482
-14.683417085427136           1.0325247973160554
-14.5678391959799             1.0325247246323113
-14.452261306532662           1.0325246839529314
-14.336683417085428           1.0325245978352442
-14.22110552763819            1.0325251141460932
-14.105527638190955           1.032524548804341
-13.989949748743719           1.0325236515338598
-13.874371859296481           1.0325243944308016
-13.758793969849247           1.0325250923095581
-13.64321608040201            1.0325244936158924
-13.527638190954773           1.0325238080736112
-13.412060301507537           1.032524536995719
-13.296482412060302           1.0325243409712461
-13.180904522613066           1.0325246804682067
-13.065326633165828           1.0325241398276148
-12.949748743718594           1.0325245222104498
-12.834170854271356           1.0325240438269665
-12.71859296482412            1.0325247132239337
-12.603015075376884           1.0325239594740072
-12.487437185929648           1.0325245420721374
-12.371859296482413           1.03252430531095
-12.256281407035175           1.0325246145334641
-12.14070351758794            1.032524387392353
-12.025125628140703           1.0325241865980432
-11.909547738693467           1.0325242053022985
-11.793969849246231           1.0325241240365368
-11.678391959798995           1.0325243678453178
-11.56281407035176            1.0325243043712864
-11.447236180904522           1.0325246770009548
-11.331658291457286           1.032524368222981
-11.21608040201005            1.0325242897705453
-11.100502512562814           1.0325245982041498
-10.984924623115578           1.0325243569190732
-10.869346733668342           1.0325242218689181
-10.753768844221106           1.0325235610089714
-10.638190954773869           1.0325243681664102
-10.522613065326633           1.032524132260766
-10.407035175879397           1.0325243554147177
-10.291457286432161           1.0325250439260063
-10.175879396984925           1.0325241922275885
-10.06030150753769            1.032524058502655
-9.944723618090451            1.0325242000336983
-9.829145728643216            1.0325238417125537
-9.71356783919598             1.0325246686795255
-9.597989949748744            1.0325241791335555
-9.482412060301508            1.032524143245877
-9.366834170854272            1.0325242442449916
-9.251256281407034            1.0325241487163257
-9.135678391959798            1.03252408244612
-9.020100502512562            1.0325242671191952
-8.904522613065327            1.0325237038778292
-8.78894472361809             1.0325236259165385
-8.673366834170855            1.032525166751045
-8.557788944723619            1.0325241142197183
-8.442211055276381            1.032525103953353
-8.326633165829145            1.0325236543507823
-8.21105527638191             1.0325238260277436
-8.095477386934673            1.032524158771194
-7.9798994974874375           1.032524047825103
-7.864321608040202            1.0325240040116288
-7.748743718592964            1.0325239307861038
-7.633165829145728            1.0325240547875094
-7.517587939698492            1.032523789221097
-7.402010050251256            1.0325243051171606
-7.28643216080402             1.0325240125904278
-7.170854271356784            1.0325239439965996
-7.055276381909547            1.0325236775763964
-6.939698492462311            1.0325239348851158
-6.824120603015075            1.0325239538405049
-6.708542713567839            1.0325237932829305
-6.592964824120603            1.0325239261761765
-6.477386934673367            1.0325239060973659
-6.361809045226131            1.0325239164690825
-6.246231155778894            1.0325238053798802
-6.130653266331658            1.0325238905489966
-6.015075376884422            1.0325238919588913
-5.899497487437186            1.0325239527862897
-5.78391959798995             1.0325238390251894
-5.668341708542714            1.032523862235548
-5.5527638190954764           1.032523708114885
-5.4371859296482405           1.0325235746370456
-5.321608040201005            1.0325237000814322
-5.206030150753769            1.0325237828055591
-5.090452261306533            1.0325238822561271
-4.974874371859297            1.0325237969372922
-4.859296482412061            1.0325240020226942
-4.743718592964823            1.032523801730527
-4.628140703517587            1.0325239037456047
-4.5125628140703515           1.0325237459517513
-4.396984924623116            1.0325237582806868
-4.28140703517588             1.0325237818102242
-4.165829145728644            1.0325237601627302
-4.050251256281406            1.0325236608709119
-3.934673366834172            1.0325237816967883
-3.8190954773869343           1.0325237987294411
-3.7035175879396967           1.032523736782124
-3.5879396984924625           1.0325237523946666
-3.472361809045225            1.0325237382602324
-3.3567839195979907           1.0325237575853605
-3.241206030150753            1.0325237077484455
-3.125628140703519            1.032523695067047
-3.0100502512562812           1.0325236983153467
-2.8944723618090435           1.0325237364547315
-2.7788944723618094           1.03252357776307
-2.6633165829145717           1.0325236829638589
-2.5477386934673376           1.0325236824074047
-2.4321608040201              1.0325236762956846
-2.316582914572866            1.032523680253433
-2.201005025125628            1.03252369403392
-2.0854271356783904           1.0325236817822272
-1.9698492462311563           1.032523642070161
-1.8542713567839186           1.0325235827312929
-1.7386934673366845           1.0325236065691348
-1.6231155778894468           1.0325235583937125
-1.5075376884422127           1.0325236231903643
-1.391959798994975            1.0325235635568752
-1.2763819095477373           1.0325234825411076
-1.1608040201005032           1.0325232211437925
-1.0452261306532655           1.0325224384120166
-0.9296482412060314           1.0325202697140505
-0.8140703517587937           1.0325143625077542
-0.698492462311556            1.0324976913796042
-0.5829145728643219           1.0324527567912465
-0.46733668341708423          1.0323327183188216
-0.3517587939698501           1.0320187996006809
-0.23618090452261245          1.031219521891292
-0.12060301507537828          1.0292518110312308
-0.005025125628140596         1.0246061420823716
0.11055276381909708           1.014178686880684
0.22613065326633117           0.992108167094352
0.34170854271356893           0.9483186858373047
0.457286432160803             0.8670539330593097
0.5728643216080407            0.7256740960372466
0.6884422110552748            0.4936823362368636
0.8040201005025125            0.13159755592608088
0.9195979899497502            -0.4108024985624302
1.0351758793969843            -1.197210133132352
1.150753768844222             -2.3087282330574097
1.266331658291456             -3.849403691314087
1.3819095477386938            -5.953906724956108
1.4974874371859315            -8.797604178437128
1.6130653266331656            -12.609112876076152
1.7286432160804033            -17.686253524639692
1.8442211055276374            -24.417015938516876
1.959798994974875             -33.30714713394787
2.075376884422109             -45.016198034731175
2.190954773869347             -60.404528228695646
2.3065326633165846            -80.59461019457605
2.4221105527638187            -107.05100321976424
2.5376884422110564            -141.68469629365904
2.6532663316582905            -186.98925405522476
2.768844221105528             -247.96815309688543
