-20.0                         0.20274239301339841
-19.884422110552762           0.20274280899027725
-19.768844221105528           0.20274234741469524
-19.65326633165829            0.20274179459089076
-19.537688442211056           0.20274232334723674
-19.42211055276382            0.20274239894010576
-19.306532663316585           0.20274235345942737
-19.190954773869347           0.20274231768532824
-19.07537688442211            0.20274228675142014
-18.959798994974875           0.20274224039782718
-18.844221105527637           0.20274245429339782
-18.728643216080403           0.20274222681923973
-18.613065326633166           0.20274210383473498
-18.49748743718593            0.2027421656953797
-18.381909547738694           0.20274266161257098
-18.266331658291456           0.20274207405388994
-18.150753768844222           0.20274213492682908
-18.035175879396984           0.20274170532649663
-17.91959798994975            0.20274204995499245
-17.804020100502512           0.20274207074236353
-17.688442211055275           0.2027421190652129
-17.57286432160804            0.20274205917612956
-17.457286432160803           0.20274186812545342
-17.34170854271357            0.20274199740447102
-17.22613065326633            0.20274208790526305
-17.110552763819094           0.20274185654437663
-16.99497487437186            0.20274191122717208
-16.87939698492462            0.20274201400949707
-16.763819095477388           0.20274192529557294
-16.64824120603015            0.2027419311187851
-16.532663316582916           0.2027418291671429
-16.417085427135678           0.20274188537018165
-16.301507537688444           0.2027418639572629
-16.185929648241206           0.2027417964133921
-16.07035175879397            0.2027418337231893
-15.954773869346734           0.2027415339239637
-15.839195979899497           0.20274173326217193
-15.72361809045226            0.20274172731532888
-15.608040201005025           0.20274159852197926
-15.492462311557789           0.2027416495298158
-15.376884422110553           0.20274153519405377
-15.261306532663315           0.20274169009143664
-15.145728643216081           0.2027416210495405
-15.030150753768844           0.2027417613737777
-14.914572864321608           0.20274151217691297
-14.798994974874372           0.20274139168225533
-14.683417085427136           0.2027415711315307
-14.5678391959799             0.20274159542411274
-14.452261306532662           0.20274156655411593
-14.336683417085428           0.2027415008659754
-14.22110552763819            0.2027414040068742
-14.105527638190955           0.20274151153907669
-13.989949748743719           0.20274107876930222
-13.874371859296481           0.20274140853624256
-13.758793969849247           0.2027419131549947
-13.64321608040201            0.20274145631043788
-13.527638190954773           0.20274142786875765
-13.412060301507537           0.20274142736007975
-13.296482412060302           0.20274159586374207
-13.180904522613066           0.20274138971406397
-13.065326633165828           0.202741116593641
-12.949748743718594           0.20274141507275553
-12.834170854271356           0.20274110328552314
-12.71859296482412            0.20274144895213284
-12.603015075376884           0.20274108281152042
-12.487437185929648           0.20274133187286378
-12.371859296482413           0.20274132457670901
-12.256281407035175           0.20274133352079796
-12.14070351758794            0.20274124758547146
-12.025125628140703           0.2027414111649361
-11.909547738693467           0.20274116859653227
-11.793969849246231           0.2027411623402525
-11.678391959798995           0.20274121105847007
-11.56281407035176            0.20274119448526096
-11.447236180904522           0.2027412617947581
-11.331658291457286           0.20274120356046704
-11.21608040201005            0.20274117207472545
-11.100502512562814           0.20274145882636696
-10.984924623115578           0.20274117206221734
-10.869346733668342           0.2027411051090471
-10.753768844221106           0.20274086863017388
-10.638190954773869           0.2027411135190147
-10.522613065326633           0.20274109700820112
-10.407035175879397           0.20274108547062694
-10.291457286432161           0.2027411412196518
-10.175879396984925           0.20274106157871677
-10.06030150753769            0.20274099849862987
-9.944723618090451            0.20274103183153222
-9.829145728643216            0.202741091854887
-9.71356783919598             0.20274102401920843
-9.597989949748744            0.20274099330975584
-9.482412060301508            0.20274100045542734
-9.366834170854272            0.20274097582068973
-9.251256281407034            0.20274097108937184
-9.135678391959798            0.20274096901676245
-9.020100502512562            0.20274096596567281
-8.904522613065327            0.20274094176956736
-8.78894472361809             0.2027408113714644
-8.673366834170855            0.2027413383300986
-8.557788944723619            0.2027408840586376
-8.442211055276381            0.2027413013728794
-8.326633165829145            0.20274080536170055
-8.21105527638191             0.2027409444415452
-8.095477386934673            0.20274084674159393
-7.9798994974874375           0.20274085578534337
-7.864321608040202            0.20274084290880512
-7.748743718592964            0.20274082986496772
-7.633165829145728            0.20274082899771706
-7.517587939698492            0.20274080470730615
-7.402010050251256            0.20274081624004736
-7.28643216080402             0.2027408209590585
-7.170854271356784            0.2027407988883101
-7.055276381909547            0.20274069308798662
-6.939698492462311            0.20274076904462207
-6.824120603015075            0.20274077184621017
-6.708542713567839            0.20274080069652473
-6.592964824120603            0.20274072913186178
-6.477386934673367            0.20274065792930776
-6.361809045226131            0.20274072301209362
-6.246231155778894            0.20274066503716556
-6.130653266331658            0.20274071913910022
-6.015075376884422            0.2027407148316791
-5.899497487437186            0.20274071697720003
-5.78391959798995             0.20274069929530913
-5.668341708542714            0.20274069621521118
-5.5527638190954764           0.2027406673936002
-5.4371859296482405           0.2027405882768569
-5.321608040201005            0.20274066839255256
-5.206030150753769            0.20274064761227908
-5.090452261306533            0.20274063399257883
-4.974874371859297            0.20274068804983336
-4.859296482412061            0.20274073172818824
-4.743718592964823            0.2027406256214025
-4.628140703517587            0.20274065289738152
-4.5125628140703515           0.2027405908424854
-4.396984924623116            0.2027405772716141
-4.28140703517588             0.2027405641333606
-4.165829145728644            0.20274053161247035
-4.050251256281406            0.2027405141524546
-3.934673366834172            0.20274043806543512
-3.8190954773869343           0.2027403544671162
-3.7035175879396967           0.20274021579365364
-3.5879396984924625           0.20274002176792036
-3.472361809045225            0.20273972201078008
-3.3567839195979907           0.20273927777702894
-3.241206030150753            0.20273857871792766
-3.125628140703519            0.20273750781327704
-3.0100502512562812           0.20273587746103416
-2.8944723618090435           0.20273333878630953
-2.7788944723618094           0.20272945373114418
-2.6633165829145717           0.20272353965093282
-2.5477386934673376           0.2027144539253232
-2.4321608040201              0.20270046379528162
-2.316582914572866            0.2026789960506399
-2.201005025125628            0.20264607650705707
-2.0854271356783904           0.20259563104934206
-1.9698492462311563           0.20251839908760366
-1.8542713567839186           0.2024003236631879
-1.7386934673366845           0.2022200882527878
-1.6231155778894468           0.20194534389893481
-1.5075376884422127           0.2015275247290122
-1.391959798994975            0.20089350236355996
-1.2763819095477373           0.19993416117074278
-1.1608040201005032           0.19848741149061647
-1.0452261306532655           0.19631397478294144
-0.9296482412060314           0.1930633720011763
-0.8140703517587937           0.18822641272124468
-0.698492462311556            0.18107009792107542
-0.5829145728643219           0.170550289203449
-0.46733668341708423          0.15519482830670012
-0.3517587939698501           0.13295136911310823
-0.23618090452261245          0.10099012295000016
-0.12060301507537828          0.05545096059075404
-0.005025125628140596         -0.008879657314612818
0.11055276381909708           -0.0989807421545862
0.22613065326633117           -0.2241240748792757
0.34170854271356893           -0.3965505798051011
0.457286432160803             -0.6323421287090997
0.5728643216080407            -0.9525477078902467
0.6884422110552748            -1.384640780556123
0.8040201005025125            -1.9644055105222613
0.9195979899497502            -2.738375852757969
1.0351758793969843            -3.766998818184234
1.150753768844222             -5.128789891768753
1.266331658291456             -6.925914876575167
1.3819095477386938            -9.2917054794955
1.4974874371859315            -12.400445555122085
1.6130653266331656            -16.47979910930744
1.7286432160804033            -21.82681597120938
1.8442211055276374            -28.82892411816279
1.959798994974875             -37.99147555391808
2.075376884422109             -49.97374100383816
2.190954773869347             -65.63587796274646
2.3065326633165846            -86.10021111676338
2.4221105527638187            -112.83119050284765
2.5376884422110564            -147.73972367506354
2.6532663316582905            -193.31931417420736
2.768844221105528             -254.5718465642221
