-20.0                         0.9225493099195728
-19.884422110552762           0.9225502873850316
-19.768844221105528           0.9225491877605597
-19.65326633165829            0.9225481700598265
-19.537688442211056           0.9225492084742181
-19.42211055276382            0.9225490472683305
-19.306532663316585           0.9225493498147056
-19.190954773869347           0.9225479496613412
-19.07537688442211            0.9225493841435928
-18.959798994974875           0.9225490632160316
-18.844221105527637           0.9225503200538978
-18.728643216080403           0.9225489661644916
-18.613065326633166           0.9225491828155915
-18.49748743718593            0.9225489989170982
-18.381909547738694           0.9225511813866211
-18.266331658291456           0.9225488509227762
-18.150753768844222           0.9225489293403736
-18.035175879396984           0.9225489882328686
-17.91959798994975            0.922548893272177
-17.804020100502512           0.9225493158870586
-17.688442211055275           0.9225491019625189
-17.57286432160804            0.9225486000303074
-17.457286432160803           0.9225486272525733
-17.34170854271357            0.9225488225636741
-17.22613065326633            0.922548899397247
-17.110552763819094           0.9225485796487236
-16.99497487437186            0.9225490112767891
-16.87939698492462            0.9225485650814388
-16.763819095477388           0.9225492111463348
-16.64824120603015            0.922548632687959
-16.532663316582916           0.9225486449850687
-16.417085427135678           0.9225486293313959
-16.301507537688444           0.9225480999190839
-16.185929648241206           0.9225486374483595
-16.07035175879397            0.9225488774937964
-15.954773869346734           0.9225476179412121
-15.839195979899497           0.9225485411839977
-15.72361809045226            0.922548633225786
-15.608040201005025           0.9225492123188244
-15.492462311557789           0.9225485214705367
-15.376884422110553           0.9225484114533162
-15.261306532663315           0.9225486170507368
-15.145728643216081           0.9225485242992244
-15.030150753768844           0.9225493556488827
-14.914572864321608           0.9225482715452231
-14.798994974874372           0.9225475894599654
-14.683417085427136           0.9225485201429245
-14.5678391959799             0.922548446411161
-14.452261306532662           0.9225484059757253
-14.336683417085428           0.9225483347405068
-14.22110552763819            0.9225487475015882
-14.105527638190955           0.9225482868595637
-13.989949748743719           0.9225474297866514
-13.874371859296481           0.922548141434198
-13.758793969849247           0.9225488562156635
-13.64321608040201            0.9225482364435046
-13.527638190954773           0.922547610573296
-13.412060301507537           0.922548269458802
-13.296482412060302           0.9225481498665823
-13.180904522613066           0.9225483902555369
-13.065326633165828           0.9225478520553725
-12.949748743718594           0.9225482695420232
-12.834170854271356           0.9225477892197028
-12.71859296482412            0.9225484449018673
-12.603015075376884           0.9225476894644974
-12.487437185929648           0.922548276760369
-12.371859296482413           0.9225480700035237
-12.256281407035175           0.9225483396628691
-12.14070351758794            0.9225481193437528
-12.025125628140703           0.9225479850225982
-11.909547738693467           0.9225479471906871
-11.793969849246231           0.9225478411057474
-11.678391959798995           0.9225480945076041
-11.56281407035176            0.922548039637312
-11.447236180904522           0.9225483826986286
-11.331658291457286           0.9225481042307839
-11.21608040201005            0.9225480264462579
-11.100502512562814           0.9225483544727459
-10.984924623115578           0.922548091744683
-10.869346733668342           0.922547956166337
-10.753768844221106           0.9225473325023461
-10.638190954773869           0.9225480846521711
-10.522613065326633           0.9225478752914469
-10.407035175879397           0.9225480816191954
-10.291457286432161           0.92254870098223
-10.175879396984925           0.922547930071258
-10.06030150753769            0.9225477988894293
-9.944723618090451            0.9225479262095021
-9.829145728643216            0.9225476232846939
-9.71356783919598             0.9225483590702442
-9.597989949748744            0.9225479034614502
-9.482412060301508            0.9225478738712848
-9.366834170854272            0.9225479642545814
-9.251256281407034            0.9225478780496111
-9.135678391959798            0.922547821724449
-9.020100502512562            0.9225480017859122
-8.904522613065327            0.922547473656889
-8.78894472361809             0.9225473890139192
-8.673366834170855            0.9225488402920666
-8.557788944723619            0.9225478371142452
-8.442211055276381            0.9225487797440642
-8.326633165829145            0.9225474150010975
-8.21105527638191             0.9225475960950417
-8.095477386934673            0.9225478636716199
-7.9798994974874375           0.9225477773741473
-7.864321608040202            0.9225477340115462
-7.748743718592964            0.9225476683018161
-7.633165829145728            0.9225477783241727
-7.517587939698492            0.9225475279186314
-7.402010050251256            0.9225480087506817
-7.28643216080402             0.9225477436233364
-7.170854271356784            0.9225476773783245
-7.055276381909547            0.9225474155687062
-6.939698492462311            0.92254766349096
-6.824120603015075            0.9225476849136851
-6.708542713567839            0.9225475439110977
-6.592964824120603            0.9225476513250868
-6.477386934673367            0.9225476174134668
-6.361809045226131            0.922547640014004
-6.246231155778894            0.9225475369659932
-6.130653266331658            0.9225476244736917
-6.015075376884422            0.9225476286837851
-5.899497487437186            0.9225476884671915
-5.78391959798995             0.9225475751355865
-5.668341708542714            0.9225475937111873
-5.5527638190954764           0.9225474458926367
-5.4371859296482405           0.922547321658876
-5.321608040201005            0.9225474439028701
-5.206030150753769            0.9225475111128578
-5.090452261306533            0.9225475984387765
-4.974874371859297            0.9225475450553307
-4.859296482412061            0.9225477335544213
-4.743718592964823            0.9225475359551797
-4.628140703517587            0.9225476285216347
-4.5125628140703515           0.9225474750110052
-4.396984924623116            0.922547491951322
-4.28140703517588             0.9225475139756217
-4.165829145728644            0.9225474911124132
-4.050251256281406            0.9225474071783063
-3.934673366834172            0.9225475107806359
-3.8190954773869343           0.922547525333987
-3.7035175879396967           0.9225474673987998
-3.5879396984924625           0.9225474794670107
-3.472361809045225            0.9225474660330505
-3.3567839195979907           0.9225474859328705
-3.241206030150753            0.9225474345140852
-3.125628140703519            0.9225474266539597
-3.0100502512562812           0.9225474305898922
-2.8944723618090435           0.9225474566559448
-2.7788944723618094           0.9225473139426698
-2.6633165829145717           0.9225474071971034
-2.5477386934673376           0.9225474125155969
-2.4321608040201              0.9225474069779457
-2.316582914572866            0.9225474096515562
-2.201005025125628            0.9225474231328227
-2.0854271356783904           0.9225474118103036
-1.9698492462311563           0.9225473729275354
-1.8542713567839186           0.9225473152546699
-1.7386934673366845           0.9225473352034034
-1.6231155778894468           0.9225472816747624
-1.5075376884422127           0.9225473220682078
-1.391959798994975            0.92254721510529
-1.2763819095477373           0.922546994234485
-1.1608040201005032           0.9225463814126353
-1.0452261306532655           0.9225447039086451
-0.9296482412060314           0.9225402807064309
-0.8140703517587937           0.9225287363552244
-0.698492462311556            0.9224982871520822
-0.5829145728643219           0.9224202875444198
-0.46733668341708423          0.9222229575364772
-0.3517587939698501           0.9217341127479922
-0.23618090452261245          0.9205546119177388
-0.12060301507537828          0.9178008724452222
-0.005025125628140596         0.9116268009674694
0.11055276381909708           0.8984357617513522
0.22613065326633117           0.8717636432399607
0.34170854271356893           0.8209578625364603
0.457286432160803             0.7298909803518899
0.5728643216080407            0.5758736905141602
0.6884422110552748            0.3286624674673978
0.8040201005025125            -0.05078966285523662
0.9195979899497502            -0.612227008258285
1.0351758793969843            -1.4189124002750766
1.150753768844222             -2.551609586573901
1.266331658291456             -4.114124598971161
1.3819095477386938            -6.24096433818125
1.4974874371859315            -9.107372695127793
1.6130653266331656            -12.941864175722014
1.7286432160804033            -18.04217974606849
1.8442211055276374            -24.796253042288345
1.959798994974875             -33.709792818663054
2.075376884422109             -45.442323569154915
2.190954773869347             -60.85418621411688
2.3065326633165846            -81.06783980176377
2.4221105527638187            -107.54783381676218
2.5376884422110564            -142.2051500131902
2.6532663316582905            -187.53334764283463
2.768844221105528             -248.53576616221204
