-20.0                         0.9970772192310972
-19.884422110552762           0.9970782426211657
-19.768844221105528           0.9970770895816664
-19.65326633165829            0.9970760614544016
-19.537688442211056           0.9970771358112999
-19.42211055276382            0.9970769376641468
-19.306532663316585           0.9970772427659452
-19.190954773869347           0.9970757724268863
-19.07537688442211            0.9970773130494136
-18.959798994974875           0.9970769775325137
-18.844221105527637           0.9970782519849171
-18.728643216080403           0.9970768415733761
-18.613065326633166           0.9970771249762727
-18.49748743718593            0.9970768995048445
-18.381909547738694           0.9970791820082432
-18.266331658291456           0.9970767596854349
-18.150753768844222           0.9970768363009482
-18.035175879396984           0.9970769770532307
-17.91959798994975            0.9970767963240807
-17.804020100502512           0.9970772553750966
-17.688442211055275           0.997076978007475
-17.57286432160804            0.9970764936964579
-17.457286432160803           0.9970765371761696
-17.34170854271357            0.997076707480919
-17.22613065326633            0.9970767603663312
-17.110552763819094           0.9970764920669353
-16.99497487437186            0.9970769460618379
-16.87939698492462            0.9970764165312892
-16.763819095477388           0.9970771600721722
-16.64824120603015            0.9970765104994609
-16.532663316582916           0.9970765910326272
-16.417085427135678           0.997076533457806
-16.301507537688444           0.9970759662816936
-16.185929648241206           0.9970765432559482
-16.07035175879397            0.9970768035928732
-15.954773869346734           0.997075478698091
-15.839195979899497           0.9970764516029862
-15.72361809045226            0.9970765603425185
-15.608040201005025           0.9970772144157932
-15.492462311557789           0.9970764385417289
-15.376884422110553           0.9970763733446055
-15.261306532663315           0.9970765296744556
-15.145728643216081           0.9970764463261144
-15.030150753768844           0.9970772917369997
-14.914572864321608           0.9970761809463003
-14.798994974874372           0.9970754759914121
-14.683417085427136           0.9970764431587631
-14.5678391959799             0.9970763696372072
-14.452261306532662           0.9970763289895354
-14.336683417085428           0.9970762481452908
-14.22110552763819            0.9970767310459254
-14.105527638190955           0.9970761992847277
-13.989949748743719           0.9970753149082154
-13.874371859296481           0.9970760479732744
-13.758793969849247           0.9970767516607589
-13.64321608040201            0.9970761457005284
-13.527638190954773           0.9970754789726931
-13.412060301507537           0.9970761857587314
-13.296482412060302           0.9970760146072174
-13.180904522613066           0.9970763221068846
-13.065326633165828           0.9970757817052638
-12.949748743718594           0.9970761760190511
-12.834170854271356           0.9970756967691045
-12.71859296482412            0.9970763620633236
-12.603015075376884           0.9970756070599572
-12.487437185929648           0.9970761919113006
-12.371859296482413           0.9970759645138902
-12.256281407035175           0.9970762614477091
-12.14070351758794            0.9970760360947413
-12.025125628140703           0.9970758567977295
-11.909547738693467           0.9970758572131104
-11.793969849246231           0.9970757671526371
-11.678391959798995           0.9970760147994333
-11.56281407035176            0.9970759541737529
-11.447236180904522           0.9970763173787952
-11.331658291457286           0.9970760183533784
-11.21608040201005            0.9970759400161245
-11.100502512562814           0.9970762549797418
-10.984924623115578           0.997076006689632
-10.869346733668342           0.9970758713359078
-10.753768844221106           0.9970752222972725
-10.638190954773869           0.997076011930401
-10.522613065326633           0.9970757845028416
-10.407035175879397           0.9970760027423419
-10.291457286432161           0.9970766689943622
-10.175879396984925           0.9970758429107537
-10.06030150753769            0.9970757099456784
-9.944723618090451            0.9970758467703968
-9.829145728643216            0.9970755062600696
-9.71356783919598             0.9970763047092503
-9.597989949748744            0.9970758253838194
-9.482412060301508            0.9970757914917889
-9.366834170854272            0.9970758892733839
-9.251256281407034            0.9970757966101964
-9.135678391959798            0.9970757334653101
-9.020100502512562            0.9970759173248259
-8.904522613065327            0.9970753645444719
-8.78894472361809             0.997075284576457
-8.673366834170855            0.997076796988601
-8.557788944723619            0.9970757600714609
-8.442211055276381            0.9970767349047213
-8.326633165829145            0.9970753122426584
-8.21105527638191             0.9970754869771548
-8.095477386934673            0.9970757988654524
-7.9798994974874375           0.9970756959412523
-7.864321608040202            0.9970756521365349
-7.748743718592964            0.9970755813289742
-7.633165829145728            0.997075700870089
-7.517587939698492            0.9970754397553946
-7.402010050251256            0.9970759452017305
-7.28643216080402             0.9970756611203768
-7.170854271356784            0.9970755932079736
-7.055276381909547            0.9970753280531566
-6.939698492462311            0.9970755825297989
-6.824120603015075            0.9970756023599612
-6.708542713567839            0.9970754480262554
-6.592964824120603            0.9970755727262143
-6.477386934673367            0.9970755480830169
-6.361809045226131            0.9970755624659481
-6.246231155778894            0.9970754540033723
-6.130653266331658            0.9970755400259531
-6.015075376884422            0.9970755424636459
-5.899497487437186            0.9970756030826186
-5.78391959798995             0.9970754891330188
-5.668341708542714            0.9970755108498028
-5.5527638190954764           0.9970753585020424
-5.4371859296482405           0.9970752281854965
-5.321608040201005            0.9970753524770791
-5.206030150753769            0.9970754301927417
-5.090452261306533            0.9970755259467572
-4.974874371859297            0.9970754509958405
-4.859296482412061            0.9970756508169827
-4.743718592964823            0.9970754512980057
-4.628140703517587            0.9970755502390838
-4.5125628140703515           0.9970753936171051
-4.396984924623116            0.9970754076027105
-4.28140703517588             0.9970754306920048
-4.165829145728644            0.997075408580249
-4.050251256281406            0.9970753142212965
-3.934673366834172            0.9970754295877551
-3.8190954773869343           0.9970754458171006
-3.7035175879396967           0.9970753851362227
-3.5879396984924625           0.9970753995978936
-3.472361809045225            0.9970753856842633
-3.3567839195979907           0.9970754052919026
-3.241206030150753            0.9970753547211191
-3.125628140703519            0.9970753437175851
-3.0100502512562812           0.9970753472029787
-2.8944723618090435           0.9970753814046603
-2.7788944723618094           0.9970752278650945
-2.6633165829145717           0.9970753292010146
-2.5477386934673376           0.9970753305883727
-2.4321608040201              0.9970753246792513
-2.316582914572866            0.997075328210887
-2.201005025125628            0.997075341964465
-2.0854271356783904           0.9970753300073638
-1.9698492462311563           0.9970752905593704
-1.8542713567839186           0.9970752318403161
-1.7386934673366845           0.9970752547273701
-1.6231155778894468           0.9970752056993721
-1.5075376884422127           0.9970752647083756
-1.391959798994975            0.9970751949336393
-1.2763819095477373           0.9970750814658451
-1.1608040201005032           0.9970747374921901
-1.0452261306532655           0.9970737400175718
-0.9296482412060314           0.9970710187133459
-0.8140703517587937           0.9970636975874763
-0.698492462311556            0.9970434968139429
-0.5829145728643219           0.9969899061191064
-0.46733668341708423          0.9968491948222891
-0.3517587939698501           0.9964874827442998
-0.23618090452261245          0.9955821088286184
-0.12060301507537828          0.9933904831968545
-0.005025125628140596         0.9883006211215858
0.11055276381909708           0.9770547125606933
0.22613065326633117           0.9535979443365734
0.34170854271356893           0.9076636268983487
0.457286432160803             0.8233670320225469
0.5728643216080407            0.6780439284022229
0.6884422110552748            0.4412741457487853
0.8040201005025125            0.07371524024293065
0.9195979899497502            -0.4747001472048603
1.0351758793969843            -1.2675244952651519
1.150753768844222             -2.385750204804032
1.266331658291456             -3.933345786640077
1.3819095477386938            -6.044928468817743
1.4974874371859315            -8.895825390723141
1.6130653266331656            -12.714620457303198
1.7286432160804033            -17.799108782870693
1.8442211055276374            -24.53726219195422
1.959798994974875             -33.43481547407991
2.075376884422109             -45.15131112213325
2.190954773869347             -60.54710277733951
2.3065326633165846            -80.74465864463892
2.4221105527638187            -107.20853489461915
2.5376884422110564            -141.84971821765478
2.6532663316582905            -187.16177154177655
2.768844221105528             -248.14812797125728
