-20.0                         0.8708862983318052
-19.884422110552762           0.8708872446574722
-19.768844221105528           0.8708861815853766
-19.65326633165829            0.8708851733756762
-19.537688442211056           0.8708861871810264
-19.42211055276382            0.8708860505134286
-19.306532663316585           0.8708863479072424
-19.190954773869347           0.8708850021223171
-19.07537688442211            0.8708863596743073
-18.959798994974875           0.8708860499099151
-18.844221105527637           0.870887288400163
-18.728643216080403           0.8708859779825899
-18.613065326633166           0.8708861502721446
-18.49748743718593            0.8708859937726797
-18.381909547738694           0.8708881032244746
-18.266331658291456           0.870885841320886
-18.150753768844222           0.8708859209385467
-18.035175879396984           0.870885924667703
-17.91959798994975            0.8708858864269805
-17.804020100502512           0.8708862835164303
-17.688442211055275           0.8708861114679564
-17.57286432160804            0.8708856033135897
-17.457286432160803           0.8708856169442342
-17.34170854271357            0.8708858276136862
-17.22613065326633            0.8708859201771959
-17.110552763819094           0.8708855680010433
-16.99497487437186            0.8708859821224483
-16.87939698492462            0.8708855940890595
-16.763819095477388           0.8708861729890334
-16.64824120603015            0.8708856439708823
-16.532663316582916           0.8708856125088973
-16.417085427135678           0.8708856229197316
-16.301507537688444           0.870885121996392
-16.185929648241206           0.8708856296497401
-16.07035175879397            0.8708858549023415
-15.954773869346734           0.8708846424895105
-15.839195979899497           0.8708855303514745
-15.72361809045226            0.8708856117512904
-15.608040201005025           0.8708861373613602
-15.492462311557789           0.8708855060469546
-15.376884422110553           0.8708853676419341
-15.261306532663315           0.8708856041888404
-15.145728643216081           0.8708855054375132
-15.030150753768844           0.8708863231027775
-14.914572864321608           0.870885261576635
-14.798994974874372           0.8708845972272943
-14.683417085427136           0.8708855004745472
-14.5678391959799             0.8708854278869341
-14.452261306532662           0.8708853877029692
-14.336683417085428           0.8708853219116678
-14.22110552763819            0.8708856863229224
-14.105527638190955           0.8708852752303875
-13.989949748743719           0.8708844373002967
-13.874371859296481           0.8708851334449816
-13.758793969849247           0.870885854893056
-13.64321608040201            0.8708852268225626
-13.527638190954773           0.8708846303994723
-13.412060301507537           0.8708852549271432
-13.296482412060302           0.8708851703572598
-13.180904522613066           0.8708853645313771
-13.065326633165828           0.8708848292519397
-12.949748743718594           0.8708852611391873
-12.834170854271356           0.8708847807507326
-12.71859296482412            0.8708854288990585
-12.603015075376884           0.8708846750640937
-12.487437185929648           0.8708852620811899
-12.371859296482413           0.8708850702972389
-12.256281407035175           0.8708853200596943
-12.14070351758794            0.8708851042255058
-12.025125628140703           0.8708850008178783
-11.909547738693467           0.8708849367403755
-11.793969849246231           0.8708848216143159
-11.678391959798995           0.870885077075647
-11.56281407035176            0.8708850259836427
-11.447236180904522           0.8708853547920768
-11.331658291457286           0.8708850906180065
-11.21608040201005            0.8708850134668347
-11.100502512562814           0.8708853499650683
-10.984924623115578           0.8708850775042798
-10.869346733668342           0.8708849421320705
-10.753768844221106           0.8708843365233669
-10.638190954773869           0.8708850621719203
-10.522613065326633           0.870884865492008
-10.407035175879397           0.8708850623139263
-10.291457286432161           0.8708856490503768
-10.175879396984925           0.8708849174361153
-10.06030150753769            0.870884787678232
-9.944723618090451            0.8708849087035406
-9.829145728643216            0.8708846319445731
-9.71356783919598             0.870885322120744
-9.597989949748744            0.8708848847792301
-9.482412060301508            0.8708848582379861
-9.366834170854272            0.8708849429776129
-9.251256281407034            0.8708848615832339
-9.135678391959798            0.8708848101414061
-9.020100502512562            0.8708849858973376
-8.904522613065327            0.8708844770689971
-8.78894472361809             0.8708843888239323
-8.673366834170855            0.8708857965090891
-8.557788944723619            0.870884817524023
-8.442211055276381            0.8708857370568241
-8.326633165829145            0.870884413590545
-8.21105527638191             0.8708845989841882
-8.095477386934673            0.8708848355773019
-7.9798994974874375           0.8708847605506849
-7.864321608040202            0.8708847178274395
-7.748743718592964            0.8708846556553193
-7.633165829145728            0.8708847589744985
-7.517587939698492            0.8708845170892124
-7.402010050251256            0.870884978704356
-7.28643216080402             0.8708847276731774
-7.170854271356784            0.8708846627834038
-7.055276381909547            0.8708844038819582
-6.939698492462311            0.8708846467520482
-6.824120603015075            0.8708846690612183
-6.708542713567839            0.8708845375107038
-6.592964824120603            0.8708846328894022
-6.477386934673367            0.8708845928342082
-6.361809045226131            0.870884620950608
-6.246231155778894            0.8708845215614153
-6.130653266331658            0.8708846098298835
-6.015075376884422            0.8708846149500871
-5.899497487437186            0.8708846738159102
-5.78391959798995             0.8708845617541999
-5.668341708542714            0.8708845781656029
-5.5527638190954764           0.8708844341419654
-5.4371859296482405           0.8708843136779904
-5.321608040201005            0.8708844347784038
-5.206030150753769            0.8708844947439554
-5.090452261306533            0.8708845757353201
-4.974874371859297            0.8708845370306025
-4.859296482412061            0.8708847174758537
-4.743718592964823            0.8708845214650328
-4.628140703517587            0.8708846096952086
-4.5125628140703515           0.8708844588783508
-4.396984924623116            0.8708844774151199
-4.28140703517588             0.870884498593419
-4.165829145728644            0.8708844753982392
-4.050251256281406            0.8708843987329493
-3.934673366834172            0.8708844939547882
-3.8190954773869343           0.8708845073563892
-3.7035175879396967           0.8708844513967982
-3.5879396984924625           0.8708844618345207
-3.472361809045225            0.8708844487401701
-3.3567839195979907           0.8708844686062727
-3.241206030150753            0.8708844171608296
-3.125628140703519            0.8708844111560429
-3.0100502512562812           0.8708844153599258
-2.8944723618090435           0.8708844359144876
-2.7788944723618094           0.8708843007032088
-2.6633165829145717           0.8708843883903028
-2.5477386934673376           0.8708843963033732
-2.4321608040201              0.8708843909785212
-2.316582914572866            0.8708843930788513
-2.201005025125628            0.8708844061821984
-2.0854271356783904           0.8708843952618134
-1.9698492462311563           0.8708843566683283
-1.8542713567839186           0.8708842992561667
-1.7386934673366845           0.8708843157725344
-1.6231155778894468           0.8708842554468045
-1.5075376884422127           0.8708842742213633
-1.391959798994975            0.8708841205405237
-1.2763819095477373           0.8708837750400634
-1.1608040201005032           0.8708828571929419
-1.0452261306532655           0.8708804314633607
-0.9296482412060314           0.8708741928477577
-0.8140703517587937           0.8708582907373057
-0.698492462311556            0.8708175955978021
-0.5829145728643219           0.8707159739076468
-0.46733668341708423          0.8704656093033497
-0.3517587939698501           0.8698615214324932
-0.23618090452261245          0.8684415572941319
-0.12060301507537828          0.865210545404798
-0.005025125628140596         0.8581447404134801
0.11055276381909708           0.8434014818910246
0.22613065326633117           0.8142330845021181
0.34170854271356893           0.7597337222701733
0.457286432160803             0.6636304302544311
0.5728643216080407            0.5032372164861074
0.6884422110552748            0.2484446700088485
0.8040201005025125            -0.13958662976569874
0.9195979899497502            -0.7103792095287069
1.0351758793969843            -1.5269984674583383
1.150753768844222             -2.6700524020487117
1.266331658291456             -4.243236138412377
1.3819095477386938            -6.380980864533347
1.4974874371859315            -9.258472863306954
1.6130653266331656            -13.104178304602664
1.7286432160804033            -18.215800278843066
1.8442211055276374            -24.981245605967043
1.959798994974875             -33.90620469125241
2.075376884422109             -45.65018930498642
2.190954773869347             -61.073531353656755
2.3065326633165846            -81.2986833852208
2.4221105527638187            -107.7901901313483
2.5376884422110564            -142.45902983307423
2.6532663316582905            -187.7987591236769
2.768844221105528             -248.8126505843226
