-20.0                         0.4184565303339743
-19.884422110552762           0.4184572022774609
-19.768844221105528           0.4184564624177544
-19.65326633165829            0.4184556414651734
-19.537688442211056           0.4184564217152074
-19.42211055276382            0.4184564602067914
-19.306532663316585           0.4184565823131215
-19.190954773869347           0.4184559519424653
-19.07537688442211            0.4184564944580619
-18.959798994974875           0.41845632725615006
-18.844221105527637           0.41845712392833473
-18.728643216080403           0.4184563711225401
-18.613065326633166           0.41845626113001694
-18.49748743718593            0.41845628488112674
-18.381909547738694           0.4184575697979805
-18.266331658291456           0.41845614304100415
-18.150753768844222           0.4184562280883719
-18.035175879396984           0.41845583191369995
-17.91959798994975            0.41845616641406064
-17.804020100502512           0.4184563306501013
-17.688442211055275           0.4184564076170224
-17.57286432160804            0.4184560757011768
-17.457286432160803           0.41845591975835683
-17.34170854271357            0.4184561619947363
-17.22613065326633            0.4184563338527463
-17.110552763819094           0.41845587769930587
-16.99497487437186            0.4184560818008086
-16.87939698492462            0.41845614264098946
-16.763819095477388           0.41845619487007796
-16.64824120603015            0.41845606590206325
-16.532663316582916           0.4184558394889938
-16.417085427135678           0.4184559518551006
-16.301507537688444           0.4184557671762678
-16.185929648241206           0.4184559198804701
-16.07035175879397            0.4184560117693027
-15.954773869346734           0.41845529577185614
-15.839195979899497           0.4184558177820895
-15.72361809045226            0.41845583543233417
-15.608040201005025           0.4184558770420074
-15.492462311557789           0.4184557544332622
-15.376884422110553           0.41845550313614227
-15.261306532663315           0.4184558439426913
-15.145728643216081           0.4184557288074448
-15.030150753768844           0.4184562476081946
-14.914572864321608           0.41845556611740375
-14.798994974874372           0.4184551519465758
-14.683417085427136           0.41845570593261905
-14.5678391959799             0.4184556890900637
-14.452261306532662           0.41845565355434716
-14.336683417085428           0.41845559357887513
-14.22110552763819            0.4184555787906506
-14.105527638190955           0.4184555781197817
-13.989949748743719           0.41845493360133307
-13.874371859296481           0.4184554550627562
-13.758793969849247           0.4184561650294577
-13.64321608040201            0.41845553623916004
-13.527638190954773           0.4184552556254582
-13.412060301507537           0.4184555232043309
-13.296482412060302           0.41845569146180095
-13.180904522613066           0.41845552841328354
-13.065326633165828           0.4184550820814491
-12.949748743718594           0.41845554942966984
-12.834170854271356           0.41845511105279093
-12.71859296482412            0.418455641897028
-12.603015075376884           0.4184550043012456
-12.487437185929648           0.4184554883516599
-12.371859296482413           0.41845543393717527
-12.256281407035175           0.4184555022878429
-12.14070351758794            0.4184553561644184
-12.025125628140703           0.4184554934539782
-11.909547738693467           0.41845523408540525
-11.793969849246231           0.41845512925589534
-11.678391959798995           0.41845531752736426
-11.56281407035176            0.41845529069605514
-11.447236180904522           0.4184554769639539
-11.331658291457286           0.4184553403895158
-11.21608040201005            0.41845528033256857
-11.100502512562814           0.4184556541468259
-10.984924623115578           0.4184553186484766
-10.869346733668342           0.4184552045564921
-10.753768844221106           0.4184547871772663
-10.638190954773869           0.4184552530730117
-10.522613065326633           0.4184551702198845
-10.407035175879397           0.41845524383611626
-10.291457286432161           0.4184555254606794
-10.175879396984925           0.4184551797780116
-10.06030150753769            0.41845507573840773
-9.944723618090451            0.41845514713686033
-9.829145728643216            0.418455102340863
-9.71356783919598             0.41845531770301375
-9.597989949748744            0.4184551103207727
-9.482412060301508            0.4184551103682767
-9.366834170854272            0.41845512750223346
-9.251256281407034            0.41845509715882756
-9.135678391959798            0.4184550867379243
-9.020100502512562            0.41845516745434275
-8.904522613065327            0.4184549194909989
-8.78894472361809             0.4184547898382404
-8.673366834170855            0.4184557426808611
-8.557788944723619            0.4184550242105989
-8.442211055276381            0.4184556947177482
-8.326633165829145            0.41845480050010436
-8.21105527638191             0.4184550053117672
-8.095477386934673            0.4184549816017828
-7.9798994974874375           0.41845498543618537
-7.864321608040202            0.41845495858817217
-7.748743718592964            0.4184549270057423
-7.633165829145728            0.4184549678274134
-7.517587939698492            0.4184548430341798
-7.402010050251256            0.4184550540795754
-7.28643216080402             0.4184549595169246
-7.170854271356784            0.41845491539210783
-7.055276381909547            0.4184547135859033
-6.939698492462311            0.41845488516431056
-6.824120603015075            0.4184549043646775
-6.708542713567839            0.418454866693221
-6.592964824120603            0.4184548537395742
-6.477386934673367            0.41845477427825944
-6.361809045226131            0.41845484162016977
-6.246231155778894            0.41845476998735603
-6.130653266331658            0.41845485119158604
-6.015075376884422            0.41845485321410564
-5.899497487437186            0.41845488800563757
-5.78391959798995             0.4184548204486951
-5.668341708542714            0.4184548206060235
-5.5527638190954764           0.41845473573039516
-5.4371859296482405           0.4184546353405251
-5.321608040201005            0.4184547490746384
-5.206030150753769            0.4184547497884527
-5.090452261306533            0.41845476462019326
-4.974874371859297            0.4184548279941063
-4.859296482412061            0.41845492958455627
-4.743718592964823            0.4184547640469653
-4.628140703517587            0.41845481758639674
-4.5125628140703515           0.4184547123726491
-4.396984924623116            0.41845472571322956
-4.28140703517588             0.418454736006142
-4.165829145728644            0.41845471735682727
-4.050251256281406            0.41845470532222384
-3.934673366834172            0.4184547205185105
-3.8190954773869343           0.4184547237615685
-3.7035175879396967           0.4184546890442605
-3.5879396984924625           0.41845468730305446
-3.472361809045225            0.4184546767909299
-3.3567839195979907           0.41845468897993804
-3.241206030150753            0.4184546566874319
-3.125628140703519            0.41845465335538556
-3.0100502512562812           0.418454656724832
-2.8944723618090435           0.41845463444437453
-2.7788944723618094           0.4184545627961667
-2.6633165829145717           0.4184545967901546
-2.5477386934673376           0.4184546094830458
-2.4321608040201              0.41845458094637933
-2.316582914572866            0.4184545306131775
-2.201005025125628            0.41845443828284457
-2.0854271356783904           0.4184542363531099
-1.9698492462311563           0.4184538129259525
-1.8542713567839186           0.41845297935726566
-1.7386934673366845           0.4184514004455807
-1.6231155778894468           0.4184481643026503
-1.5075376884422127           0.41844182465121404
-1.391959798994975            0.4184291093475706
-1.2763819095477373           0.41840387793880174
-1.1608040201005032           0.41835405198044745
-1.0452261306532655           0.4182561107034348
-0.9296482412060314           0.4180648879958787
-0.8140703517587937           0.41769443254535127
-0.698492462311556            0.4169834416110524
-0.5829145728643219           0.4156355424601319
-0.46733668341708423          0.413116647017076
-0.3517587939698501           0.40849089203891625
-0.23618090452261245          0.4001696126211657
-0.12060301507537828          0.3855533299229373
-0.005025125628140596         0.360557873229428
0.11055276381909708           0.31903397845725845
0.22613065326633117           0.25210134579090976
0.34170854271356893           0.14740994973238594
0.457286432160803             -0.011696409801062064
0.5728643216080407            -0.24718993266156555
0.6884422110552748            -0.5876622801899576
0.8040201005025125            -1.0700652001440696
0.9195979899497502            -1.742039192291381
1.0351758793969843            -2.6650036646095323
1.150753768844222             -3.918263683916071
1.266331658291456             -5.604574690661611
1.3819095477386938            -7.857708743775851
1.4974874371859315            -10.85232989687474
1.6130653266331656            -14.816452353214208
1.7286432160804033            -20.04741767920578
1.8442211055276374            -26.932871928343477
1.959798994974875             -35.978323951883574
2.075376884422109             -47.84315779839307
2.190954773869347             -63.387613863749735
2.3065326633165846            -83.73407812234797
2.4221105527638187            -110.34704629504942
2.5376884422110564            -145.13746020686702
2.6532663316582905            -190.5988492372202
2.768844221105528             -251.73378123758894
