-20.0                         0.8405366272552448
-19.884422110552762           0.8405375555162906
-19.768844221105528           0.8405365137552401
-19.65326633165829            0.8405355120413043
-19.537688442211056           0.8405365114588573
-19.42211055276382            0.8405363887939775
-19.306532663316585           0.8405366818176376
-19.190954773869347           0.8405353702627164
-19.07537688442211            0.8405366812861398
-18.959798994974875           0.8405363785035928
-18.844221105527637           0.8405376037187176
-18.728643216080403           0.8405363205203048
-18.613065326633166           0.8405364675845215
-18.49748743718593            0.8405363266042769
-18.381909547738694           0.8405383916651173
-18.266331658291456           0.840536172021562
-18.150753768844222           0.8405362523230303
-18.035175879396984           0.84053622430278
-17.91959798994975            0.8405362182714737
-17.804020100502512           0.8405366002738829
-17.688442211055275           0.8405364519136646
-17.57286432160804            0.8405359424623352
-17.457286432160803           0.840535947276756
-17.34170854271357            0.8405361661240126
-17.22613065326633            0.8405362675442763
-17.110552763819094           0.8405358977053338
-16.99497487437186            0.8405363008119785
-16.87939698492462            0.8405359469312905
-16.763819095477388           0.8405364866392658
-16.64824120603015            0.8405359866229679
-16.532663316582916           0.8405359309766319
-16.417085427135678           0.8405359554889155
-16.301507537688444           0.8405354721624758
-16.185929648241206           0.8405359612669439
-16.07035175879397            0.840536177610181
-15.954773869346734           0.8405349936251342
-15.839195979899497           0.8405358602974016
-15.72361809045226            0.8405359357996761
-15.608040201005025           0.84053642949357
-15.492462311557789           0.840535833306418
-15.376884422110553           0.8405356793421447
-15.261306532663315           0.8405359327203522
-15.145728643216081           0.8405358306903548
-15.030150753768844           0.8405366387171442
-14.914572864321608           0.8405355920993631
-14.798994974874372           0.8405349389424664
-14.683417085427136           0.8405358251882284
-14.5678391959799             0.8405357537815853
-14.452261306532662           0.8405357137808772
-14.336683417085428           0.8405356507114833
-14.22110552763819            0.8405359868998978
-14.105527638190955           0.8405356049431338
-13.989949748743719           0.8405347783687157
-13.874371859296481           0.8405354651286054
-13.758793969849247           0.8405361900436753
-13.64321608040201            0.8405355576331441
-13.527638190954773           0.8405349789754912
-13.412060301507537           0.8405355828493621
-13.296482412060302           0.8405355185224535
-13.180904522613066           0.8405356857391028
-13.065326633165828           0.840535152728128
-12.949748743718594           0.8405355923796523
-12.834170854271356           0.8405351122455529
-12.71859296482412            0.8405357555986256
-12.603015075376884           0.8405350034965948
-12.487437185929648           0.8405355895344414
-12.371859296482413           0.8405354067614154
-12.256281407035175           0.8405356445210777
-12.14070351758794            0.8405354316924288
-12.025125628140703           0.8405353463063527
-11.909547738693467           0.8405352669586081
-11.793969849246231           0.8405351473520809
-11.678391959798995           0.8405354032494481
-11.56281407035176            0.8405353542879477
-11.447236180904522           0.8405356746007385
-11.331658291457286           0.8405354188405132
-11.21608040201005            0.8405353421596409
-11.100502512562814           0.8405356833868839
-10.984924623115578           0.8405354053338927
-10.869346733668342           0.8405352702344997
-10.753768844221106           0.8405346754328807
-10.638190954773869           0.8405353853081794
-10.522613065326633           0.8405351961250879
-10.407035175879397           0.8405353868913009
-10.291457286432161           0.8405359543901776
-10.175879396984925           0.8405352462647625
-10.06030150753769            0.8405351174307704
-9.944723618090451            0.8405352348624949
-9.829145728643216            0.8405349735173069
-9.71356783919598             0.8405356360667127
-9.597989949748744            0.8405352101730074
-9.482412060301508            0.8405351854418683
-9.366834170854272            0.8405352666660197
-9.251256281407034            0.8405351882198813
-9.135678391959798            0.8405351396892031
-9.020100502512562            0.8405353122748734
-8.904522613065327            0.840534815666924
-8.78894472361809             0.8405347251694055
-8.673366834170855            0.8405361067302973
-8.557788944723619            0.8405351422991081
-8.442211055276381            0.8405360479349436
-8.326633165829145            0.8405347491949485
-8.21105527638191             0.8405349370489984
-8.095477386934673            0.8405351553820929
-7.9798994974874375           0.8405350868534758
-7.864321608040202            0.840535044630568
-7.748743718592964            0.840534984535411
-7.633165829145728            0.8405350838791303
-7.517587939698492            0.8405348474269279
-7.402010050251256            0.8405352969117693
-7.28643216080402             0.840535054527697
-7.170854271356784            0.8405349905149925
-7.055276381909547            0.8405347335662101
-6.939698492462311            0.84053497325977
-6.824120603015075            0.8405349959984405
-6.708542713567839            0.8405348700878019
-6.592964824120603            0.8405349583742031
-6.477386934673367            0.8405349148259575
-6.361809045226131            0.8405349461095761
-6.246231155778894            0.840534848830379
-6.130653266331658            0.8405349374339491
-6.015075376884422            0.8405349429645349
-5.899497487437186            0.8405350011529538
-5.78391959798995             0.8405348901710977
-5.668341708542714            0.8405349053217485
-5.5527638190954764           0.8405347637845239
-5.4371859296482405           0.8405346453663203
-5.321608040201005            0.8405347658894163
-5.206030150753769            0.8405348216209649
-5.090452261306533            0.8405348987162354
-4.974874371859297            0.8405348684942919
-4.859296482412061            0.8405350441285206
-4.743718592964823            0.8405348491604003
-4.628140703517587            0.8405349348787834
-4.5125628140703515           0.8405347858575897
-4.396984924623116            0.8405348051483711
-4.28140703517588             0.840534825789722
-4.165829145728644            0.8405348024751191
-4.050251256281406            0.8405347300957736
-3.934673366834172            0.8405348203097234
-3.8190954773869343           0.8405348330382248
-3.7035175879396967           0.8405347782694419
-3.5879396984924625           0.8405347877632884
-3.472361809045225            0.8405347748692057
-3.3567839195979907           0.8405347946271965
-3.241206030150753            0.8405347433825925
-3.125628140703519            0.8405347383376465
-3.0100502512562812           0.8405347426796091
-2.8944723618090435           0.8405347600509455
-2.7788944723618094           0.8405346292464974
-2.6633165829145717           0.840534713675873
-2.5477386934673376           0.8405347230599435
-2.4321608040201              0.8405347178415341
-2.316582914572866            0.8405347196073705
-2.201005025125628            0.8405347324042276
-2.0854271356783904           0.8405347216726664
-1.9698492462311563           0.8405346831360685
-1.8542713567839186           0.8405346255286894
-1.7386934673366845           0.8405346390853863
-1.6231155778894468           0.8405345724194032
-1.5075376884422127           0.8405345729999087
-1.391959798994975            0.8405343789743661
-1.2763819095477373           0.8405339301529133
-1.1608040201005032           0.8405327637146558
-1.0452261306532655           0.8405297406746081
-0.9296482412060314           0.8405220827860919
-0.8140703517587937           0.8405028477306931
-0.698492462311556            0.840454480716462
-0.5829145728643219           0.8403355511556615
-0.46733668341708423          0.8400471654096612
-0.3517587939698501           0.8393622461398346
-0.23618090452261245          0.8377772700835525
-0.12060301507537828          0.8342257570018443
-0.005025125628140596         0.826573602837121
0.11055276381909708           0.8108297771057276
0.22613065326633117           0.7800809101919213
0.34170854271356893           0.7232786564140504
0.457286432160803             0.6240735838938505
0.5728643216080407            0.4597894533824334
0.6884422110552748            0.2003998615313463
0.8040201005025125            -0.1928117811982272
0.9195979899497502            -0.7692385579743014
1.0351758793969843            -1.5918311174257884
1.150753768844222             -2.7411069549840095
1.266331658291456             -4.3206966516671645
1.3819095477386938            -6.464987171134482
1.4974874371859315            -9.349130956861686
1.6130653266331656            -13.201565661994627
1.7286432160804033            -18.319971967193137
1.8442211055276374            -25.092240784781783
1.959798994974875             -34.024051608657224
2.075376884422109             -45.774908627563
2.190954773869347             -61.205138368482366
2.3065326633165846            -81.4371894952487
2.4221105527638187            -107.9356038967663
2.5376884422110564            -142.61135771138365
2.6532663316582905            -187.95800600421998
2.768844221105528             -248.97878123758895
