-20.0                         0.19897550373228412
-19.884422110552762           0.19897588897141238
-19.768844221105528           0.1989754595599157
-19.65326633165829            0.19897493942929828
-19.537688442211056           0.19897543577267562
-19.42211055276382            0.1989755075578321
-19.306532663316585           0.1989754548651873
-19.190954773869347           0.19897545659947535
-19.07537688442211            0.19897539031628125
-18.959798994974875           0.1989753527015398
-18.844221105527637           0.1989755152070477
-18.728643216080403           0.1989753323136444
-18.613065326633166           0.1989752157702169
-18.49748743718593            0.19897527637959167
-18.381909547738694           0.1989756952651059
-18.266331658291456           0.19897518972084496
-18.150753768844222           0.198975245204816
-18.035175879396984           0.19897483440659294
-17.91959798994975            0.19897516154037154
-17.804020100502512           0.1989751725018675
-17.688442211055275           0.19897521128217052
-17.57286432160804            0.198975169842127
-17.457286432160803           0.1989749867892088
-17.34170854271357            0.19897510252507355
-17.22613065326633            0.19897517889093266
-17.110552763819094           0.19897497827581873
-16.99497487437186            0.19897502138074974
-16.87939698492462            0.1989751120555704
-16.763819095477388           0.19897502460659228
-16.64824120603015            0.1989750340790332
-16.532663316582916           0.19897494846860408
-16.417085427135678           0.19897499846296846
-16.301507537688444           0.1989749810375599
-16.185929648241206           0.19897490598658196
-16.07035175879397            0.1989749398380357
-15.954773869346734           0.1989746796117494
-15.839195979899497           0.19897484698384177
-15.72361809045226            0.19897483893785375
-15.608040201005025           0.19897471165953814
-15.492462311557789           0.1989747622532447
-15.376884422110553           0.198974667611764
-15.261306532663315           0.19897479715809438
-15.145728643216081           0.19897473411722094
-15.030150753768844           0.1989748412574584
-14.914572864321608           0.19897463026444664
-14.798994974874372           0.19897453856133035
-14.683417085427136           0.1989746815388529
-14.5678391959799             0.1989747057028346
-14.452261306532662           0.19897467789847367
-14.336683417085428           0.1989746142705872
-14.22110552763819            0.19897452313614333
-14.105527638190955           0.19897462512542935
-13.989949748743719           0.19897421987818015
-13.874371859296481           0.1989745266266584
-13.758793969849247           0.19897499493751522
-13.64321608040201            0.19897456831322044
-13.527638190954773           0.19897455809809023
-13.412060301507537           0.19897453884914118
-13.296482412060302           0.1989746938747984
-13.180904522613066           0.19897450030331126
-13.065326633165828           0.1989742510504048
-12.949748743718594           0.19897452094575527
-12.834170854271356           0.19897422816553584
-12.71859296482412            0.19897454914562737
-12.603015075376884           0.1989742194546952
-12.487437185929648           0.1989744387619978
-12.371859296482413           0.198974431973063
-12.256281407035175           0.19897443971983547
-12.14070351758794            0.1989743592297608
-12.025125628140703           0.19897451248662218
-11.909547738693467           0.19897428502609366
-11.793969849246231           0.19897428716494966
-11.678391959798995           0.19897432275852472
-11.56281407035176            0.1989743071780523
-11.447236180904522           0.19897436316212208
-11.331658291457286           0.19897431113746264
-11.21608040201005            0.19897428268249914
-11.100502512562814           0.1989745508640777
-10.984924623115578           0.19897427873281678
-10.869346733668342           0.1989742175914807
-10.753768844221106           0.1989740010415145
-10.638190954773869           0.19897422249785934
-10.522613065326633           0.19897421033375104
-10.407035175879397           0.1989741941971231
-10.291457286432161           0.19897423121148125
-10.175879396984925           0.19897417152182395
-10.06030150753769            0.19897411339026252
-9.944723618090451            0.1989741425434583
-9.829145728643216            0.19897420429240045
-9.71356783919598             0.1989741242782277
-9.597989949748744            0.19897410436237767
-9.482412060301508            0.19897411082489852
-9.366834170854272            0.19897408487060675
-9.251256281407034            0.19897408075036455
-9.135678391959798            0.1989740781721708
-9.020100502512562            0.19897407048197943
-8.904522613065327            0.1989740608740257
-8.78894472361809             0.19897393606940345
-8.673366834170855            0.19897441708906483
-8.557788944723619            0.19897399326162699
-8.442211055276381            0.19897438135235535
-8.326633165829145            0.19897392790345925
-8.21105527638191             0.19897405346274458
-8.095477386934673            0.1989739586654838
-7.9798994974874375           0.19897396562358277
-7.864321608040202            0.19897395366467197
-7.748743718592964            0.19897394218507564
-7.633165829145728            0.198973938028068
-7.517587939698492            0.19897392048967438
-7.402010050251256            0.19897391966946892
-7.28643216080402             0.19897392894162963
-7.170854271356784            0.19897390884737004
-7.055276381909547            0.1989738149110202
-6.939698492462311            0.19897387977003472
-6.824120603015075            0.19897388072152564
-6.708542713567839            0.19897391382214355
-6.592964824120603            0.1989738399098439
-6.477386934673367            0.1989737723740235
-6.361809045226131            0.19897383410254332
-6.246231155778894            0.19897377763765448
-6.130653266331658            0.19897382798351576
-6.015075376884422            0.19897382335727537
-5.899497487437186            0.19897382266913774
-5.78391959798995             0.19897380803289463
-5.668341708542714            0.1989738047047729
-5.5527638190954764           0.19897377960233784
-5.4371859296482405           0.19897370444168702
-5.321608040201005            0.1989737770218586
-5.206030150753769            0.19897375474428572
-5.090452261306533            0.19897373873272314
-4.974874371859297            0.19897378404517918
-4.859296482412061            0.19897381831149175
-4.743718592964823            0.198973714437573
-4.628140703517587            0.19897372962567747
-4.5125628140703515           0.1989736578929225
-4.396984924623116            0.19897362221373063
-4.28140703517588             0.19897357738110824
-4.165829145728644            0.198973499975926
-4.050251256281406            0.1989734158610278
-3.934673366834172            0.19897324039883105
-3.8190954773869343           0.19897301172900844
-3.7035175879396967           0.1989726627193183
-3.5879396984924625           0.19897215771427873
-3.472361809045225            0.19897140277251527
-3.3567839195979907           0.198970291331853
-3.241206030150753            0.1989686196802399
-3.125628140703519            0.1989661269098401
-3.0100502512562812           0.19896242430292999
-2.8944723618090435           0.19895687143148305
-2.7788944723618094           0.19894860949471033
-2.6633165829145717           0.19893634303565505
-2.5477386934673376           0.19891806683908567
-2.4321608040201              0.19889081173736262
-2.316582914572866            0.19885024470435436
-2.201005025125628            0.19878990509228397
-2.0854271356783904           0.19870022313188182
-1.9698492462311563           0.19856705265034763
-1.8542713567839186           0.19836955633705017
-1.7386934673366845           0.1980770840354873
-1.6231155778894468           0.19764458160292123
-1.5075376884422127           0.19700634997411307
-1.391959798994975            0.19606649811944463
-1.2763819095477373           0.19468610760507515
-1.1608040201005032           0.1926647863807614
-1.0452261306532655           0.18971508217651764
-0.9296482412060314           0.18542743555423155
-0.8140703517587937           0.17922234446656532
-0.698492462311556            0.1702860507951553
-0.5829145728643219           0.15748548787363773
-0.46733668341708423          0.1392555030244745
-0.3517587939698501           0.11345250149073892
-0.23618090452261245          0.07716433024847212
-0.12060301507537828          0.026464915944102805
-0.005025125628140596         -0.04390209869502673
0.11055276381909708           -0.14093081466658053
0.22613065326633117           -0.27387881713426493
0.34170854271356893           -0.45494535278641324
0.457286432160803             -0.7001478782265672
0.5728643216080407            -1.0304548846724435
0.6884422110552748            -1.4732505583105786
0.8040201005025125            -2.0642277894692387
0.9195979899497502            -2.849832983493298
1.0351758793969843            -3.8904342019427296
1.150753768844222             -5.264481092383085
1.266331658291456             -7.074088927368603
1.3819095477386938            -9.452549946218086
1.4974874371859315            -12.574111942168589
1.6130653266331656            -16.666404398489746
1.7286432160804033            -22.026447670692264
1.8442211055276374            -29.04164723951763
1.959798994974875             -38.21733862574106
2.075376884422109             -50.212780465380426
2.190954773869347             -65.88812130567864
2.3065326633165846            -86.36567915821858
2.4221105527638187            -113.109899050316
2.5376884422110564            -148.03168475790508
2.6532663316582905            -193.62453696159812
2.768844221105528             -254.89026364964923
