-20.0                         0.658070701127026
-19.884422110552762           0.6580715227491972
-19.768844221105528           0.6580706076926365
-19.65326633165829            0.658069661059045
-19.537688442211056           0.6580705732165385
-19.42211055276382            0.6580705282002125
-19.306532663316585           0.6580707729082499
-19.190954773869347           0.658069705832365
-19.07537688442211            0.6580707146271154
-18.959798994974875           0.6580704610328293
-18.844221105527637           0.6580715628023734
-18.728643216080403           0.6580704711126889
-18.613065326633166           0.6580704825258716
-18.49748743718593            0.6580704250438855
-18.381909547738694           0.658072196347764
-18.266331658291456           0.6580702658472612
-18.150753768844222           0.6580703497577041
-18.035175879396984           0.6580701429140309
-17.91959798994975            0.658070311228793
-17.804020100502512           0.6580706012009148
-17.688442211055275           0.6580705777765405
-17.57286432160804            0.6580700990009135
-17.457286432160803           0.6580700398911979
-17.34170854271357            0.6580702921986187
-17.22613065326633            0.6580704390132994
-17.110552763819094           0.6580699893492145
-16.99497487437186            0.6580703158983988
-16.87939698492462            0.6580701618037106
-16.763819095477388           0.6580704734357173
-16.64824120603015            0.6580701442619268
-16.532663316582916           0.6580699718020585
-16.417085427135678           0.6580700605077876
-16.301507537688444           0.6580696955028392
-16.185929648241206           0.6580700569710043
-16.07035175879397            0.6580702180051364
-15.954773869346734           0.6580692175315163
-15.839195979899497           0.6580699490614694
-15.72361809045226            0.6580699944378188
-15.608040201005025           0.6580702910886199
-15.492462311557789           0.6580699061337281
-15.376884422110553           0.6580696789944097
-15.261306532663315           0.6580700086045462
-15.145728643216081           0.6580698920562832
-15.030150753768844           0.6580706142675407
-14.914572864321608           0.6580696856820709
-14.798994974874372           0.6580691137749983
-14.683417085427136           0.6580698817907964
-14.5678391959799             0.6580698255973012
-14.452261306532662           0.6580697871436036
-14.336683417085428           0.6580697329412997
-14.22110552763819            0.6580699047163581
-14.105527638190955           0.658069696130987
-13.989949748743719           0.6580689406399586
-13.874371859296481           0.6580695656555242
-13.758793969849247           0.6580703022607322
-13.64321608040201            0.6580696538241337
-13.527638190954773           0.6580691905058255
-13.412060301507537           0.6580696618359432
-13.296482412060302           0.6580697121174145
-13.180904522613066           0.6580697227605575
-13.065326633165828           0.6580692128507076
-12.949748743718594           0.6580696862212724
-12.834170854271356           0.6580692134107637
-12.71859296482412            0.6580698208446524
-12.603015075376884           0.658069093802331
-12.487437185929648           0.6580696591483082
-12.371859296482413           0.6580695326657635
-12.256281407035175           0.6580696953872918
-12.14070351758794            0.6580695060660297
-12.025125628140703           0.6580695255080307
-11.909547738693467           0.6580693583010679
-11.793969849246231           0.6580692259610174
-11.678391959798995           0.6580694711905173
-11.56281407035176            0.6580694335004009
-11.447236180904522           0.6580697003519994
-11.331658291457286           0.6580694954723113
-11.21608040201005            0.6580694233153759
-11.100502512562814           0.6580697881054751
-10.984924623115578           0.6580694791505146
-10.869346733668342           0.6580693485117318
-10.753768844221106           0.6580688226670272
-10.638190954773869           0.6580694340337152
-10.522613065326633           0.6580692903969511
-10.407035175879397           0.6580694376595035
-10.291457286432161           0.6580698874429665
-10.175879396984925           0.6580693270614152
-10.06030150753769            0.6580692056149302
-9.944723618090451            0.658069302756165
-9.829145728643216            0.6580691347094388
-9.71356783919598             0.6580696181592008
-9.597989949748744            0.6580692727325167
-9.482412060301508            0.658069259002856
-9.366834170854272            0.6580693159281688
-9.251256281407034            0.6580692569230431
-9.135678391959798            0.6580692260264459
-9.020100502512562            0.6580693696078972
-8.904522613065327            0.6580689612892529
-8.78894472361809             0.658068855250309
-8.673366834170855            0.658070069813433
-8.557788944723619            0.6580691994834048
-8.442211055276381            0.6580700152235791
-8.326633165829145            0.6580688743567298
-8.21105527638191             0.6580690750782711
-8.095477386934673            0.6580691841347539
-7.9798994974874375           0.6580691519643884
-7.864321608040202            0.6580691145954403
-7.748743718592964            0.6580690669109537
-7.633165829145728            0.658069141791041
-7.517587939698492            0.6580689449594684
-7.402010050251256            0.658069307888215
-7.28643216080402             0.6580691231842614
-7.170854271356784            0.6580690658431799
-7.055276381909547            0.6580688251422611
-6.939698492462311            0.6580690419137983
-6.824120603015075            0.658069065575647
-6.708542713567839            0.6580689751751483
-6.592964824120603            0.6580690204059255
-6.477386934673367            0.6580689579635107
-6.361809045226131            0.6580690069832776
-6.246231155778894            0.6580689216908874
-6.130653266331658            0.6580690102696106
-6.015075376884422            0.6580690163101607
-5.899497487437186            0.6580690679713698
-5.78391959798995             0.6580689690028154
-5.668341708542714            0.6580689769039452
-5.5527638190954764           0.6580688545352668
-5.4371859296482405           0.6580687459171124
-5.321608040201005            0.6580688640122658
-5.206030150753769            0.6580688948360955
-5.090452261306533            0.6580689462376447
-4.974874371859297            0.6580689636421995
-4.859296482412061            0.658069109051139
-4.743718592964823            0.6580689225203014
-4.628140703517587            0.6580689937574672
-4.5125628140703515           0.6580688590848883
-4.396984924623116            0.6580688797648974
-4.28140703517588             0.658068896583419
-4.165829145728644            0.6580688738023053
-4.050251256281406            0.6580688274165258
-3.934673366834172            0.6580688862766634
-3.8190954773869343           0.6580688949890217
-3.7035175879396967           0.658068847943812
-3.5879396984924625           0.6580688520658411
-3.472361809045225            0.6580688403370863
-3.3567839195979907           0.6580688581404931
-3.241206030150753            0.6580688114915361
-3.125628140703519            0.6580688100290194
-3.0100502512562812           0.6580688148287419
-2.8944723618090435           0.6580688140737994
-2.7788944723618094           0.6580687097852258
-2.6633165829145717           0.6580687747688109
-2.5477386934673376           0.6580687919587223
-2.4321608040201              0.6580687868544937
-2.316582914572866            0.6580687860317438
-2.201005025125628            0.658068794363065
-2.0854271356783904           0.6580687809367695
-1.9698492462311563           0.65806873420629
-1.8542713567839186           0.6580686550519259
-1.7386934673366845           0.6580686027657294
-1.6231155778894468           0.6580683887571802
-1.5075376884422127           0.6580680367722783
-1.391959798994975            0.6580670617644614
-1.2763819095477373           0.6580648097514143
-1.1608040201005032           0.6580595825854889
-1.0452261306532655           0.6580474732313077
-0.9296482412060314           0.65801970373831
-0.8140703517587937           0.6579565154153387
-0.698492462311556            0.6578137996840555
-0.5829145728643219           0.6574963876482308
-0.46733668341708423          0.6568011125464311
-0.3517587939698501           0.6553082544053823
-0.23618090452261245          0.6521807924584584
-0.12060301507537828          0.6458216398401239
-0.005025125628140596         0.6333400233436628
0.11055276381909708           0.6098094213321187
0.22613065326633117           0.5673604279261631
0.34170854271356893           0.49420681625793483
0.457286432160803             0.3736878210043206
0.5728643216080407            0.18330422510662428
0.6884422110552748            -0.10641120618040738
0.8040201005025125            -0.5334252949289582
0.9195979899497502            -1.14636561983952
1.0351758793969843            -2.0075102144037564
1.150753768844222             -3.1968457743317344
1.266331658291456             -4.81762254280872
1.3819095477386938            -7.003964138600276
1.4974874371859315            -9.930818294203915
1.6130653266331656            -13.82644805183284
1.7286432160804033            -18.988395771576954
1.8442211055276374            -25.804453465455115
1.959798994974875             -34.78023232957906
2.075376884422109             -46.57518883090749
2.190954773869347             -62.04961548659234
2.3065326633165846            -82.3259363210497
2.4221105527638187            -108.86867514228297
2.5376884422110564            -143.5887946876762
2.6532663316582905            -188.97984001237447
2.768844221105528             -250.04478626271455
