-20.0                         1.093700562466467
-19.884422110552762           1.0937016473867407
-19.768844221105528           1.0937004238151622
-19.65326633165829            1.0936993874049508
-19.537688442211056           1.0937005094821528
-19.42211055276382            1.09370026078027
-19.306532663316585           1.0937005611675463
-19.190954773869347           1.0936990133176026
-19.07537688442211            1.0937006835306144
-18.959798994974875           1.0937003315371414
-18.844221105527637           1.0937016145887628
-18.728643216080403           1.0937001414504262
-18.613065326633166           1.093700515296615
-18.49748743718593            1.0937002326729395
-18.381909547738694           1.0937026362466629
-18.266331658291456           1.0937001062543283
-18.150753768844222           1.0937001804136708
-18.035175879396984           1.0937004308879228
-17.91959798994975            1.0937001326244014
-17.804020100502512           1.0937006381079573
-17.688442211055275           1.0937002741014512
-17.57286432160804            1.0936998271393652
-17.457286432160803           1.0936998854160027
-17.34170854271357            1.0937000191027257
-17.22613065326633            1.0937000391151206
-17.110552763819094           1.0936998444529669
-16.99497487437186            1.093700322096528
-16.87939698492462            1.0936996868744497
-16.763819095477388           1.0937005569033762
-16.64824120603015            1.0936998163339
-16.532663316582916           1.0936999928036586
-16.417085427135678           1.0936998739169304
-16.301507537688444           1.0936992637788698
-16.185929648241206           1.0936998858098996
-16.07035175879397            1.093700170102455
-15.954773869346734           1.0936987649202616
-15.839195979899497           1.093699800110631
-15.72361809045226            1.0936999328515686
-15.608040201005025           1.0937006796955413
-15.492462311557789           1.093699795693535
-15.376884422110553           1.0936997946153089
-15.261306532663315           1.0936998800403237
-15.145728643216081           1.0936998097687307
-15.030150753768844           1.0937006642619382
-14.914572864321608           1.0936995284580948
-14.798994974874372           1.093698798193736
-14.683417085427136           1.093699807755436
-14.5678391959799             1.0936997375714
-14.452261306532662           1.0936996969527966
-14.336683417085428           1.0936996007180428
-14.22110552763819            1.0937001745982349
-14.105527638190955           1.0936995518157848
-13.989949748743719           1.0936986323879974
-13.874371859296481           1.0936993917641098
-13.758793969849247           1.0937000789190903
-13.64321608040201            1.0936994937330045
-13.527638190954773           1.0936987765853428
-13.412060301507537           1.0936995427856395
-13.296482412060302           1.0936993034185885
-13.180904522613066           1.0936996981030203
-13.065326633165828           1.0936991582434072
-12.949748743718594           1.0936995187760454
-12.834170854271356           1.0936990423615685
-12.71859296482412            1.0936997181978712
-12.603015075376884           1.0936989680733114
-12.487437185929648           1.0936995452565588
-12.371859296482413           1.093699293102614
-12.256281407035175           1.0936996223668671
-12.14070351758794            1.0936993930689154
-12.025125628140703           1.0936991550879551
-11.909547738693467           1.0936992054168442
-11.793969849246231           1.0936991410119228
-11.678391959798995           1.093699376603925
-11.56281407035176            1.0936993080743327
-11.447236180904522           1.0936996967523116
-11.331658291457286           1.093699371181919
-11.21608040201005            1.0936992927555351
-11.100502512562814           1.0936995894786934
-10.984924623115578           1.0936993604558054
-10.869346733668342           1.0936992261997243
-10.753768844221106           1.093698545275338
-10.638190954773869           1.0936993822137115
-10.522613065326633           1.0936991318876377
-10.407035175879397           1.0936993623828606
-10.291457286432161           1.0937000892792212
-10.175879396984925           1.0936991943301753
-10.06030150753769            1.0936990593915885
-9.944723618090451            1.0936992093366937
-9.829145728643216            1.0936988203786113
-9.71356783919598             1.0936996946302895
-9.597989949748744            1.093699188999026
-9.482412060301508            1.0936991497607655
-9.366834170854272            1.0936992558678875
-9.251256281407034            1.093699155714916
-9.135678391959798            1.093699084266869
-9.020100502512562            1.0936992688561311
-8.904522613065327            1.0936986893870062
-8.78894472361809             1.093698614561289
-8.673366834170855            1.0937002035477603
-8.557788944723619            1.0936991246635388
-8.442211055276381            1.0937001395410353
-8.326633165829145            1.0936986442791032
-8.21105527638191             1.0936988106719159
-8.095477386934673            1.0936991789839905
-7.9798994974874375           1.093699054079473
-7.864321608040202            1.0936990105580486
-7.748743718592964            1.0936989331773552
-7.633165829145728            1.0936990647658766
-7.517587939698492            1.093698792469587
-7.402010050251256            1.093699324541107
-7.28643216080402             1.0936990182978805
-7.170854271356784            1.0936989486854385
-7.055276381909547            1.0936986805392774
-6.939698492462311            1.0936989423257566
-6.824120603015075            1.0936989596134676
-6.708542713567839            1.0936987884801106
-6.592964824120603            1.0936989354735414
-6.477386934673367            1.0936989234910177
-6.361809045226131            1.093698926791542
-6.246231155778894            1.09369881110018
-6.130653266331658            1.0936988945932076
-6.015075376884422            1.0936988939605699
-5.899497487437186            1.0936989548800065
-5.78391959798995             1.0936988421418385
-5.668341708542714            1.0936988679163342
-5.5527638190954764           1.0936987112986498
-5.4371859296482405           1.0936985719601813
-5.321608040201005            1.093698699682343
-5.206030150753769            1.0936987910499512
-5.090452261306533            1.0936988963832819
-4.974874371859297            1.0936987930811963
-4.859296482412061            1.0936990070706123
-4.743718592964823            1.093698805639451
-4.628140703517587            1.0936989130099457
-4.5125628140703515           1.0936987536398401
-4.396984924623116            1.0936987627596122
-4.28140703517588             1.0936987869454382
-4.165829145728644            1.0936987662504192
-4.050251256281406            1.0936986584849318
-3.934673366834172            1.0936987885258964
-3.8190954773869343           1.0936988069536826
-3.7035175879396967           1.093698742875664
-3.5879396984924625           1.0936987604860113
-3.472361809045225            1.0936987459864789
-3.3567839195979907           1.0936987646042553
-3.241206030150753            1.093698716524513
-3.125628140703519            1.0936987006882095
-3.0100502512562812           1.0936987034985484
-2.8944723618090435           1.0936987485237795
-2.7788944723618094           1.0936985809357513
-2.6633165829145717           1.0936986928380015
-2.5477386934673376           1.0936986888196234
-2.4321608040201              1.0936986823190475
-2.316582914572866            1.0936986870434624
-2.201005025125628            1.093698700723369
-2.0854271356783904           1.0936986879991883
-1.9698492462311563           1.0936986478917279
-1.8542713567839186           1.0936985874254868
-1.7386934673366845           1.0936986125619392
-1.6231155778894468           1.0936985647128847
-1.5075376884422127           1.093698636806302
-1.391959798994975            1.0936985879041645
-1.2763819095477373           1.0936985456259427
-1.1608040201005032           1.0936983835632883
-1.0452261306532655           1.0936978647681947
-0.9296482412060314           1.093696390082223
-0.8140703517587937           1.0936923036386124
-0.698492462311556            1.0936802811034898
-0.5829145728643219           1.093647019579467
-0.46733668341708423          1.093555527310694
-0.3517587939698501           1.0933091961003116
-0.23618090452261245          1.0926635890826428
-0.12060301507537828          1.0910280333630213
-0.005025125628140596         1.087056944637101
0.11055276381909708           1.0779007951551105
0.22613065326633117           1.0580288206668054
0.34170854271356893           1.0177033736209906
0.457286432160803             0.9414083667125556
0.5728643216080407            0.8065651759529127
0.6884422110552748            0.5825563939901814
0.8040201005025125            0.22966492690429305
0.9195979899497502            -0.30260054825363897
1.0351758793969843            -1.0781768300133447
1.150753768844222             -2.1783602020521164
1.266331658291456             -3.7073345909076116
1.3819095477386938            -5.799862512440016
1.4974874371859315            -8.631379563579902
1.6130653266331656            -12.430559306855725
1.7286432160804033            -17.4952664234819
1.8442211055276374            -24.213521552358582
1.959798994974875             -33.09109260397449
2.075376884422109             -44.787544878016845
2.190954773869347             -60.16324808465456
2.3065326633165846            -80.34068196779835
2.4221105527638187            -106.78441110774018
2.5376884422110564            -141.40542839492588
2.6532663316582905            -186.6973013696904
2.768844221105528             -247.66358023256382
