-20.0                         1.159206846938535
-19.884422110552762           1.1592079749282576
-19.768844221105528           1.1592067027317943
-19.65326633165829            1.1592056637339534
-19.537688442211056           1.1592068190477771
-19.42211055276382            1.159206534411683
-19.306532663316585           1.1592068268524667
-19.190954773869347           1.1592052344325783
-19.07537688442211            1.1592069876672786
-18.959798994974875           1.1592066259119194
-18.844221105527637           1.1592079064772045
-18.728643216080403           1.1592063974084663
-18.613065326633166           1.1592068344703406
-18.49748743718593            1.1592065112586198
-18.381909547738694           1.1592089917402495
-18.266331658291456           1.159206395530459
-18.150753768844222           1.159206467941179
-18.035175879396984           1.1592067948682732
-17.91959798994975            1.1592064132426618
-17.804020100502512           1.1592069495833455
-17.688442211055275           1.1592065246090832
-17.57286432160804            1.159206111785893
-17.457286432160803           1.1592061758774548
-17.34170854271357            1.1592062825707572
-17.22613065326633            1.1592062793230558
-17.110552763819094           1.1592061382676053
-16.99497487437186            1.1592066283618825
-16.87939698492462            1.1592059237736547
-16.763819095477388           1.15920687908434
-16.64824120603015            1.159206078107084
-16.532663316582916           1.159206323448141
-16.417085427135678           1.1592061589573686
-16.301507537688444           1.159205523595858
-16.185929648241206           1.159206172524106
-16.07035175879397            1.1592064712341623
-15.954773869346734           1.1592050143141934
-15.839195979899497           1.1592060905664532
-15.72361809045226            1.1592062410581767
-15.608040201005025           1.1592070476035656
-15.492462311557789           1.1592060919978984
-15.376884422110553           1.1592061377689775
-15.261306532663315           1.1592061712820325
-15.145728643216081           1.1592061101715712
-15.030150753768844           1.1592069654727046
-14.914572864321608           1.1592058183970975
-14.798994974874372           1.1592050735142585
-14.683417085427136           1.159206108979149
-14.5678391959799             1.1592060428521869
-14.452261306532662           1.159206002473855
-14.336683417085428           1.1592058940557277
-14.22110552763819            1.159206529263398
-14.105527638190955           1.1592058458505177
-13.989949748743719           1.1592049027816127
-13.874371859296481           1.159205679174439
-13.758793969849247           1.1592063539832338
-13.64321608040201            1.1592057845181007
-13.527638190954773           1.1592050346529357
-13.412060301507537           1.159205839541318
-13.296482412060302           1.1592055533041075
-13.180904522613066           1.1592060068680772
-13.065326633165828           1.1592054694876042
-12.949748743718594           1.1592058049888168
-12.834170854271356           1.1592053312719732
-12.71859296482412            1.1592060131831452
-12.603015075376884           1.159205268850584
-12.487437185929648           1.1592058382423696
-12.371859296482413           1.159205570772918
-12.256281407035175           1.1592059197168258
-12.14070351758794            1.159205689416489
-12.025125628140703           1.1592054115734118
-11.909547738693467           1.159205495760727
-11.793969849246231           1.1592054516555397
-11.678391959798995           1.159205676300565
-11.56281407035176            1.1592056022018775
-11.447236180904522           1.1592060077828221
-11.331658291457286           1.1592056642838613
-11.21608040201005            1.1592055862066686
-11.100502512562814           1.15920586980884
-10.984924623115578           1.159205654120592
-10.869346733668342           1.15920552106059
-10.753768844221106           1.1592048190811035
-10.638190954773869           1.1592056872509853
-10.522613065326633           1.1592054218281374
-10.407035175879397           1.159205658591569
-10.291457286432161           1.1592064265832598
-10.175879396984925           1.1592054866687702
-10.06030150753769            1.159205350522324
-9.944723618090451            1.159205509895427
-9.829145728643216            1.159205088272101
-9.71356783919598             1.1592060104824473
-9.597989949748744            1.1592054897318809
-9.482412060301508            1.1592054470593838
-9.366834170854272            1.15920555803011
-9.251256281407034            1.1592054533828247
-9.135678391959798            1.1592053767355852
-9.020100502512562            1.1592055591773758
-8.904522613065327            1.1592049647767197
-8.78894472361809             1.1592048928529242
-8.673366834170855            1.159206532246954
-8.557788944723619            1.1592054259053661
-8.442211055276381            1.1592064669748436
-8.326633165829145            1.1592049238913857
-8.21105527638191             1.1592050846602548
-8.095477386934673            1.15920549036656
-7.9798994974874375           1.1592053504251345
-7.864321608040202            1.1592053076465978
-7.748743718592964            1.1592052258510823
-7.633165829145728            1.1592053653971564
-7.517587939698492            1.1592050872060822
-7.402010050251256            1.1592056340547823
-7.28643216080402             1.1592053143184535
-7.170854271356784            1.159205243820596
-7.055276381909547            1.159204974428417
-6.939698492462311            1.1592052404574404
-6.824120603015075            1.1592052557629728
-6.708542713567839            1.1592050735234023
-6.592964824120603            1.1592052355645974
-6.477386934673367            1.1592052325394029
-6.361809045226131            1.159205228065949
-6.246231155778894            1.1592051073604515
-6.130653266331658            1.1592051887973056
-6.015075376884422            1.1592051856177834
-5.899497487437186            1.1592052462820823
-5.78391959798995             1.1592051355732917
-5.668341708542714            1.1592051640589707
-5.5527638190954764           1.1592050055378034
-5.4371859296482405           1.1592048593601438
-5.321608040201005            1.1592049899428887
-5.206030150753769            1.1592050905437206
-5.090452261306533            1.1592052014550762
-4.974874371859297            1.1592050788573782
-4.859296482412061            1.1592053021305952
-4.743718592964823            1.1592050997383003
-4.628140703517587            1.1592052128954666
-4.5125628140703515           1.1592050524361304
-4.396984924623116            1.1592050576693282
-4.28140703517588             1.1592050824089843
-4.165829145728644            1.1592050629310071
-4.050251256281406            1.1592049461476934
-3.934673366834172            1.1592050857679526
-3.8190954773869343           1.1592051057005686
-3.7035175879396967           1.15920503941229
-3.5879396984924625           1.159205059169219
-3.472361809045225            1.1592050443072366
-3.3567839195979907           1.1592050618580563
-3.241206030150753            1.1592050163320187
-3.125628140703519            1.1592049967772284
-3.0100502512562812           1.1592049990855866
-2.8944723618090435           1.1592050515949959
-2.7788944723618094           1.1592048744727743
-2.6633165829145717           1.1592049935947704
-2.5477386934673376           1.159204985723605
-2.4321608040201              1.1592049787511731
-2.316582914572866            1.15920498434286
-2.201005025125628            1.159204997715323
-2.0854271356783904           1.1592049845530041
-1.9698492462311563           1.1592049441405508
-1.8542713567839186           1.1592048824693115
-1.7386934673366845           1.159204908751037
-1.6231155778894468           1.1592048602264982
-1.5075376884422127           1.1592049378088656
-1.391959798994975            1.159204894465062
-1.2763819095477373           1.1592048780657085
-1.1608040201005032           1.1592047824349205
-1.0452261306532655           1.1592044450990493
-0.9296482412060314           1.159203460782778
-0.8140703517587937           1.1592007052049043
-0.698492462311556            1.1591921805270442
-0.5829145728643219           1.1591679789792475
-0.46733668341708423          1.1590993386592954
-0.3517587939698501           1.1589088204076998
-0.23618090452261245          1.1583941298117733
-0.12060301507537828          1.1570504808796027
-0.005025125628140596         1.1536906739087236
0.11055276381909708           1.145721019995891
0.22613065326633117           1.1279577883262768
0.34170854271356893           1.0910355918686787
0.457286432160803             1.019720167325913
0.5728643216080407            0.8915251803918935
0.6884422110552748            0.675721371490885
0.8040201005025125            0.3323441621812453
0.9195979899497502            -0.1893881625382486
1.0351758793969843            -0.9536787285272438
1.150753768844222             -2.042034866210544
1.266331658291456             -3.558789827635858
1.3819095477386938            -5.638806245932748
1.4974874371859315            -8.457593737952367
1.6130653266331656            -12.243886590594862
1.7286432160804033            -17.29559636472472
1.8442211055276374            -24.000776442358422
1.959798994974875             -32.865216853428656
2.075376884422109             -44.548498073502955
2.190954773869347             -59.91100047477241
2.3065326633165846            -80.07521144057455
2.4221105527638187            -106.50570110938078
2.5376884422110564            -141.11346646400713
2.6532663316582905            -186.39207808604613
2.768844221105528             -247.34516314713667
