-20.0                         0.9251673021879306
-19.884422110552762           0.9251682812456947
-19.768844221105528           0.9251671797589955
-19.65326633165829            0.9251661616280875
-19.537688442211056           0.925167201295059
-19.42211055276382            0.925167038822279
-19.306532663316585           0.9251673415546253
-19.190954773869347           0.9251659387735985
-19.07537688442211            0.9251673770797358
-18.959798994974875           0.9251670556099839
-18.844221105527637           0.9251683132399264
-18.728643216080403           0.9251669572421833
-18.613065326633166           0.9251671761856515
-18.49748743718593            0.9251669908668614
-18.381909547738694           0.9251691769541744
-18.266331658291456           0.9251668431254814
-18.150753768844222           0.9251669214811514
-18.035175879396984           0.9251669832047985
-17.91959798994975            0.9251668853085233
-17.804020100502512           0.9251673092113536
-17.688442211055275           0.9251670931161513
-17.57286432160804            0.9251665916317523
-17.457286432160803           0.92516661949346
-17.34170854271357            0.9251668139808839
-17.22613065326633            0.9251668899971237
-17.110552763819094           0.9251665719662197
-16.99497487437186            0.9251670044386324
-16.87939698492462            0.9251665553004192
-16.763819095477388           0.9251672047804544
-16.64824120603015            0.9251666238173885
-16.532663316582916           0.9251666384135444
-16.417085427135678           0.9251666213720203
-16.301507537688444           0.9251660905659282
-16.185929648241206           0.9251666295530755
-16.07035175879397            0.9251668703337784
-15.954773869346734           0.9251656084333847
-15.839195979899497           0.9251665334472615
-15.72361809045226            0.9251666260486395
-15.608040201005025           0.9251672078209814
-15.492462311557789           0.925166513966971
-15.376884422110553           0.9251664054490947
-15.261306532663315           0.9251666094051255
-15.145728643216081           0.9251665169701885
-15.030150753768844           0.9251673489250225
-14.914572864321608           0.9251662637683836
-14.798994974874372           0.9251655808267519
-14.683417085427136           0.9251665128516268
-14.5678391959799             0.925166439090483
-14.452261306532662           0.9251663986444663
-14.336683417085428           0.9251663271065019
-14.22110552763819            0.9251667423255241
-14.105527638190955           0.9251662791763655
-13.989949748743719           0.9251654211387683
-13.874371859296481           0.925166133556952
-13.758793969849247           0.9251668479768543
-13.64321608040201            0.9251662286541882
-13.527638190954773           0.9251656013171996
-13.412060301507537           0.9251662619178986
-13.296482412060302           0.9251661405338765
-13.180904522613066           0.9251663832732704
-13.065326633165828           0.9251658449559755
-12.949748743718594           0.9251662616751474
-12.834170854271356           0.9251657813717911
-12.71859296482412            0.9251664374158424
-12.603015075376884           0.9251656819403524
-12.487437185929648           0.9251662692057936
-12.371859296482413           0.9251660617037281
-12.256281407035175           0.9251663323513448
-12.14070351758794            0.9251661118264427
-12.025125628140703           0.9251659759320826
-11.909547738693467           0.9251659394370976
-11.793969849246231           0.925165833856429
-11.678391959798995           0.925166087110934
-11.56281407035176            0.9251660320443376
-11.447236180904522           0.9251663758213113
-11.331658291457286           0.925166096630088
-11.21608040201005            0.925166018818973
-11.100502512562814           0.9251663464028513
-10.984924623115578           0.9251660841744822
-10.869346733668342           0.9251659485939158
-10.753768844221106           0.9251653240256774
-10.638190954773869           0.9251660775070133
-10.522613065326633           0.9251658675067778
-10.407035175879397           0.9251660742891217
-10.291457286432161           0.9251666953022423
-10.175879396984925           0.9251659224228809
-10.06030150753769            0.9251657911733885
-9.944723618090451            0.925165918818666
-9.829145728643216            0.9251656145703517
-9.71356783919598             0.9251663526196693
-9.597989949748744            0.9251658961255248
-9.482412060301508            0.9251658663821439
-9.366834170854272            0.9251659570401031
-9.251256281407034            0.9251658705985099
-9.135678391959798            0.9251658140288551
-9.020100502512562            0.92516599427195
-8.904522613065327            0.9251654652140682
-8.78894472361809             0.9251653807457817
-8.673366834170855            0.9251668342052453
-8.557788944723619            0.9251658298198482
-8.442211055276381            0.925166773602427
-8.326633165829145            0.9251654067935178
-8.21105527638191             0.9251655876666303
-8.095477386934673            0.9251658568085406
-7.9798994974874375           0.9251657699337139
-7.864321608040202            0.925165726545918
-7.748743718592964            0.9251656606569324
-7.633165829145728            0.925165771016753
-7.517587939698492            0.9251655202035887
-7.402010050251256            0.9251660019619955
-7.28643216080402             0.9251657361412298
-7.170854271356784            0.9251656698320129
-7.055276381909547            0.9251654078883392
-6.939698492462311            0.925165656055179
-6.824120603015075            0.9251656774280312
-6.708542713567839            0.9251655359512255
-6.592964824120603            0.9251656439738993
-6.477386934673367            0.9251656103799464
-6.361809045226131            0.9251656326969354
-6.246231155778894            0.9251655294613684
-6.130653266331658            0.925165616924426
-6.015075376884422            0.9251656210813768
-5.899497487437186            0.925165680903676
-5.78391959798995             0.9251655675263959
-5.668341708542714            0.9251655862120972
-5.5527638190954764           0.9251654382157001
-5.4371859296482405           0.9251653137811992
-5.321608040201005            0.9251654360888996
-5.206030150753769            0.925165503667012
-5.090452261306533            0.9251655913035206
-4.974874371859297            0.9251655371694001
-4.859296482412061            0.9251657260721057
-4.743718592964823            0.9251655283982507
-4.628140703517587            0.9251656211863584
-4.5125628140703515           0.9251654675511416
-4.396984924623116            0.9251654844004099
-4.28140703517588             0.9251655064652625
-4.165829145728644            0.9251654836230898
-4.050251256281406            0.9251653993215554
-3.934673366834172            0.9251655033436729
-3.8190954773869343           0.9251655179556018
-3.7035175879396967           0.9251654599219427
-3.5879396984924625           0.9251654720734801
-3.472361809045225            0.9251654586224144
-3.3567839195979907           0.9251654785188372
-3.241206030150753            0.9251654271137046
-3.125628140703519            0.9251654191523323
-3.0100502512562812           0.925165423073658
-2.8944723618090435           0.9251654494219387
-2.7788944723618094           0.9251653063284622
-2.6633165829145717           0.9251653998657684
-2.5477386934673376           0.9251654050498629
-2.4321608040201              0.9251653995004299
-2.316582914572866            0.9251654022034456
-2.201005025125628            0.925165415699506
-2.0854271356783904           0.9251654043551368
-1.9698492462311563           0.9251653654540236
-1.8542713567839186           0.9251653077544328
-1.7386934673366845           0.9251653278383923
-1.6231155778894468           0.9251652745547657
-1.5075376884422127           0.9251653158089442
-1.391959798994975            0.9251652106542203
-1.2763819095477373           0.9251649947729184
-1.1608040201005032           0.9251643943038207
-1.0452261306532655           0.9251627475487171
-0.9296482412060314           0.9251584000599383
-0.8140703517587937           0.9251470402981057
-0.698492462311556            0.9251170315772678
-0.5829145728643219           0.9250400629640181
-0.46733668341708423          0.9248450828164813
-0.3517587939698501           0.9243614216535285
-0.23618090452261245          0.9231928999606053
-0.12060301507537828          0.920461275739042
-0.005025125628140596         0.9143291189700523
0.11055276381909708           0.9012120277117337
0.22613065326633117           0.8746602848797126
0.34170854271356893           0.8240344723239136
0.457286432160803             0.7332150299603332
0.5728643216080407            0.5795129325503725
0.6884422110552748            0.33267810649876234
0.8040201005025125            -0.046346884196363194
0.9195979899497502            -0.607317633687181
1.0351758793969843            -1.4135070503091491
1.150753768844222             -2.545686832822965
1.266331658291456             -4.107668669541516
1.3819095477386938            -6.23396331362675
1.4974874371859315            -9.099817576571436
1.6130653266331656            -12.933748407875344
1.7286432160804033            -18.033498684838584
1.8442211055276374            -24.787003394421724
1.959798994974875             -33.699972213747486
2.075376884422109             -45.43193027585437
2.190954773869347             -60.84321895336963
2.3065326633165846            -81.05629762039983
2.4221105527638187            -107.53571599975635
2.5376884422110564            -142.1924560214509
2.6532663316582905            -187.52007706835698
2.768844221105528             -248.5219219411065
