-20.0                         1.3616897454197492
-19.884422110552762           1.3616910133561313
-19.768844221105528           1.3616895874242487
-19.65326633165829            1.3616885533437284
-19.537688442211056           1.3616898165368168
-19.42211055276382            1.3616894129221815
-19.306532663316585           1.361689659925203
-19.190954773869347           1.3616879653326464
-19.07537688442211            1.3616899527941313
-18.959798994974875           1.3616895667922886
-18.844221105527637           1.3616908029190304
-18.728643216080403           1.3616892153783444
-18.613065326633166           1.3616898532305517
-18.49748743718593            1.3616893971899715
-18.381909547738694           1.3616920909034926
-18.266331658291456           1.3616893210703174
-18.150753768844222           1.3616893875352951
-18.035175879396984           1.3616899598163703
-17.91959798994975            1.3616893046484158
-17.804020100502512           1.3616899322259348
-17.688442211055275           1.3616893113950135
-17.57286432160804            1.361689045101466
-17.457286432160803           1.3616891049586388
-17.34170854271357            1.3616891209661321
-17.22613065326633            1.3616890418359178
-17.110552763819094           1.3616890802239898
-16.99497487437186            1.3616895897877952
-16.87939698492462            1.361688687174455
-16.763819095477388           1.3616899002077212
-16.64824120603015            1.3616889224584892
-16.532663316582916           1.3616893933973375
-16.417085427135678           1.3616890706762907
-16.301507537688444           1.36168837732789
-16.185929648241206           1.361689092902453
-16.07035175879397            1.3616894248056124
-15.954773869346734           1.361687820682596
-15.839195979899497           1.361689019057189
-15.72361809045226            1.3616892314772275
-15.608040201005025           1.3616902043421397
-15.492462311557789           1.3616890382922076
-15.376884422110553           1.361689242906242
-15.261306532663315           1.3616891009183747
-15.145728643216081           1.3616890677382947
-15.030150753768844           1.3616899018739903
-14.914572864321608           1.361688745738953
-14.798994974874372           1.3616879671261577
-14.683417085427136           1.361689070194514
-14.5678391959799             1.3616890241271151
-14.452261306532662           1.361688985785834
-14.336683417085428           1.3616888320631444
-14.22110552763819            1.361689652570677
-14.105527638190955           1.361688789232017
-13.989949748743719           1.3616877732064465
-13.874371859296481           1.3616885986743952
-13.758793969849247           1.3616892308966195
-13.64321608040201            1.3616887171731755
-13.527638190954773           1.3616878725859485
-13.412060301507537           1.3616887897366212
-13.296482412060302           1.36168835699717
-13.180904522613066           1.361688989323213
-13.065326633165828           1.361688470043772
-12.949748743718594           1.3616887189502334
-12.834170854271356           1.3616882566144768
-12.71859296482412            1.3616889527848965
-12.603015075376884           1.3616882373046164
-12.487437185929648           1.3616887712645795
-12.371859296482413           1.3616884650340662
-12.256281407035175           1.3616888617116876
-12.14070351758794            1.36168863669752
-12.025125628140703           1.3616882362118439
-11.909547738693467           1.361688424078769
-11.793969849246231           1.3616884559712636
-11.678391959798995           1.3616886337126133
-11.56281407035176            1.3616885419787201
-11.447236180904522           1.361688998166751
-11.331658291457286           1.361688599582561
-11.21608040201005            1.3616885248273818
-11.100502512562814           1.3616887643735263
-10.984924623115578           1.3616885908428202
-10.869346733668342           1.3616884633515074
-10.753768844221106           1.3616876987037485
-10.638190954773869           1.3616886588645147
-10.522613065326633           1.3616883496767778
-10.407035175879397           1.3616885956460218
-10.291457286432161           1.3616894908159385
-10.175879396984925           1.3616884208678286
-10.06030150753769            1.361688281036202
-9.944723618090451            1.3616884722847227
-9.829145728643216            1.361687950650739
-9.71356783919598             1.3616890041829643
-9.597989949748744            1.3616884494249277
-9.482412060301508            1.3616883974374192
-9.366834170854272            1.3616885197404052
-9.251256281407034            1.3616884042209094
-9.135678391959798            1.3616883142207974
-9.020100502512562            1.3616884771085065
-8.904522613065327            1.3616878510620243
-8.78894472361809             1.3616877852135818
-8.673366834170855            1.3616895739991073
-8.557788944723619            1.3616883870131593
-8.442211055276381            1.3616895049775581
-8.326633165829145            1.3616878200348075
-8.21105527638191             1.361687964081139
-8.095477386934673            1.3616884797739481
-7.9798994974874375           1.361688293604341
-7.864321608040202            1.361688255861753
-7.748743718592964            1.3616881607692044
-7.633165829145728            1.3616883236573454
-7.517587939698492            1.3616880355007097
-7.402010050251256            1.36168861225969
-7.28643216080402             1.3616882584552454
-7.170854271356784            1.3616881863611927
-7.055276381909547            1.3616879166253775
-6.939698492462311            1.361688192347073
-6.824120603015075            1.361688200563189
-6.708542713567839            1.3616879852873929
-6.592964824120603            1.3616881935597698
-6.477386934673367            1.3616882198797902
-6.361809045226131            1.3616881901140787
-6.246231155778894            1.3616880534902454
-6.130653266331658            1.3616881271394436
-6.015075376884422            1.3616881140069126
-5.899497487437186            1.3616881718103282
-5.78391959798995             1.3616880728819647
-5.668341708542714            1.3616881093347002
-5.5527638190954764           1.3616879497314909
-5.4371859296482405           1.361687778836126
-5.321608040201005            1.361687921151974
-5.206030150753769            1.3616880498625996
-5.090452261306533            1.361688173095327
-4.974874371859297            1.3616879915730322
-4.859296482412061            1.3616882419447034
-4.743718592964823            1.3616880381583103
-4.628140703517587            1.3616881692821237
-4.5125628140703515           1.3616880090049845
-4.396984924623116            1.361687999826536
-4.28140703517588             1.3616880252611383
-4.165829145728644            1.361688010617987
-4.050251256281406            1.3616878663427416
-3.934673366834172            1.3616880337410457
-3.8190954773869343           1.3616880583634299
-3.7035175879396967           1.3616879856492827
-3.5879396984924625           1.3616880119787036
-3.472361809045225            1.3616879962557258
-3.3567839195979907           1.361688008508244
-3.241206030150753            1.361687975001169
-3.125628140703519            1.361687942043988
-3.0100502512562812           1.3616879426780542
-2.8944723618090435           1.3616880188522893
-2.7788944723618094           1.3616878122073028
-2.6633165829145717           1.3616879539198077
-2.5477386934673376           1.3616879332370353
-2.4321608040201              1.3616879244405133
-2.316582914572866            1.361687933021002
-2.201005025125628            1.3616879442047356
-2.0854271356783904           1.3616879302367977
-1.9698492462311563           1.36168788980697
-1.8542713567839186           1.3616878248390314
-1.7386934673366845           1.3616878543986857
-1.6231155778894468           1.3616878005322952
-1.5075376884422127           1.3616878887717552
-1.391959798994975            1.3616878464199744
-1.2763819095477373           1.361687864555098
-1.1608040201005032           1.3616878535234256
-1.0452261306532655           1.3616877579162927
-0.9296482412060314           1.361687454410708
-0.8140703517587937           1.3616866726020882
-0.698492462311556            1.3616835982081807
-0.5829145728643219           1.3616743324598954
-0.46733668341708423          1.3616455572698516
-0.3517587939698501           1.3615581604215574
-0.23618090452261245          1.3612998738068722
-0.12060301507537828          1.3605626352510378
-0.005025125628140596         1.3585498861981204
0.11055276381909708           1.3533506121051295
0.22613065326633117           1.3407883570059782
0.34170854271356893           1.3126829035625354
0.457286432160803             1.2548100461727414
0.5728643216080407            1.1451416775354901
0.6884422110552748            0.9527250522781009
0.8040201005025125            0.6368732774021644
0.9195979899497502            0.14589546545694285
1.0351758793969843            -0.5852645163558915
1.150753768844222             -1.6387935085252698
1.266331658291456             -3.119504499389927
1.3819095477386938            -5.162578926103204
1.4974874371859315            -7.943758615107751
1.6130653266331656            -11.691966094953152
1.7286432160804033            -16.705257109160467
1.8442211055276374            -23.371785017229346
1.959798994974875             -32.19740692515339
2.075376884422109             -43.8417490656614
2.190954773869347             -59.16522381465381
2.3065326633165846            -79.29034140705004
2.4221105527638187            -105.68168856281329
2.5376884422110564            -140.25027444808563
2.6532663316582905            -185.48967868405705
2.768844221105528             -246.4037561119608
