-20.0                         0.1994839756901515
-19.884422110552762           0.199484340698615
-19.768844221105528           0.19948393238013792
-19.65326633165829            0.19948343386358763
-19.537688442211056           0.19948390854264525
-19.42211055276382            0.1994839770795783
-19.306532663316585           0.199483921117287
-19.190954773869347           0.19948394325839822
-19.07537688442211            0.19948385778345315
-18.959798994974875           0.19948382520927602
-18.844221105527637           0.1994839570775141
-18.728643216080403           0.1994838008545548
-18.613065326633166           0.19948368889260426
-18.49748743718593            0.19948374815221195
-18.381909547738694           0.19948411900871418
-18.266331658291456           0.1994836646173635
-18.150753768844222           0.19948371631191733
-18.035175879396984           0.19948332001628188
-17.91959798994975            0.199483633955196
-17.804020100502512           0.19948363924527918
-17.688442211055275           0.1994836718616532
-17.57286432160804            0.19948364060885945
-17.457286432160803           0.19948346377105655
-17.34170854271357            0.19948357095949945
-17.22613065326633            0.19948363816511785
-17.110552763819094           0.199483457019371
-16.99497487437186            0.1994834930753177
-16.87939698492462            0.19948357517953094
-16.763819095477388           0.19948348960617554
-16.64824120603015            0.19948350068186646
-16.532663316582916           0.19948342501400365
-16.417085427135678           0.1994834712643092
-16.301507537688444           0.1994834551540783
-16.185929648241206           0.19948337707975358
-16.07035175879397            0.19948340872989045
-15.954773869346734           0.19948317334843546
-15.839195979899497           0.19948332057713117
-15.72361809045226            0.19948331119759405
-15.608040201005025           0.19948318664630638
-15.492462311557789           0.19948323537250673
-15.376884422110553           0.19948315312872242
-15.261306532663315           0.1994832666729313
-15.145728643216081           0.1994832074606785
-15.030150753768844           0.19948329479220644
-14.914572864321608           0.19948310682923048
-14.798994974874372           0.19948303274604437
-14.683417085427136           0.19948315324871344
-14.5678391959799             0.19948317681109698
-14.452261306532662           0.19948314973940728
-14.336683417085428           0.19948308775424928
-14.22110552763819            0.19948300134664096
-14.105527638190955           0.19948309834148006
-13.989949748743719           0.19948271151131033
-13.874371859296481           0.19948300307520553
-13.758793969849247           0.1994834464602284
-13.64321608040201            0.19948304058215677
-13.527638190954773           0.19948304067685846
-13.412060301507537           0.19948301087775205
-13.296482412060302           0.19948315612954454
-13.180904522613066           0.19948297206046692
-13.065326633165828           0.19948273867003197
-12.949748743718594           0.19948298934819714
-12.834170854271356           0.19948270936121207
-12.71859296482412            0.19948301391590287
-12.603015075376884           0.19948270813044838
-12.487437185929648           0.19948290815166037
-12.371859296482413           0.1994829013932479
-12.256281407035175           0.19948290859463164
-12.14070351758794            0.19948283156879038
-12.025125628140703           0.19948297698085546
-11.909547738693467           0.19948276046263683
-11.793969849246231           0.19948276731381262
-11.678391959798995           0.19948279505829314
-11.56281407035176            0.19948278010220588
-11.447236180904522           0.1994828290101044
-11.331658291457286           0.19948278079966061
-11.21608040201005            0.19948275421916906
-11.100502512562814           0.19948300940783573
-10.984924623115578           0.19948274784426367
-10.869346733668342           0.1994826904442899
-10.753768844221106           0.19948248680090724
-10.638190954773869           0.19948269313471093
-10.522613065326633           0.19948268342824166
-10.407035175879397           0.19948266484831662
-10.291457286432161           0.19948269063572097
-10.175879396984925           0.1994826427131434
-10.06030150753769            0.19948258779473546
-9.944723618090451            0.19948261423957436
-9.829145728643216            0.19948267601110883
-9.71356783919598             0.1994825903248932
-9.597989949748744            0.19948257630708568
-9.482412060301508            0.1994825821749362
-9.366834170854272            0.19948255573878468
-9.251256281407034            0.19948255179447685
-9.135678391959798            0.1994825488131109
-9.020100502512562            0.1994825386657276
-8.904522613065327            0.1994825370801803
-8.78894472361809             0.1994824166598505
-8.673366834170855            0.19948286802155638
-8.557788944723619            0.19948246414214285
-8.442211055276381            0.19948283307858183
-8.326633165829145            0.19948240704488493
-8.21105527638191             0.19948252328317229
-8.095477386934673            0.19948243131455148
-7.9798994974874375           0.19948243681185654
-7.864321608040202            0.19948242537775968
-7.748743718592964            0.19948241486136997
-7.633165829145728            0.19948240873431894
-7.517587939698492            0.1994823949716133
-7.402010050251256            0.19948238740181753
-7.28643216080402             0.19948239886792962
-7.170854271356784            0.19948237997984167
-7.055276381909547            0.19948229369523296
-6.939698492462311            0.19948235144720414
-6.824120603015075            0.1994823512348078
-6.708542713567839            0.19948238658822964
-6.592964824120603            0.19948231169463812
-6.477386934673367            0.19948224677546236
-6.361809045226131            0.19948230591583296
-6.246231155778894            0.1994822504463816
-6.130653266331658            0.19948229819952285
-6.015075376884422            0.19948229325718572
-5.899497487437186            0.19948229070357298
-5.78391959798995             0.1994822774266121
-5.668341708542714            0.19948227350444533
-5.5527638190954764           0.1994822499130775
-5.4371859296482405           0.19948217673226307
-5.321608040201005            0.19948224287497426
-5.206030150753769            0.1994822180312581
-5.090452261306533            0.19948219811193105
-4.974874371859297            0.19948223382944089
-4.859296482412061            0.19948225686957796
-4.743718592964823            0.199482147163751
-4.628140703517587            0.19948214394502475
-4.5125628140703515           0.1994820508573849
-4.396984924623116            0.19948197974562495
-4.28140703517588             0.19948188431917166
-4.165829145728644            0.1994817352467459
-4.050251256281406            0.199481547537165
-3.934673366834172            0.19948122331307974
-3.8190954773869343           0.1994807813863976
-3.7035175879396967           0.19948012840410434
-3.5879396984924625           0.19947918680972251
-3.472361809045225            0.1994778078752113
-3.3567839195979907           0.19947580456654357
-3.241206030150753            0.19947286232889497
-3.125628140703519            0.1994685586607664
-3.0100502512562812           0.19946228054450454
-2.8944723618090435           0.19945307186052072
-2.7788944723618094           0.19943962930324508
-2.6633165829145717           0.19942003120368834
-2.5477386934673376           0.19939140712330852
-2.4321608040201              0.19934958322649587
-2.316582914572866            0.1992885576271254
-2.201005025125628            0.19919957433598584
-2.0854271356783904           0.19906992352594244
-1.9698492462311563           0.1988811907820081
-1.8542713567839186           0.1986067798162864
-1.7386934673366845           0.1982083367937802
-1.6231155778894468           0.1976306183877861
-1.5075376884422127           0.19679458514025838
-1.391959798994975            0.19558714140026645
-1.2763819095477373           0.1938475138197468
-1.1608040201005032           0.1913480663701298
-1.0452261306532655           0.18776811880113378
-0.9296482412060314           0.18265859842191853
-0.8140703517587937           0.17539440402619869
-0.698492462311556            0.1651109791213053
-0.5829145728643219           0.1506209859390499
-0.46733668341708423          0.1303041957626892
-0.3517587939698501           0.10196458343052522
-0.23618090452261245          0.06264418011121714
-0.12060301507537828          0.008381682792063543
-0.005025125628140596         -0.06610054398065628
0.11055276381909708           -0.1678017608138221
0.22613065326633117           -0.3059680320871769
0.34170854271356893           -0.49277156228930163
0.457286432160803             -0.7441899034122013
0.5728643216080407            -1.0811424364722368
0.6884422110552748            -1.5309590623145846
0.8040201005025125            -2.129277031680039
0.9195979899497502            -2.922489092998576
1.0351758793969843            -3.9709146286224435
1.150753768844222             -5.352962479938517
1.266331658291456             -7.170716444459367
1.3819095477386938            -9.557443980092234
1.4974874371859315            -12.687370013854501
1.6130653266331656            -16.78810199457542
1.7286432160804033            -22.156641387883326
1.8442211055276374            -29.18037920596031
1.959798994974875             -38.364640336033624
2.075376884422109             -50.36867559557055
2.190954773869347             -66.05262773393936
2.3065326633165846            -86.53881043128575
2.4221105527638187            -113.29166546018416
2.5376884422110564            -148.2220941397645
2.6532663316582905            -193.82359528948248
2.768844221105528             -255.09792696623217
