-20.0                         0.2601207654562867
-19.884422110552762           0.2601212951583865
-19.768844221105528           0.2601207128432688
-19.65326633165829            0.26012003943716694
-19.537688442211056           0.26012068367729096
-19.42211055276382            0.26012075932895995
-19.306532663316585           0.2601207662104547
-19.190954773869347           0.2601205229758039
-19.07537688442211            0.26012068846293906
-18.959798994974875           0.2601205982486094
-18.844221105527637           0.260121047103378
-18.728643216080403           0.26012061514714135
-18.613065326633166           0.2601204778012939
-18.49748743718593            0.26012053497895926
-18.381909547738694           0.26012135422906263
-18.266331658291456           0.26012042223687204
-18.150753768844222           0.2601204986093832
-18.035175879396984           0.26012003832268843
-17.91959798994975            0.26012041676576536
-17.804020100502512           0.2601204874375723
-17.688442211055275           0.2601205669233597
-17.57286432160804            0.26012040755165555
-17.457286432160803           0.26012020688306053
-17.34170854271357            0.26012039016486
-17.22613065326633            0.26012052989128825
-17.110552763819094           0.2601201815067885
-16.99497487437186            0.2601202897423423
-16.87939698492462            0.2601204160691732
-16.763819095477388           0.2601203483439121
-16.64824120603015            0.2601203226515234
-16.532663316582916           0.26012015351427414
-16.417085427135678           0.2601202372273051
-16.301507537688444           0.2601201743282398
-16.185929648241206           0.2601201695170068
-16.07035175879397            0.26012022306580196
-15.954773869346734           0.26011975726527303
-15.839195979899497           0.2601200884197979
-15.72361809045226            0.26012009112869217
-15.608040201005025           0.26011999247351586
-15.492462311557789           0.26012001113208605
-15.376884422110553           0.2601198222087941
-15.261306532663315           0.2601200741192667
-15.145728643216081           0.2601199820446404
-15.030150753768844           0.26012027413782
-14.914572864321608           0.2601198524996566
-14.798994974874372           0.2601196088990218
-14.683417085427136           0.26011994352544493
-14.5678391959799             0.2601199587876597
-14.452261306532662           0.2601199265222668
-14.336683417085428           0.26011985856378944
-14.22110552763819            0.26011976356586264
-14.105527638190955           0.26011986240998414
-13.989949748743719           0.2601193321676435
-13.874371859296481           0.26011974711512276
-13.758793969849247           0.2601203665692917
-13.64321608040201            0.26011981386460187
-13.527638190954773           0.2601196928127373
-13.412060301507537           0.2601197889549487
-13.296482412060302           0.26011998675877857
-13.180904522613066           0.2601197614074618
-13.065326633165828           0.26011940431055103
-12.949748743718594           0.26011979715451317
-12.834170854271356           0.2601194208141624
-12.71859296482412            0.2601198542674436
-12.603015075376884           0.26011935646489476
-12.487437185929648           0.26011971652987553
-12.371859296482413           0.26011969992583506
-12.256281407035175           0.26011972093682395
-12.14070351758794            0.260119612035399
-12.025125628140703           0.26011979199438645
-11.909547738693467           0.2601195145336995
-11.793969849246231           0.26011946689843013
-11.678391959798995           0.2601195744514232
-11.56281407035176            0.26011955386668284
-11.447236180904522           0.26011966890867777
-11.331658291457286           0.2601195824343222
-11.21608040201005            0.2601195383611405
-11.100502512562814           0.26011987984260093
-10.984924623115578           0.2601195549271886
-10.869346733668342           0.2601194659082822
-10.753768844221106           0.2601191521865978
-10.638190954773869           0.26011948915227556
-10.522613065326633           0.26011944995130726
-10.407035175879397           0.2601194657599265
-10.291457286432161           0.2601196075126159
-10.175879396984925           0.26011943164304807
-10.06030150753769            0.26011934987564195
-9.944723618090451            0.2601193993584954
-9.829145728643216            0.26011943333645754
-9.71356783919598             0.26011945118367386
-9.597989949748744            0.26011936026963606
-9.482412060301508            0.26011936724877904
-9.366834170854272            0.2601193543957706
-9.251256281407034            0.260119343101053
-9.135678391959798            0.2601193409122196
-9.020100502512562            0.2601193654988387
-8.904522613065327            0.2601192621867618
-8.78894472361809             0.2601191223929053
-8.673366834170855            0.26011982921256416
-8.557788944723619            0.26011926001068886
-8.442211055276381            0.2601197875550953
-8.326633165829145            0.26011912402042026
-8.21105527638191             0.26011930396949107
-8.095477386934673            0.26011921446274894
-7.9798994974874375           0.26011922796773707
-7.864321608040202            0.26011921029123025
-7.748743718592964            0.2601191903626215
-7.633165829145728            0.26011920482348583
-7.517587939698492            0.26011914477503867
-7.402010050251256            0.2601192249369167
-7.28643216080402             0.26011919897398805
-7.170854271356784            0.26011916815722863
-7.055276381909547            0.26011901769959594
-6.939698492462311            0.26011913659376906
-6.824120603015075            0.2601191469054328
-6.708542713567839            0.2601191523220305
-6.592964824120603            0.26011909847593395
-6.477386934673367            0.260119018111981
-6.361809045226131            0.26011908993816624
-6.246231155778894            0.2601190266713129
-6.130653266331658            0.2601190940009235
-6.015075376884422            0.26011909150358814
-5.899497487437186            0.26011910663032367
-5.78391959798995             0.26011907126382644
-5.668341708542714            0.2601190684983282
-5.5527638190954764           0.26011901913500995
-5.4371859296482405           0.2601189273927599
-5.321608040201005            0.2601190277122494
-5.206030150753769            0.26011901181654445
-5.090452261306533            0.2601190049177988
-4.974874371859297            0.2601190749963368
-4.859296482412061            0.26011914163738953
-4.743718592964823            0.26011900734903604
-4.628140703517587            0.260119047695964
-4.5125628140703515           0.26011897202379736
-4.396984924623116            0.2601189740762999
-4.28140703517588             0.2601189785091896
-4.165829145728644            0.2601189646031205
-4.050251256281406            0.26011897371811704
-3.934673366834172            0.2601189590688325
-3.8190954773869343           0.26011895651348754
-3.7035175879396967           0.2601189307171514
-3.5879396984924625           0.2601189221562132
-3.472361809045225            0.26011890530876347
-3.3567839195979907           0.26011889974803365
-3.241206030150753            0.26011886067462425
-3.125628140703519            0.2601188155514126
-3.0100502512562812           0.2601187535699044
-2.8944723618090435           0.260118612672746
-2.7788944723618094           0.26011837824801975
-2.6633165829145717           0.26011806939151577
-2.5477386934673376           0.26011752242582603
-2.4321608040201              0.2601165301557522
-2.316582914572866            0.260114822856664
-2.201005025125628            0.2601118856565731
-2.0854271356783904           0.26010682079245934
-1.9698492462311563           0.26009809080856716
-1.8542713567839186           0.2600830974573135
-1.7386934673366845           0.2600574277540193
-1.6231155778894468           0.2600134035451968
-1.5075376884422127           0.25993826869273196
-1.391959798994975            0.259810170784195
-1.2763819095477373           0.2595925762100369
-1.1608040201005032           0.25922446947007094
-1.0452261306532655           0.25860467393692077
-0.9296482412060314           0.25756715080456094
-0.8140703517587937           0.2558422726509102
-0.698492462311556            0.2529979030863662
-0.5829145728643219           0.248352725768284
-0.46733668341708423          0.24085068626086292
-0.3517587939698501           0.22888815373969693
-0.23618090452261245          0.21008276344684806
-0.12060301507537828          0.18097623251250544
-0.005025125628140596         0.1366638252616293
0.11055276381909708           0.07034204692700058
0.22613065326633117           -0.02724138992458841
0.34170854271356893           -0.16846319930980244
0.457286432160803             -0.3696729842042677
0.5728643216080407            -0.6522807324689677
0.6884422110552748            -1.044170374156666
0.8040201005025125            -1.5815462213487173
0.9195979899497502            -2.311340965486776
1.0351758793969843            -3.2943558663468093
1.150753768844222             -4.609397747120929
1.266331658291456             -6.358852962908645
1.3819095477386938            -8.67622168952433
1.4974874371859315            -11.735937486487831
1.6130653266331656            -15.765805005002338
1.7286432160804033            -21.06299272485779
1.8442211055276374            -28.01501827459011
1.959798994974875             -37.127298757951074
2.075376884422109             -49.05915230153525
2.190954773869347             -64.67077128519703
2.3065326633165846            -85.08450630479037
2.4221105527638187            -111.76482677896011
2.5376884422110564            -146.62265484119564
2.6532663316582905            -192.1515050475595
2.768844221105528             -253.35355510693566
