-20.0                         0.8205793220319207
-19.884422110552762           0.8205802384937335
-19.768844221105528           0.8205792106888633
-19.65326633165829            0.8205782136330406
-19.537688442211056           0.820579203602083
-19.42211055276382            0.8205790899778109
-19.306532663316585           0.8205793795734939
-19.190954773869347           0.820578091480527
-19.07537688442211            0.8205793713536899
-18.959798994974875           0.8205790733392745
-18.844221105527637           0.8205802887746757
-18.728643216080403           0.8205790241666785
-18.613065326633166           0.8205791550087836
-18.49748743718593            0.8205790239925255
-18.381909547738694           0.820581059230021
-18.266331658291456           0.8205788682116057
-18.150753768844222           0.8205789489530955
-18.035175879396984           0.8205789003355927
-17.91959798994975            0.8205789150180062
-17.804020100502512           0.820579287064353
-17.688442211055275           0.8205791538826682
-17.57286432160804            0.8205786445473698
-17.457286432160803           0.8205786432461635
-17.34170854271357            0.8205788671059053
-17.22613065326633            0.8205789741795254
-17.110552763819094           0.8205785933284828
-16.99497487437186            0.8205789889072738
-16.87939698492462            0.8205786574307474
-16.763819095477388           0.8205791715048515
-16.64824120603015            0.8205786905155816
-16.532663316582916           0.8205786196264914
-16.417085427135678           0.8205786529061085
-16.301507537688444           0.8205781814911094
-16.185929648241206           0.8205786579886097
-16.07035175879397            0.8205788684008704
-15.954773869346734           0.8205777034153413
-15.839195979899497           0.820578555978148
-15.72361809045226            0.8205786277439371
-15.608040201005025           0.8205791002728344
-15.492462311557789           0.8205785272254976
-15.376884422110553           0.8205783635071592
-15.261306532663315           0.8205786273727771
-15.145728643216081           0.8205785232990753
-15.030150753768844           0.8205793243156388
-14.914572864321608           0.8205782881898179
-14.798994974874372           0.8205776427211315
-14.683417085427136           0.8205785174110691
-14.5678391959799             0.8205784469893574
-14.452261306532662           0.820578407122355
-14.336683417085428           0.8205783456488314
-14.22110552763819            0.8205786633734619
-14.105527638190955           0.8205783005671536
-13.989949748743719           0.8205774815132391
-13.874371859296481           0.8205781619816302
-13.758793969849247           0.8205788889773175
-13.64321608040201            0.8205782539431291
-13.527638190954773           0.8205776871668599
-13.412060301507537           0.8205782772606385
-13.296482412060302           0.8205782260947114
-13.180904522613066           0.8205783756840562
-13.065326633165828           0.8205778443942912
-12.949748743718594           0.8205782888527817
-12.834170854271356           0.8205778090146468
-12.71859296482412            0.8205784490541981
-12.603015075376884           0.8205776984305819
-12.487437185929648           0.8205782834773071
-12.371859296482413           0.8205781067051647
-12.256281407035175           0.8205783364637611
-12.14070351758794            0.8205781257580799
-12.025125628140703           0.8205780521550995
-11.909547738693467           0.8205779628395377
-11.793969849246231           0.8205778406334552
-11.678391959798995           0.8205780964946082
-11.56281407035176            0.820578048896296
-11.447236180904522           0.8205783635691637
-11.331658291457286           0.8205781133486992
-11.21608040201005            0.8205780370178465
-11.100502512562814           0.8205783812467885
-10.984924623115578           0.8205780995733014
-10.869346733668342           0.8205779647184864
-10.753768844221106           0.8205773771113043
-10.638190954773869           0.8205780765286411
-10.522613065326633           0.8205778922914158
-10.407035175879397           0.8205780788873365
-10.291457286432161           0.8205786336996459
-10.175879396984925           0.8205779411842105
-10.06030150753769            0.8205778129973658
-9.944723618090451            0.8205779281055304
-9.829145728643216            0.8205776769131656
-9.71356783919598             0.8205783209590094
-9.597989949748744            0.8205779028869989
-9.482412060301508            0.8205778793520828
-9.366834170854272            0.8205779581831457
-9.251256281407034            0.8205778817233884
-9.135678391959798            0.820577835119246
-9.020100502512562            0.8205780053616409
-8.904522613065327            0.8205775171555304
-8.78894472361809             0.8205774251226036
-8.673366834170855            0.8205787892810137
-8.557788944723619            0.8205778345685992
-8.442211055276381            0.8205787309233779
-8.326633165829145            0.8205774486503967
-8.21105527638191             0.8205776380884743
-8.095477386934673            0.8205778444031426
-7.9798994974874375           0.8205777800905351
-7.864321608040202            0.8205777382461397
-7.748743718592964            0.8205776795156045
-7.633165829145728            0.820577776230422
-7.517587939698492            0.8205775435260445
-7.402010050251256            0.82057798468998
-7.28643216080402             0.8205777481398042
-7.170854271356784            0.8205776847377825
-7.055276381909547            0.8205774291774295
-6.939698492462311            0.8205776666934071
-6.824120603015075            0.8205776896754663
-6.708542713567839            0.8205775675107188
-6.592964824120603            0.8205776511238466
-6.477386934673367            0.8205776053280045
-6.361809045226131            0.8205776386635065
-6.246231155778894            0.8205775427550495
-6.130653266331658            0.8205776315312208
-6.015075376884422            0.8205776372810825
-5.899497487437186            0.8205776949655786
-5.78391959798995             0.8205775848316942
-5.668341708542714            0.8205775991591272
-5.5527638190954764           0.8205774593625452
-5.4371859296482405           0.8205773422223472
-5.321608040201005            0.8205774624004437
-5.206030150753769            0.8205775153585564
-5.090452261306533            0.8205775898252907
-4.974874371859297            0.820577565114235
-4.859296482412061            0.8205777375522337
-4.743718592964823            0.8205775433176274
-4.628140703517587            0.8205776273995413
-4.5125628140703515           0.8205774796473191
-4.396984924623116            0.8205774993568885
-4.28140703517588             0.8205775196293394
-4.165829145728644            0.8205774962675163
-4.050251256281406            0.8205774267127851
-3.934673366834172            0.8205775136000207
-3.8190954773869343           0.8205775258871593
-3.7035175879396967           0.8205774719144174
-3.5879396984924625           0.8205774807940432
-3.472361809045225            0.8205774680314464
-3.3567839195979907           0.8205774876833473
-3.241206030150753            0.8205774366584949
-3.125628140703519            0.8205774321905954
-3.0100502512562812           0.8205774366149055
-2.8944723618090435           0.8205774519165618
-2.7788944723618094           0.8205773240101177
-2.6633165829145717           0.8205774063022238
-2.5477386934673376           0.8205774166309109
-2.4321608040201              0.8205774114741424
-2.316582914572866            0.8205774130182015
-2.201005025125628            0.8205774255736679
-2.0854271356783904           0.8205774149323802
-1.9698492462311563           0.8205773763545425
-1.8542713567839186           0.8205773184030088
-1.7386934673366845           0.8205773294574942
-1.6231155778894468           0.8205772572800007
-1.5075376884422127           0.8205772427914284
-1.391959798994975            0.8205770150622943
-1.2763819095477373           0.8205764818498116
-1.1608040201005032           0.8205751146770563
-1.0452261306532655           0.8205716156250649
-0.9296482412060314           0.8205628416139826
-0.8140703517587937           0.8205410214286307
-0.698492462311556            0.8204867833462473
-0.5829145728643219           0.8203547886904343
-0.46733668341708423          0.8200380935939735
-0.3517587939698501           0.8192938129694114
-0.23618090452261245          0.8175893083398466
-0.12060301507537828          0.8138087633435371
-0.005025125628140596         0.8057430683085215
0.11055276381909708           0.7893022138516018
0.22613065326633117           0.7574644851459363
0.34170854271356893           0.6990905528350783
0.457286432160803             0.5977844248481308
0.5728643216080407            0.43087939325541724
0.6884422110552748            0.1684052816078792
0.8040201005025125            -0.2282733973748532
0.9195979899497502            -0.8084649483557584
1.0351758793969843            -1.6350450453328695
1.150753768844222             -2.7884720530740683
1.266331658291456             -4.372334340158241
1.3819095477386938            -6.520989879579327
1.4974874371859315            -9.409568852905355
1.6130653266331656            -13.26649010171907
1.7286432160804033            -18.389419496988086
1.8442211055276374            -25.16623742117325
1.959798994974875             -34.10261613447887
2.075376884422109             -45.85805479311294
2.190954773869347             -61.29287634968046
2.3065326633165846            -81.52952688525774
2.4221105527638187            -108.03254639732693
2.5376884422110564            -142.7129096245831
2.6532663316582905            -188.06417058793195
2.768844221105528             -249.08953500643315
