-20.0                         0.20525882593952857
-19.884422110552762           0.20525925251894536
-19.768844221105528           0.20525877981214882
-19.65326633165829            0.20525821573699424
-19.537688442211056           0.20525875554269107
-19.42211055276382            0.20525883210969106
-19.306532663316585           0.20525878977533385
-19.190954773869347           0.20525873922247506
-19.07537688442211            0.20525872223076724
-18.959798994974875           0.2052586725564709
-18.844221105527637           0.20525890548906792
-18.728643216080403           0.20525866152594827
-18.613065326633166           0.2052585364972418
-18.49748743718593            0.20525859855898979
-18.381909547738694           0.20525912214124398
-18.266331658291456           0.2052585051286301
-18.150753768844222           0.20525856775043724
-18.035175879396984           0.20525813262023598
-17.91959798994975            0.2052584825288302
-17.804020100502512           0.2052585070532298
-17.688442211055275           0.20525855866648307
-17.57286432160804            0.20525849156826373
-17.457286432160803           0.20525829821249236
-17.34170854271357            0.2052584323068148
-17.22613065326633            0.20525852769432346
-17.110552763819094           0.20525828548093034
-16.99497487437186            0.2052583444143261
-16.87939698492462            0.205258451008923
-16.763819095477388           0.20525836238589665
-16.64824120603015            0.20525836656425697
-16.532663316582916           0.20525825867769978
-16.417085427135678           0.2052583171678388
-16.301507537688444           0.20525829375803195
-16.185929648241206           0.2052582296714666
-16.07035175879397            0.20525826822567092
-15.954773869346734           0.2052579542635641
-15.839195979899497           0.2052581649997209
-15.72361809045226            0.20525815979738166
-15.608040201005025           0.20525803130096712
-15.492462311557789           0.20525808168720144
-15.376884422110553           0.2052579603841528
-15.261306532663315           0.20525812424904488
-15.145728643216081           0.20525805309422684
-15.030150753768844           0.20525820570452613
-14.914572864321608           0.20525794244710846
-14.798994974874372           0.20525781150131736
-14.683417085427136           0.2052580041410383
-14.5678391959799             0.20525802824293352
-14.452261306532662           0.2052579990195784
-14.336683417085428           0.20525793275254126
-14.22110552763819            0.20525783440359535
-14.105527638190955           0.20525794319651747
-13.989949748743719           0.2052575010582763
-13.874371859296481           0.20525783875711798
-13.758793969849247           0.20525835542911636
-13.64321608040201            0.2052578885485796
-13.527638190954773           0.20525785311618908
-13.412060301507537           0.20525785982265315
-13.296482412060302           0.2052580325286794
-13.180904522613066           0.20525782263985692
-13.065326633165828           0.20525754137322222
-12.949748743718594           0.20525784948943682
-12.834170854271356           0.2052575312780958
-12.71859296482412            0.20525788537818582
-12.603015075376884           0.20525750667533527
-12.487437185929648           0.2052577660884858
-12.371859296482413           0.20525775846398375
-12.256281407035175           0.20525776795879352
-12.14070351758794            0.2052576800852507
-12.025125628140703           0.20525784672570319
-11.909547738693467           0.2052575994237521
-11.793969849246231           0.20525758994644708
-11.678391959798995           0.20525764350979106
-11.56281407035176            0.20525762658368732
-11.447236180904522           0.20525769795819018
-11.331658291457286           0.20525763745737258
-11.21608040201005            0.20525760487982248
-11.100502512562814           0.2052578976912269
-10.984924623115578           0.20525760629054945
-10.869346733668342           0.20525753730416213
-10.753768844221106           0.20525729386015534
-10.638190954773869           0.2052575469642257
-10.522613065326633           0.20525752878109566
-10.407035175879397           0.20525751908946666
-10.291457286432161           0.2052575817608114
-10.175879396984925           0.2052574946514892
-10.06030150753769            0.20525742984869946
-9.944723618090451            0.20525746464133654
-9.829145728643216            0.20525752357398228
-9.71356783919598             0.20525746097532405
-9.597989949748744            0.20525742601506664
-9.482412060301508            0.20525743333038984
-9.366834170854272            0.20525740932428982
-9.251256281407034            0.20525740427835734
-9.135678391959798            0.20525740234234552
-9.020100502512562            0.20525740115753094
-8.904522613065327            0.2052573712520165
-8.78894472361809             0.20525723922758934
-8.673366834170855            0.20525778228488514
-8.557788944723619            0.20525731746440934
-8.442211055276381            0.20525774490226786
-8.326633165829145            0.20525723395042367
-8.21105527638191             0.2052573774873189
-8.095477386934673            0.20525727921991876
-7.9798994974874375           0.20525728892866724
-7.864321608040202            0.2052572757004707
-7.748743718592964            0.20525726208917328
-7.633165829145728            0.20525726243982384
-7.517587939698492            0.205257235532458
-7.402010050251256            0.20525725192835093
-7.28643216080402             0.20525725472287518
-7.170854271356784            0.20525723193112436
-7.055276381909547            0.20525712199066867
-6.939698492462311            0.20525720184721497
-6.824120603015075            0.2052572053101878
-6.708542713567839            0.20525723247529243
-6.592964824120603            0.20525716196391652
-6.477386934673367            0.20525708959995265
-6.361809045226131            0.2052571556887163
-6.246231155778894            0.2052570972067426
-6.130653266331658            0.20525715258099422
-6.015075376884422            0.2052571483826556
-5.899497487437186            0.20525715156085644
-5.78391959798995             0.20525713263139325
-5.668341708542714            0.20525712957352915
-5.5527638190954764           0.20525709923122387
-5.4371859296482405           0.2052570187192794
-5.321608040201005            0.20525710112155945
-5.206030150753769            0.20525708065238332
-5.090452261306533            0.20525706752459946
-4.974874371859297            0.20525712384475098
-4.859296482412061            0.20525716991004053
-4.743718592964823            0.20525706172016525
-4.628140703517587            0.20525709121427402
-4.5125628140703515           0.20525702959705552
-4.396984924623116            0.205257019613111
-4.28140703517588             0.2052570114887147
-4.165829145728644            0.20525698585949906
-4.050251256281406            0.205256978885345
-3.934673366834172            0.20525691943678592
-3.8190954773869343           0.20525686029046883
-3.7035175879396967           0.20525675739238236
-3.5879396984924625           0.20525661800710762
-3.472361809045225            0.20525640002269707
-3.3567839195979907           0.20525607862770012
-3.241206030150753            0.2052555622975305
-3.125628140703519            0.2052547652115223
-3.0100502512562812           0.20525354305805776
-2.8944723618090435           0.205251611672009
-2.7788944723618094           0.20524862827145274
-2.6633165829145717           0.20524405385545166
-2.5477386934673376           0.20523695044901635
-2.4321608040201              0.20522588672011088
-2.316582914572866            0.20520872875975152
-2.201005025125628            0.2051821377831891
-2.0854271356783904           0.2051409543085064
-1.9698492462311563           0.20507722708971574
-1.8542713567839186           0.20497876073732105
-1.7386934673366845           0.204826864733824
-1.6231155778894468           0.20459285274615963
-1.5075376884422127           0.20423322280612616
-1.391959798994975            0.20368174424205968
-1.2763819095477373           0.20283856399151423
-1.1608040201005032           0.20155380331597395
-1.0452261306532655           0.19960393949096467
-0.9296482412060314           0.19665831771286543
-0.8140703517587937           0.1922319504145192
-0.698492462311556            0.18562035018252487
-0.5829145728643219           0.175811569047834
-0.46733668341708423          0.16136795289850867
-0.3517587939698501           0.1402718595211657
-0.23618090452261245          0.10972564783041402
-0.12060301507537828          0.06589573155497176
-0.005025125628140596         0.0035866819435814946
0.11055276381909708           -0.08417287567131772
0.22613065326633117           -0.20665837056736394
0.34170854271356893           -0.3761250702050282
0.457286432160803             -0.6086780542228356
0.5728643216080407            -0.9253957493906646
0.6884422110552748            -1.353784405576161
0.8040201005025125            -1.9296616671071833
0.9195979899497502            -2.6995934822988263
1.0351758793969843            -3.724055581679717
1.150753768844222             -5.0815873037450485
1.266331658291456             -6.874372687922424
1.3819095477386938            -9.23575759528652
1.4974874371859315            -12.340038712257714
1.6130653266331656            -16.41489226449924
1.7286432160804033            -21.757378479094378
1.8442211055276374            -28.754933247540222
1.959798994974875             -37.91291435775621
2.075376884422109             -49.89059676889718
2.190954773869347             -65.54814110438075
2.3065326633165846            -86.00787438130226
2.4221105527638187            -112.73424838452199
2.5376884422110564            -147.63817198537274
2.6532663316582905            -193.21314972131927
2.768844221105528             -254.46109279537788
