-20.0                         0.4201398375144937
-19.884422110552762           0.4201405106511042
-19.768844221105528           0.42013976942960846
-19.65326633165829            0.4201389473038813
-19.537688442211056           0.42013972865365773
-19.42211055276382            0.4201397666466879
-19.306532663316585           0.42013988984085987
-19.190954773869347           0.4201392558698274
-19.07537688442211            0.4201398020033539
-18.959798994974875           0.4201396340918636
-18.844221105527637           0.4201404336416064
-18.728643216080403           0.4201396779991612
-18.613065326633166           0.4201395685693898
-18.49748743718593            0.42013959187128885
-18.381909547738694           0.4201408808211121
-18.266331658291456           0.42013944980892626
-18.150753768844222           0.4201395348813778
-18.035175879396984           0.42013913976354655
-17.91959798994975            0.4201394734206503
-17.804020100502512           0.4201396385766403
-17.688442211055275           0.42013971517730875
-17.57286432160804            0.4201393817838945
-17.457286432160803           0.42013922648085633
-17.34170854271357            0.4201394690634645
-17.22613065326633            0.4201396409682055
-17.110552763819094           0.4201391843084028
-16.99497487437186            0.4201393893443962
-16.87939698492462            0.42013944903172595
-16.763819095477388           0.42013950282363566
-16.64824120603015            0.42013937260742396
-16.532663316582916           0.4201391460674732
-16.417085427135678           0.4201392585319628
-16.301507537688444           0.4201390725344534
-16.185929648241206           0.4201392268485351
-16.07035175879397            0.42013931918035846
-15.954773869346734           0.42013860092740557
-15.839195979899497           0.42013912462105063
-15.72361809045226            0.4201391424322534
-15.608040201005025           0.42013918572642717
-15.492462311557789           0.4201390614153921
-15.376884422110553           0.42013880989696023
-15.261306532663315           0.4201391511070172
-15.145728643216081           0.42013903584888884
-15.030150753768844           0.4201395565419508
-14.914572864321608           0.4201388728404753
-14.798994974874372           0.42013845726243265
-14.683417085427136           0.42013901309859225
-14.5678391959799             0.42013899592153897
-14.452261306532662           0.42013896036096415
-14.336683417085428           0.4201389004749242
-14.22110552763819            0.4201388867963617
-14.105527638190955           0.4201388848286447
-13.989949748743719           0.4201382393834343
-13.874371859296481           0.4201387617238117
-13.758793969849247           0.4201394721710352
-13.64321608040201            0.4201388429798915
-13.527638190954773           0.4201385609029219
-13.412060301507537           0.42013883008201713
-13.296482412060302           0.42013899772570346
-13.180904522613066           0.4201388356671701
-13.065326633165828           0.4201383886896355
-12.949748743718594           0.42013885638942794
-12.834170854271356           0.4201384176066853
-12.71859296482412            0.42013894918184075
-12.603015075376884           0.4201383106086629
-12.487437185929648           0.4201387955462331
-12.371859296482413           0.4201387406678013
-12.256281407035175           0.42013880961214806
-12.14070351758794            0.42013866314071124
-12.025125628140703           0.42013879974952884
-11.909547738693467           0.4201385408525812
-11.793969849246231           0.4201384356172502
-11.678391959798995           0.4201386245081319
-11.56281407035176            0.4201385976123359
-11.447236180904522           0.42013878451761194
-11.331658291457286           0.42013864744934065
-11.21608040201005            0.4201385872708256
-11.100502512562814           0.4201389611752066
-10.984924623115578           0.4201386257564913
-10.869346733668342           0.42013851148455883
-10.753768844221106           0.42013809321795764
-10.638190954773869           0.42013856025535556
-10.522613065326633           0.42013847696626333
-10.407035175879397           0.4201385511563851
-10.291457286432161           0.42013883407234925
-10.175879396984925           0.4201384867651026
-10.06030150753769            0.42013838255556085
-9.944723618090451            0.4201384541473359
-9.829145728643216            0.4201384084913728
-9.71356783919598             0.4201386258607138
-9.597989949748744            0.4201384173694424
-9.482412060301508            0.4201384173281567
-9.366834170854272            0.4201384347687674
-9.251256281407034            0.4201384042187331
-9.135678391959798            0.4201383936787417
-9.020100502512562            0.4201384749283186
-8.904522613065327            0.42013822563161335
-8.78894472361809             0.42013809613931163
-8.673366834170855            0.4201390511090786
-8.557788944723619            0.4201383313791064
-8.442211055276381            0.42013900309184565
-8.326633165829145            0.42013810687405106
-8.21105527638191             0.420138311762114
-8.095477386934673            0.42013828889023663
-7.9798994974874375           0.4201382925421432
-7.864321608040202            0.4201382656064997
-7.748743718592964            0.4201382339096872
-7.633165829145728            0.4201382749841579
-7.517587939698492            0.4201381495936225
-7.402010050251256            0.4201383618732886
-7.28643216080402             0.4201382666227179
-7.170854271356784            0.42013822238258386
-7.055276381909547            0.4201380201932918
-6.939698492462311            0.4201381921855104
-6.824120603015075            0.42013821144698793
-6.708542713567839            0.4201381733683143
-6.592964824120603            0.42013816083372174
-6.477386934673367            0.4201380814457379
-6.361809045226131            0.4201381486904102
-6.246231155778894            0.42013807696961925
-6.130653266331658            0.42013815826726464
-6.015075376884422            0.42013816033285334
-5.899497487437186            0.4201381952862888
-5.78391959798995             0.42013812744199125
-5.668341708542714            0.4201381276423988
-5.5527638190954764           0.4201380424465491
-5.4371859296482405           0.42013794200153004
-5.321608040201005            0.4201380557983525
-5.206030150753769            0.42013805670747634
-5.090452261306533            0.42013807179116003
-4.974874371859297            0.420138134951357
-4.859296482412061            0.4201382368731302
-4.743718592964823            0.42013807111812923
-4.628140703517587            0.4201381247817099
-4.5125628140703515           0.4201380193103591
-4.396984924623116            0.4201380327413647
-4.28140703517588             0.4201380430867351
-4.165829145728644            0.42013802439461195
-4.050251256281406            0.42013801212125984
-3.934673366834172            0.4201380276293442
-3.8190954773869343           0.4201380309137375
-3.7035175879396967           0.4201379960966826
-3.5879396984924625           0.4201379943909272
-3.472361809045225            0.42013798387305124
-3.3567839195979907           0.4201379961148104
-3.241206030150753            0.42013796369624695
-3.125628140703519            0.420137960414735
-3.0100502512562812           0.4201379638239908
-2.8944723618090435           0.4201379417182142
-2.7788944723618094           0.4201378699179514
-2.6633165829145717           0.42013790429431896
-2.5477386934673376           0.4201379173525959
-2.4321608040201              0.4201378895866558
-2.316582914572866            0.4201378407587533
-2.201005025125628            0.42013775135118697
-2.0854271356783904           0.42013755494487026
-1.9698492462311563           0.4201371420935989
-1.8542713567839186           0.42013632874790546
-1.7386934673366845           0.4201347885317194
-1.6231155778894468           0.4201316255964131
-1.5075376884422127           0.4201254239165664
-1.391959798994975            0.4201129664590429
-1.2763819095477373           0.42008821385720985
-1.1608040201005032           0.42003926872538316
-1.0452261306532655           0.41994293071835515
-0.9296482412060314           0.41975458947888555
-0.8140703517587937           0.41938923468201533
-0.698492462311556            0.41868710869497516
-0.5829145728643219           0.41735428448434747
-0.46733668341708423          0.4148603637148226
-0.3517587939698501           0.4102747297766347
-0.23618090452261245          0.4020156395378648
-0.12060301507537828          0.3874919206276264
-0.005025125628140596         0.36262822837288444
0.11055276381909708           0.3212832518106125
0.22613065326633117           0.25458222469168484
0.34170854271356893           0.15017711547540363
0.457286432160803             -0.008590057144077927
0.5728643216080407            -0.24369636682226697
0.6884422110552748            -0.5837402182188611
0.8040201005025125            -1.065680714146227
0.9195979899497502            -1.7371653677055778
1.0351758793969843            -2.659619682611184
1.150753768844222             -3.9123535968820473
1.266331658291456             -5.598126122083117
1.3819095477386938            -7.850711900626109
1.4974874371859315            -10.844777123460899
1.6130653266331656            -14.808337903077488
1.7286432160804033            -20.038737364854867
1.8442211055276374            -26.92362270740342
1.959798994974875             -35.968503592607625
2.075376884422109             -47.832764647124165
2.190954773869347             -63.37664668543329
2.3065326633165846            -83.72253598895954
2.4221105527638187            -110.33492850602553
2.5376884422110564            -145.12476623147467
2.6532663316582905            -190.58557867230394
2.768844221105528             -251.7199370164834
