-20.0                         0.4914968038687956
-19.884422110552762           0.4914975248682931
-19.768844221105528           0.4914967284689396
-19.65326633165829            0.49149586108146026
-19.537688442211056           0.49149668591948276
-19.42211055276382            0.4914967014792214
-19.306532663316585           0.49149686794794456
-19.190954773869347           0.49149608884109525
-19.07537688442211            0.49149678332492774
-18.959798994974875           0.4914965868022547
-18.844221105527637           0.4914974974760826
-18.728643216080403           0.49149662848912484
-18.613065326633166           0.49149654709774176
-18.49748743718593            0.4914965497296534
-18.381909547738694           0.49149799974849184
-18.266331658291456           0.4914963996053063
-18.150753768844222           0.4914964851415379
-18.035175879396984           0.49149613914891077
-17.91959798994975            0.4914964322267134
-17.804020100502512           0.4914966357320384
-17.688442211055275           0.49149669181932965
-17.57286432160804            0.49149630175281844
-17.457286432160803           0.49149617477713814
-17.34170854271357            0.4914964280318787
-17.22613065326633            0.49149659836061177
-17.110552763819094           0.49149612861753866
-16.99497487437186            0.4914963722978547
-16.87939698492462            0.49149637730953055
-16.763819095477388           0.4914965013919088
-16.64824120603015            0.4914963158510623
-16.532663316582916           0.4914960912326824
-16.417085427135678           0.49149620429437413
-16.301507537688444           0.49149596272555995
-16.185929648241206           0.49149618360965297
-16.07035175879397            0.4914962954095068
-15.954773869346734           0.4914954856730219
-15.839195979899497           0.49149607723778144
-15.72361809045226            0.4914961022135606
-15.608040201005025           0.49149621896219464
-15.492462311557789           0.49149602008647314
-15.376884422110553           0.49149576507082077
-15.261306532663315           0.49149611615016814
-15.145728643216081           0.49149599736488564
-15.030150753768844           0.491496591432882
-14.914572864321608           0.4914958210860783
-14.798994974874372           0.4914953505515998
-14.683417085427136           0.4914959793519625
-14.5678391959799             0.49149594858790857
-14.452261306532662           0.49149591204855425
-14.336683417085428           0.49149585549231384
-14.22110552763819            0.49149589207850286
-14.105527638190955           0.49149583237296995
-13.989949748743719           0.49149515024289875
-13.874371859296481           0.4914957073234735
-13.758793969849247           0.49149643323647185
-13.64321608040201            0.4914957913463961
-13.527638190954773           0.49149545002828626
-13.412060301507537           0.4914957844234247
-13.296482412060302           0.4914959225737473
-13.180904522613066           0.4914958062688586
-13.065326633165828           0.49149533511886667
-12.949748743718594           0.4914958127820139
-12.834170854271356           0.4914953594802505
-12.71859296482412            0.4914959188755369
-12.603015075376884           0.4914952444669447
-12.487437185929648           0.4914957620546408
-12.371859296482413           0.49149568673760674
-12.256281407035175           0.49149578206660105
-12.14070351758794            0.49149562143151326
-12.025125628140703           0.49149572671552155
-11.909547738693467           0.491495490778148
-11.793969849246231           0.49149537137268573
-11.678391959798995           0.4914955832866655
-11.56281407035176            0.4914955535439565
-11.447236180904522           0.4914957662776233
-11.331658291457286           0.4914956085431042
-11.21608040201005            0.4914955437867864
-11.100502512562814           0.4914959189386868
-10.984924623115578           0.49149558873542776
-10.869346733668342           0.49149546783866305
-10.753768844221106           0.4914950140625919
-10.638190954773869           0.49149552741794295
-10.522613065326633           0.4914954258322315
-10.407035175879397           0.4914955236583945
-10.291457286432161           0.4914958594139573
-10.175879396984925           0.49149544508719745
-10.06030150753769            0.4914953344298156
-9.944723618090451            0.4914954139260583
-9.829145728643216            0.49149533165687337
-9.71356783919598             0.4914956325363601
-9.597989949748744            0.4914953789405869
-9.482412060301508            0.4914953749903292
-9.366834170854272            0.49149540511369566
-9.251256281407034            0.49149536582479564
-9.135678391959798            0.491495349824952
-9.020100502512562            0.49149545252253324
-8.904522613065327            0.4914951496326948
-8.78894472361809             0.49149502718524735
-8.673366834170855            0.4914960675114474
-8.557788944723619            0.49149529760266214
-8.442211055276381            0.49149601732662396
-8.326633165829145            0.49149504078264256
-8.21105527638191             0.491495247080157
-8.095477386934673            0.49149526134450455
-7.9798994974874375           0.49149525617773704
-7.864321608040202            0.49149522569378434
-7.748743718592964            0.4914951891902184
-7.633165829145728            0.491495240744547
-7.517587939698492            0.4914950913220084
-7.402010050251256            0.49149535361115404
-7.28643216080402             0.4914952298999148
-7.170854271356784            0.4914951811033984
-7.055276381909547            0.4914949644466791
-6.939698492462311            0.49149515241418074
-6.824120603015075            0.4914951738237838
-6.708542713567839            0.4914951190654478
-6.592964824120603            0.4914951241287468
-6.477386934673367            0.49149504857909376
-6.361809045226131            0.4914951111876038
-6.246231155778894            0.4914950356453168
-6.130653266331658            0.49149512026006775
-6.015075376884422            0.4914951239885337
-5.899497487437186            0.49149516516253755
-5.78391959798995             0.4914950860356087
-5.668341708542714            0.49149508823683363
-5.5527638190954764           0.4914949902721239
-5.4371859296482405           0.4914948875982547
-5.321608040201005            0.49149500340382307
-5.206030150753769            0.4914950128445986
-5.090452261306533            0.49149503878190404
-4.974874371859297            0.49149509113898837
-4.859296482412061            0.4914952067274511
-4.743718592964823            0.49149503292913177
-4.628140703517587            0.4914950918042871
-4.5125628140703515           0.49149497614673127
-4.396984924623116            0.49149499289545673
-4.28140703517588             0.4914950053685529
-4.165829145728644            0.49149498504112654
-4.050251256281406            0.49149496258136505
-3.934673366834172            0.49149499127628216
-3.8190954773869343           0.49149499625517895
-3.7035175879396967           0.49149495741489674
-3.5879396984924625           0.49149495728371895
-3.472361809045225            0.49149494646378594
-3.3567839195979907           0.49149496072531673
-3.241206030150753            0.49149492318439586
-3.125628140703519            0.4914949213843606
-3.0100502512562812           0.49149492575169496
-2.8944723618090435           0.491494910165953
-2.7788944723618094           0.49149482978416437
-2.6633165829145717           0.491494875987165
-2.5477386934673376           0.49149489597623447
-2.4321608040201              0.49149488521513474
-2.316582914572866            0.49149487065008485
-2.201005025125628            0.49149484950217265
-2.0854271356783904           0.4914947832087989
-1.9698492462311563           0.49149462518054216
-1.8542713567839186           0.4914943108570813
-1.7386934673366845           0.49149375114407456
-1.6231155778894468           0.49149248687745445
-1.5075376884422127           0.49148995176214044
-1.391959798994975            0.4914845105362558
-1.2763819095477373           0.4914731124226815
-1.1608040201005032           0.4914493503178558
-1.0452261306532655           0.4914000162189192
-0.9296482412060314           0.4912983305162649
-0.8140703517587937           0.49109037646397186
-0.698492462311556            0.490669024832566
-0.5829145728643219           0.48982634217924925
-0.46733668341708423          0.48816601039405444
-0.3517587939698501           0.48495472256938943
-0.23618090452261245          0.47888048132794053
-0.12060301507537828          0.46768802468088455
-0.005025125628140596         0.4476731228356438
0.11055276381909708           0.41304384374699715
0.22613065326633117           0.35518387975379806
0.34170854271356893           0.2618573686451032
0.457286432160803             0.11635445958303935
0.5728643216080407            -0.10349272057022435
0.6884422110552748            -0.42655986222058195
0.8040201005025125            -0.8901136714795177
0.9195979899497502            -1.542096445729382
1.0351758793969843            -2.444189783663307
1.150753768844222             -3.6759077554249484
1.266331658291456             -5.340158508048793
1.3819095477386938            -7.570823910416408
1.4974874371859315            -10.54265811518888
1.6130653266331656            -14.48375532809736
1.7286432160804033            -19.69152218586179
1.8442211055276374            -26.553652374353337
1.959798994974875             -35.57568835836413
2.075376884422109             -47.41703809604263
2.190954773869347             -62.937959261870496
2.3065326633165846            -83.26085048387753
2.4221105527638187            -109.85021684607806
2.5376884422110564            -144.61700715790374
2.6532663316582905            -190.0547560417802
2.768844221105528             -251.1661681722623
