-20.0                         0.2801521011754743
-19.884422110552762           0.2801526545670889
-19.768844221105528           0.2801520466201281
-19.65326633165829            0.2801513481169895
-19.537688442211056           0.280152015646721
-19.42211055276382            0.2801520881515114
-19.306532663316585           0.2801521110406389
-19.190954773869347           0.280151811602852
-19.07537688442211            0.28015203071908323
-18.959798994974875           0.2801519291483911
-18.844221105527637           0.2801524339693056
-18.728643216080403           0.2801519524732986
-18.613065326633166           0.2801518151350685
-18.49748743718593            0.2801518691972893
-18.381909547738694           0.28015276240666365
-18.266331658291456           0.28015175159822003
-18.150753768844222           0.28015183024473617
-18.035175879396984           0.2801513722242198
-17.91959798994975            0.2801517506778112
-17.804020100502512           0.28015183454711684
-17.688442211055275           0.2801519181530137
-17.57286432160804            0.2801517324551569
-17.457286432160803           0.2801515346062556
-17.34170854271357            0.28015172921133885
-17.22613065326633            0.2801518773909737
-17.110552763819094           0.28015150619126405
-16.99497487437186            0.2801516280601575
-16.87939698492462            0.2801517524934188
-16.763819095477388           0.2801516962331694
-16.64824120603015            0.2801516591446391
-16.532663316582916           0.2801514765224853
-16.417085427135678           0.28015156630302473
-16.301507537688444           0.28015148857832095
-16.185929648241206           0.2801515042482346
-16.07035175879397            0.28015156240528566
-15.954773869346734           0.2801510580470523
-15.839195979899497           0.2801514192129377
-15.72361809045226            0.2801514239759481
-15.608040201005025           0.28015134017767057
-15.492462311557789           0.28015134379870754
-15.376884422110553           0.28015114071204555
-15.261306532663315           0.28015141157137663
-15.145728643216081           0.2801513148613787
-15.030150753768844           0.2801516432168655
-14.914572864321608           0.28015118044000253
-14.798994974874372           0.2801509088906832
-14.683417085427136           0.2801512789394511
-14.5678391959799             0.2801512903096821
-14.452261306532662           0.2801512574401828
-14.336683417085428           0.2801511901247513
-14.22110552763819            0.2801511016230751
-14.105527638190955           0.28015119141451833
-13.989949748743719           0.28015064161398684
-13.874371859296481           0.28015107436776443
-13.758793969849247           0.28015171331542743
-13.64321608040201            0.28015114425262877
-13.527638190954773           0.28015099941729027
-13.412060301507537           0.28015112072799275
-13.296482412060302           0.2801513193694854
-13.180904522613066           0.28015109694600693
-13.065326633165828           0.28015072353565756
-12.949748743718594           0.28015113280288684
-12.834170854271356           0.28015074445031324
-12.71859296482412            0.28015119529365806
-12.603015075376884           0.28015067160804813
-12.487437185929648           0.2801510541577227
-12.371859296482413           0.2801510335863994
-12.256281407035175           0.28015105946858687
-12.14070351758794            0.2801509450565253
-12.025125628140703           0.28015112318868113
-11.909547738693467           0.280150843548265
-11.793969849246231           0.28015078601340737
-11.678391959798995           0.2801509071795451
-11.56281407035176            0.2801508856893401
-11.447236180904522           0.28015101178685886
-11.331658291457286           0.2801509181950585
-11.21608040201005            0.2801508713619474
-11.100502512562814           0.2801512211682797
-10.984924623115578           0.2801508916181684
-10.869346733668342           0.280150798072528
-10.753768844221106           0.2801504675546578
-10.638190954773869           0.2801508249019759
-10.522613065326633           0.28015077962095686
-10.407035175879397           0.2801508033116389
-10.291457286432161           0.28015096609156503
-10.175879396984925           0.2801507656331719
-10.06030150753769            0.28015067998143073
-9.944723618090451            0.2801507329713626
-9.829145728643216            0.2801507573667612
-9.71356783919598             0.28015080145582505
-9.597989949748744            0.2801506939764851
-9.482412060301508            0.280150700329862
-9.366834170854272            0.28015069137026377
-9.251256281407034            0.28015067774791663
-9.135678391959798            0.2801506749434382
-9.020100502512562            0.28015070742023335
-8.904522613065327            0.2801505829247719
-8.78894472361809             0.280150443318735
-8.673366834170855            0.2801511896465609
-8.557788944723619            0.28015059594055597
-8.442211055276381            0.2801511469689736
-8.326633165829145            0.2801504464890476
-8.21105527638191             0.2801506327511543
-8.095477386934673            0.28015054952703755
-7.9798994974874375           0.28015056289501594
-7.864321608040202            0.2801505439199943
-7.748743718592964            0.28015052231139265
-7.633165829145728            0.28015054060819977
-7.517587939698492            0.28015047106817154
-7.402010050251256            0.28015057000062954
-7.28643216080402             0.28015053480668994
-7.170854271356784            0.28015050190783647
-7.055276381909547            0.28015034232016767
-6.939698492462311            0.2801504702651957
-6.824120603015075            0.280150482185318
-6.708542713567839            0.28015048134966397
-6.592964824120603            0.28015043293909014
-6.477386934673367            0.28015035168748265
-6.361809045226131            0.28015042377085236
-6.246231155778894            0.2801503593399173
-6.130653266331658            0.2801504292663516
-6.015075376884422            0.2801504273667969
-5.899497487437186            0.2801504456494429
-5.78391959798995             0.2801504055045819
-5.668341708542714            0.2801504029592006
-5.5527638190954764           0.280150348280764
-5.4371859296482405           0.2801502546466396
-5.321608040201005            0.2801503580934059
-5.206030150753769            0.28015034404806977
-5.090452261306533            0.28015033958345187
-4.974874371859297            0.28015041090973136
-4.859296482412061            0.2801504827031471
-4.743718592964823            0.28015034255877547
-4.628140703517587            0.2801503849378765
-4.5125628140703515           0.2801503046834734
-4.396984924623116            0.28015030854330564
-4.28140703517588             0.2801503139305235
-4.165829145728644            0.280150299425346
-4.050251256281406            0.28015030624728393
-3.934673366834172            0.2801502956927405
-3.8190954773869343           0.2801502946171483
-3.7035175879396967           0.28015026845321844
-3.5879396984924625           0.28015026252531944
-3.472361809045225            0.2801502495491514
-3.3567839195979907           0.28015025159069096
-3.241206030150753            0.2801502219167389
-3.125628140703519            0.28015019703359506
-3.0100502512562812           0.2801501682179894
-2.8944723618090435           0.280150083472178
-2.7788944723618094           0.2801499385611562
-2.6633165829145717           0.2801497887494132
-2.5477386934673376           0.28014950496896507
-2.4321608040201              0.28014895280953345
-2.316582914572866            0.2801479807922158
-2.201005025125628            0.28014626881243615
-2.0854271356783904           0.2801432376671787
-1.9698492462311563           0.2801378729328075
-1.8542713567839186           0.2801284276588149
-1.7386934673366845           0.28011186845254005
-1.6231155778894468           0.28008271922517475
-1.5075376884422127           0.2800317344675314
-1.391959798994975            0.27994256913568594
-1.2763819095477373           0.2797872451930639
-1.1608040201005032           0.27951781282396476
-1.0452261306532655           0.27905268086854734
-0.9296482412060314           0.2782545064626088
-0.8140703517587937           0.2768945445617698
-0.698492462311556            0.27459694414686914
-0.5829145728643219           0.27075474249383874
-0.46733668341708423          0.2644051803092406
-0.3517587939698501           0.25405457373546236
-0.23618090452261245          0.23744036325296247
-0.12060301507537828          0.2112223486586577
-0.005025125628140596         0.17059724043323815
0.11055276381909708           0.10883143685885048
0.22613065326633117           0.016700320560510698
0.34170854271356893           -0.11819053053371378
0.457286432160803             -0.3122487425779613
0.5728643216080407            -0.5869715124760445
0.6884422110552748            -0.970345686072247
0.8040201005025125            -1.4986818709921887
0.9195979899497502            -2.2190131530970905
1.0351758793969843            -3.1922290382260083
1.150753768844222             -4.4972081181339885
1.266331658291456             -6.23639045281352
1.3819095477386938            -8.5433164610052
1.4974874371859315            -11.592454590969586
1.6130653266331656            -15.611641714726595
1.7286432160804033            -20.89807319630008
1.8442211055276374            -27.83928678644996
1.959798994974875             -36.940714077527865
2.075376884422109             -48.86168367314107
2.190954773869347             -64.46239562235333
2.3065326633165846            -84.86520619343669
2.4221105527638187            -111.53458903467059
2.5376884422110564            -146.38146945332636
2.6532663316582905            -191.89936439880486
2.768844221105528             -253.09051490593063
