-20.0                         0.5743826332005729
-19.884422110552762           0.5743834054120114
-19.768844221105528           0.574382548951592
-19.65326633165829            0.5743816381180394
-19.537688442211056           0.5743825080858376
-19.42211055276382            0.5743824948149204
-19.306532663316585           0.5743827042934029
-19.190954773869347           0.5743817735281678
-19.07537688442211            0.574382629500638
-18.959798994974875           0.5743824029980917
-18.844221105527637           0.574383419472427
-18.728643216080403           0.5743824332009222
-18.613065326633166           0.5743823936457378
-18.49748743718593            0.5743823683896682
-18.381909547738694           0.5743839861618251
-18.266331658291456           0.5743822120932114
-18.150753768844222           0.5743822971443356
-18.035175879396984           0.5743820168210315
-17.91959798994975            0.5743822525058544
-17.804020100502512           0.5743824994259371
-17.688442211055275           0.5743825208741731
-17.57286432160804            0.5743820791894501
-17.457286432160803           0.5743819863611284
-17.34170854271357            0.574382243240827
-17.22613065326633            0.5743824046961926
-17.110552763819094           0.5743819372735028
-16.99497487437186            0.5743822235343836
-16.87939698492462            0.5743821536692175
-16.763819095477388           0.574382367682139
-16.64824120603015            0.5743821127866789
-16.532663316582916           0.5743819065475986
-16.417085427135678           0.5743820118462258
-16.301507537688444           0.5743817074019869
-16.185929648241206           0.5743820010081669
-16.07035175879397            0.5743821368246885
-15.954773869346734           0.5743812288584476
-15.839195979899497           0.5743818926436243
-15.72361809045226            0.5743819270286399
-15.608040201005025           0.574382132493393
-15.492462311557789           0.5743818425386634
-15.376884422110553           0.5743815958686866
-15.261306532663315           0.5743819431049673
-15.145728643216081           0.5743818238205339
-15.030150753768844           0.5743824884316013
-14.914572864321608           0.5743816324683859
-14.798994974874372           0.574381107523783
-14.683417085427136           0.5743818101678614
-14.5678391959799             0.5743817654953601
-14.452261306532662           0.5743817279496252
-14.336683417085428           0.5743816736771541
-14.22110552763819            0.5743817750268695
-14.105527638190955           0.5743816430748205
-13.989949748743719           0.5743809229004916
-13.874371859296481           0.5743815156007831
-13.758793969849247           0.5743822502957997
-13.64321608040201            0.574381601894793
-13.527638190954773           0.5743811974421472
-13.412060301507537           0.5743816022626423
-13.296482412060302           0.574381699369338
-13.180904522613066           0.5743816434825418
-13.065326633165828           0.5743811504880081
-12.949748743718594           0.574381629992585
-12.834170854271356           0.5743811649714684
-12.71859296482412            0.5743817506375061
-12.603015075376884           0.5743810455742201
-12.487437185929648           0.5743815911297584
-12.371859296482413           0.5743814907125081
-12.256281407035175           0.5743816189233695
-12.14070351758794            0.5743814432290189
-12.025125628140703           0.574381507500583
-11.909547738693467           0.5743813037545707
-11.793969849246231           0.5743811746563046
-11.678391959798995           0.5743814063566156
-11.56281407035176            0.5743813729218787
-11.447236180904522           0.5743816134296574
-11.331658291457286           0.5743814321113844
-11.21608040201005            0.5743813631916906
-11.100502512562814           0.5743817349903287
-10.984924623115578           0.5743814141736022
-10.869346733668342           0.5743812875902521
-10.753768844221106           0.574380796483715
-10.638190954773869           0.5743813599292293
-10.522613065326633           0.5743812373541479
-10.407035175879397           0.5743813608450763
-10.291457286432161           0.574381754536899
-10.175879396984925           0.5743812659952117
-10.06030150753769            0.574381149350797
-9.944723618090451            0.5743812376466134
-9.829145728643216            0.5743811126766756
-9.71356783919598             0.5743815066171387
-9.597989949748744            0.5743812050514436
-9.482412060301508            0.5743811963103405
-9.366834170854272            0.5743812402954436
-9.251256281407034            0.5743811910245484
-9.135678391959798            0.5743811678903258
-9.020100502512562            0.5743812925878846
-8.904522613065327            0.574380934017797
-8.78894472361809             0.574380819888633
-8.673366834170855            0.574381950350493
-8.557788944723619            0.5743811281791839
-8.442211055276381            0.5743818978840991
-8.326633165829145            0.5743808363881585
-8.21105527638191             0.5743810410409494
-8.095477386934673            0.5743811014373148
-7.9798994974874375           0.5743810837850946
-7.864321608040202            0.5743810496127646
-7.748743718592964            0.5743810075576785
-7.633165829145728            0.5743810708682533
-7.517587939698492            0.5743808964250445
-7.402010050251256            0.5743812114915968
-7.28643216080402             0.5743810564605065
-7.170854271356784            0.5743810030822801
-7.055276381909547            0.5743807730708065
-6.939698492462311            0.5743809765721325
-6.824120603015075            0.5743809995326691
-6.708542713567839            0.5743809265592137
-6.592964824120603            0.5743809517400676
-6.477386934673367            0.5743808821046207
-6.361809045226131            0.5743809383428429
-6.246231155778894            0.574380858099349
-6.130653266331658            0.5743809452535146
-6.015075376884422            0.5743809504373655
-5.899497487437186            0.5743809974586294
-5.78391959798995             0.5743809073521424
-5.668341708542714            0.5743809122394093
-5.5527638190954764           0.5743808012459014
-5.4371859296482405           0.5743806958701176
-5.321608040201005            0.5743808130218276
-5.206030150753769            0.5743808328883884
-5.090452261306533            0.5743808715909671
-4.974874371859297            0.5743809079387319
-4.859296482412061            0.5743810386716873
-4.743718592964823            0.5743808577191142
-4.628140703517587            0.5743809226674158
-4.5125628140703515           0.5743807967796848
-4.396984924623116            0.574380816138835
-4.28140703517588             0.5743808308764149
-4.165829145728644            0.5743808090893809
-4.050251256281406            0.5743807747219933
-3.934673366834172            0.5743808185718249
-3.8190954773869343           0.5743808254308232
-3.7035175879396967           0.5743807823347485
-3.5879396984924625           0.5743807842252201
-3.472361809045225            0.5743807729788953
-3.3567839195979907           0.5743807891968262
-3.241206030150753            0.574380746566001
-3.125628140703519            0.574380745397575
-3.0100502512562812           0.5743807501297844
-2.8944723618090435           0.5743807417372431
-2.7788944723618094           0.574380649600965
-2.6633165829145717           0.5743807055619646
-2.5477386934673376           0.5743807252850761
-2.4321608040201              0.5743807191753634
-2.316582914572866            0.5743807151521878
-2.201005025125628            0.5743807164087079
-2.0854271356783904           0.5743806919230425
-1.9698492462311563           0.5743806205334617
-1.8542713567839186           0.5743804862886511
-1.7386934673366845           0.5743803060140249
-1.6231155778894468           0.5743798168908687
-1.5075376884422127           0.5743788668431412
-1.391959798994975            0.5743766238049636
-1.2763819095477373           0.574371665988298
-1.1608040201005032           0.5743607404537941
-1.0452261306532655           0.5743367406416743
-0.9296482412060314           0.5742844531220973
-0.8140703517587937           0.5741714237973318
-0.698492462311556            0.573929213423628
-0.5829145728643219           0.5734173911784397
-0.46733668341708423          0.5723522053453529
-0.3517587939698501           0.5701779099193791
-0.23618090452261245          0.5658432530514265
-0.12060301507537828          0.557442485465625
-0.005025125628140596         0.541688188538734
0.11055276381909708           0.5132147331803437
0.22613065326633117           0.46375636776086065
0.34170854271356893           0.38127042453650184
0.457286432160803             0.24904245199083247
0.5728643216080407            0.044719945131670755
0.6884422110552748            -0.2608764172673505
0.8040201005025125            -0.7053639061251166
0.9195979899497502            -1.3370250686062717
1.0351758793969843            -2.2178372474426173
1.150753768844222             -3.4275492418216458
1.266331658291456             -5.06923959235932
1.3819095477386938            -7.276911245858227
1.4974874371859315            -10.22541606524353
1.6130653266331656            -14.142933967986606
1.7286432160804033            -19.326940751510406
1.8442211055276374            -26.16518037291286
1.959798994974875             -35.1632305447268
2.075376884422109             -46.98052416454098
2.190954773869347             -62.47733685526115
2.3065326633165846            -82.77608034706745
2.4221105527638187            -109.34126939505795
2.5376884422110564            -144.08386000902615
2.6532663316582905            -189.49739220855787
2.768844221105528             -250.58471088583013
