-20.0                         0.4602276860838106
-19.884422110552762           0.46022838668815746
-19.768844221105528           0.46022761392828815
-19.65326633165829            0.4602267653616832
-19.537688442211056           0.4602275718206942
-19.42211055276382            0.4602275975090884
-19.306532663316585           0.4602277457067663
-19.190954773869347           0.4602270284457735
-19.07537688442211            0.46022765907906954
-18.959798994974875           0.4602274747525381
-18.844221105527637           0.4602283392345793
-18.728643216080403           0.46022751834085934
-18.613065326633166           0.4602274236860566
-18.49748743718593            0.46022743576360386
-18.381909547738694           0.4602288174173931
-18.266331658291456           0.46022728885016473
-18.150753768844222           0.46022737431255634
-18.035175879396984           0.4602270058177371
-17.91959798994975            0.4602273177878842
-17.804020100502512           0.46022750462858764
-17.688442211055275           0.4602275708619907
-17.57286432160804            0.46022720421014435
-17.457286432160803           0.46022706458375456
-17.34170854271357            0.46022731409251666
-17.22613065326633            0.46022748591462925
-17.110552763819094           0.46022701998392335
-16.99497487437186            0.4602272469575588
-16.87939698492462            0.46022727723882356
-16.763819095477388           0.460227369595209
-16.64824120603015            0.46022720885600577
-16.532663316582916           0.4602269816922595
-16.417085427135678           0.4602270953426874
-16.301507537688444           0.46022687802054074
-16.185929648241206           0.46022707015131503
-16.07035175879397            0.4602271732608549
-15.954773869346734           0.46022640269101306
-15.839195979899497           0.46022696528892926
-15.72361809045226            0.4602269870353362
-15.608040201005025           0.46022707115239864
-15.492462311557789           0.46022690548640965
-15.376884422110553           0.4602266506515963
-15.261306532663315           0.4602269990698728
-15.145728643216081           0.4602268814418618
-15.030150753768844           0.4602274449343534
-14.914572864321608           0.4602267109315609
-14.798994974874372           0.4602262634180172
-14.683417085427136           0.46022686147739555
-14.5678391959799             0.4602268365116086
-14.452261306532662           0.46022680038513847
-14.336683417085428           0.460226742495009
-14.22110552763819            0.46022675632605986
-14.105527638190955           0.4602267225369588
-13.989949748743719           0.46022605591721105
-13.874371859296481           0.46022659833217977
-13.758793969849247           0.4602273185538546
-13.64321608040201            0.4602266812714922
-13.527638190954773           0.460226365280135
-13.412060301507537           0.4602266716913228
-13.296482412060302           0.46022682354634425
-13.180904522613066           0.46022668634422703
-13.065326633165828           0.46022622507131705
-12.949748743718594           0.4602266994788573
-12.834170854271356           0.46022625194068467
-12.71859296482412            0.4602267998493568
-12.603015075376884           0.46022613988829675
-12.487437185929648           0.460226644288776
-12.371859296482413           0.4602265780984723
-12.256281407035175           0.46022666159342895
-12.14070351758794            0.4602265070264984
-12.025125628140703           0.46022662658518737
-11.909547738693467           0.4602263799294814
-11.793969849246231           0.4602262660248866
-11.678391959798995           0.4602264685967695
-11.56281407035176            0.46022644013236635
-11.447236180904522           0.4602266418112029
-11.331658291457286           0.46022649307670643
-11.21608040201005            0.46022643019623033
-11.100502512562814           0.46022680537064875
-10.984924623115578           0.46022647247870935
-10.869346733668342           0.4602263542583452
-10.753768844221106           0.46022591557757236
-10.638190954773869           0.46022640908910367
-10.522613065326633           0.46022631548345055
-10.407035175879397           0.46022640312031443
-10.291457286432161           0.46022671613902216
-10.175879396984925           0.46022633076712577
-10.06030150753769            0.460226222764825
-9.944723618090451            0.4602262988565661
-9.829145728643216            0.46022623266258095
-9.71356783919598             0.46022649732767434
-9.597989949748744            0.4602262630472055
-9.482412060301508            0.46022626084140233
-9.366834170854272            0.46022628548612327
-9.251256281407034            0.4602262500183023
-9.135678391959798            0.4602262365037259
-9.020100502512562            0.4602263300818045
-8.904522613065327            0.4602260499923656
-8.78894472361809             0.46022592441497406
-8.673366834170855            0.4602269284021891
-8.557788944723619            0.46022617976992763
-8.442211055276381            0.46022687913924765
-8.326633165829145            0.46022593680800006
-8.21105527638191             0.46022614288846214
-8.095477386934673            0.46022614052170985
-7.9798994974874375           0.46022613946720703
-7.864321608040202            0.4602261104976698
-7.748743718592964            0.46022607609289345
-7.633165829145728            0.46022612310614625
-7.517587939698492            0.4602259839136646
-7.402010050251256            0.4602262248320984
-7.28643216080402             0.46022611342383063
-7.170854271356784            0.46022606654752907
-7.055276381909547            0.46022585583375075
-6.939698492462311            0.460226037150628
-6.824120603015075            0.46022605772081354
-6.708542713567839            0.46022601014023107
-6.592964824120603            0.46022600752921233
-6.477386934673367            0.4602259301329682
-6.361809045226131            0.4602259948875509
-6.246231155778894            0.46022592104350646
-6.130653266331658            0.46022600435072947
-6.015075376884422            0.4602260073919842
-5.899497487437186            0.46022604598844824
-5.78391959798995             0.4602259715921101
-5.668341708542714            0.4602259728764736
-5.5527638190954764           0.4602258803191624
-5.4371859296482405           0.4602257786084426
-5.321608040201005            0.4602258936702432
-5.206030150753769            0.4602258993148377
-5.090452261306533            0.4602259204620711
-4.974874371859297            0.4602259779471523
-4.859296482412061            0.4602260876308398
-4.743718592964823            0.46022591709763233
-4.628140703517587            0.4602259736963725
-4.5125628140703515           0.4602258623327245
-4.396984924623116            0.4602258777509984
-4.28140703517588             0.46022588931372993
-4.165829145728644            0.4602258696597954
-4.050251256281406            0.4602258516767124
-3.934673366834172            0.4602258746029359
-3.8190954773869343           0.460225878851257
-3.7035175879396967           0.46022584172711545
-3.5879396984924625           0.46022584088737595
-3.472361809045225            0.460225830210522
-3.3567839195979907           0.4602258436319292
-3.241206030150753            0.4602258082683402
-3.125628140703519            0.46022580595337
-3.0100502512562812           0.4602258100288494
-2.8944723618090435           0.4602257917157333
-2.7788944723618094           0.4602257154513708
-2.6633165829145717           0.46022575722537534
-2.5477386934673376           0.46022577568018974
-2.4321608040201              0.4602257602229473
-2.316582914572866            0.46022573589810867
-2.201005025125628            0.46022569485217324
-2.0854271356783904           0.46022559047226547
-1.9698492462311563           0.4602253563845474
-1.8542713567839186           0.460224890064988
-1.7386934673366845           0.4602240249373495
-1.6231155778894468           0.4602221581019089
-1.5075376884422127           0.46021843667196044
-1.391959798994975            0.4602106836111407
-1.2763819095477373           0.46019480191251755
-1.1608040201005032           0.46016242813346625
-1.0452261306532655           0.4600967239443556
-0.9296482412060314           0.459964306147588
-0.8140703517587937           0.4596995164847672
-0.698492462311556            0.45917496068520447
-0.5829145728643219           0.4581489251145268
-0.46733668341708423          0.4561713490573435
-0.3517587939698501           0.45242820351840285
-0.23618090452261245          0.4454948265156144
-0.12060301507537828          0.4329726920611312
-0.005025125628140596         0.4109958745214395
0.11055276381909708           0.37361666680692845
0.22613065326633117           0.3120999873269803
0.34170854271356893           0.21415431405792817
0.457286432160803             0.06308692220271496
0.5728643216080407            -0.16319017849337467
0.6884422110552748            -0.4934331312049926
0.8040201005025125            -0.9647747283112665
0.9195979899497502            -1.6250285582689294
1.0351758793969843            -2.5357644194737925
1.150753768844222             -3.7764073835535186
1.266331658291456             -5.4498006961081495
1.3819095477386938            -7.689779717475686
1.4974874371859315            -10.6710606227079
1.6130653266331656            -14.62170401387548
1.7286432160804033            -19.83908925884392
1.8442211055276374            -26.710890122806088
1.959798994974875             -35.742635038880586
2.075376884422109             -47.5937219996087
2.190954773869347             -63.12440148627248
2.3065326633165846            -83.45706686397342
2.4221105527638187            -110.05621932516318
2.5376884422110564            -144.832804777973
2.6532663316582905            -190.28035566782995
2.768844221105528             -251.40151993105627
