-20.0                         1.2027590753464026
-19.884422110552762           1.2027602325825317
-19.768844221105528           1.2027589277223643
-19.65326633165829            1.2027578882310905
-19.537688442211056           1.2027590660792102
-19.42211055276382            1.2027587568344609
-19.306532663316585           1.2027590420329297
-19.190954773869347           1.2027574232898495
-19.07537688442211            1.202759229676117
-18.959798994974875           1.2027588619981096
-18.844221105527637           1.202760137486881
-18.728643216080403           1.20275860742043
-18.613065326633166           1.2027590871398046
-18.49748743718593            1.2027587362191543
-18.381909547738694           1.2027612656291102
-18.266331658291456           1.202758628237092
-18.150753768844222           1.2027586994429478
-18.035175879396984           1.2027590780436466
-17.91959798994975            1.2027586394959198
-17.804020100502512           1.2027591960281758
-17.688442211055275           1.2027587297291962
-17.57286432160804            1.2027583433487277
-17.457286432160803           1.2027584093757167
-17.34170854271357            1.2027584973475849
-17.22613065326633            1.202758478257268
-17.110552763819094           1.202758374223674
-16.99497487437186            1.2027588709511143
-16.87939698492462            1.2027581215226626
-16.763819095477388           1.2027591331378706
-16.64824120603015            1.2027582927507747
-16.532663316582916           1.202758585242722
-16.417085427135678           1.2027583887937259
-16.301507537688444           1.2027577384149477
-16.185929648241206           1.2027584036992185
-16.07035175879397            1.2027587110706213
-15.954773869346734           1.2027572209041155
-15.839195979899497           1.2027583239967548
-15.72361809045226            1.2027584869310235
-15.608040201005025           1.2027593316345124
-15.492462311557789           1.2027583293010304
-15.376884422110553           1.2027584075632383
-15.261306532663315           1.2027584050823665
-15.145728643216081           1.2027583500965904
-15.030150753768844           1.2027592037312365
-14.914572864321608           1.2027580515363083
-14.798994974874372           1.202757297988911
-14.683417085427136           1.2027583495131335
-14.5678391959799             1.2027582868085613
-14.452261306532662           1.2027582466975006
-14.336683417085428           1.202758129457396
-14.22110552763819            1.2027588051510258
-14.105527638190955           1.2027580820155537
-13.989949748743719           1.202757123254311
-13.874371859296481           1.202757910630001
-13.758793969849247           1.2027585767975844
-13.64321608040201            1.2027580184510138
-13.527638190954773           1.2027572474310668
-13.412060301507537           1.202758077373017
-13.296482412060302           1.202757759779248
-13.180904522613066           1.2027582522758629
-13.065326633165828           1.2027577174682231
-12.949748743718594           1.202758035463775
-12.834170854271356           1.2027575638376549
-12.71859296482412            1.2027582493600455
-12.603015075376884           1.2027575098956924
-12.487437185929648           1.202758073048036
-12.371859296482413           1.2027577961115925
-12.256281407035175           1.2027581570457022
-12.14070351758794            1.202757926823545
-12.025125628140703           1.2027576224957406
-11.909547738693467           1.2027577291432363
-11.793969849246231           1.2027576997522036
-11.678391959798995           1.2027579159371993
-11.56281407035176            1.202757838072967
-11.447236180904522           1.2027582547414197
-11.331658291457286           1.2027578993522834
-11.21608040201005            1.2027578216964667
-11.100502512562814           1.2027580962593973
-10.984924623115578           1.2027578895337288
-10.869346733668342           1.2027577574482977
-10.753768844221106           1.2027570416955433
-10.638190954773869           1.2027579302438804
-10.522613065326633           1.202757655010651
-10.407035175879397           1.2027578950383007
-10.291457286432161           1.2027586903613927
-10.175879396984925           1.20275772132868
-10.06030150753769            1.2027575844057392
-9.944723618090451            1.2027577502883942
-9.829145728643216            1.202757307028969
-9.71356783919598             1.2027582596184259
-9.597989949748744            1.2027577299741286
-9.482412060301508            1.2027576851197253
-9.366834170854272            1.2027577989887148
-9.251256281407034            1.202757691617662
-9.135678391959798            1.2027576117340941
-9.020100502512562            1.2027577915924779
-8.904522613065327            1.2027571885954942
-8.78894472361809             1.2027571183436636
-8.673366834170855            1.2027587906469928
-8.557788944723619            1.2027576664486397
-8.442211055276381            1.2027587245488651
-8.326633165829145            1.2027571502319763
-8.21105527638191             1.2027573073038702
-8.095477386934673            1.2027577374223544
-7.9798994974874375           1.2027575874717835
-7.864321608040202            1.2027575454311599
-7.748743718592964            1.2027574607259515
-7.633165829145728            1.2027576054597675
-7.517587939698492            1.2027573240853204
-7.402010050251256            1.2027578793420888
-7.28643216080402             1.202757551311378
-7.170854271356784            1.2027574803331194
-7.055276381909547            1.2027572104358943
-6.939698492462311            1.2027574789800266
-6.824120603015075            1.2027574928701439
-6.708542713567839            1.2027573033647092
-6.592964824120603            1.2027574753838886
-6.477386934673367            1.2027574784678907
-6.361809045226131            1.2027574687133762
-6.246231155778894            1.202757344631483
-6.130653266331658            1.2027574245649233
-6.015075376884422            1.2027574194978736
-5.899497487437186            1.2027574798019383
-5.78391959798995             1.2027573709496988
-5.668341708542714            1.2027574012092936
-5.5527638190954764           1.202757241852427
-5.4371859296482405           1.2027570908093193
-5.321608040201005            1.2027572235427841
-5.206030150753769            1.202757330256523
-5.090452261306533            1.2027574444522973
-4.974874371859297            1.20275730905111
-4.859296482412061            1.2027575383551066
-4.743718592964823            1.2027573354650343
-4.628140703517587            1.2027574524876368
-4.5125628140703515           1.2027572916301636
-4.396984924623116            1.2027572940465479
-4.28140703517588             1.2027573190671097
-4.165829145728644            1.2027573005015497
-4.050251256281406            1.2027571777552273
-3.934673366834172            1.2027573235812237
-3.8190954773869343           1.2027573445193225
-3.7035175879396967           1.2027572767993566
-3.5879396984924625           1.2027572979824441
-3.472361809045225            1.2027572828992699
-3.3567839195979907           1.202757299563955
-3.241206030150753            1.2027572561090816
-3.125628140703519            1.2027572339016863
-3.0100502512562812           1.2027572358617284
-2.8944723618090435           1.2027572934013284
-2.7788944723618094           1.2027571099355248
-2.6633165829145717           1.2027572338821748
-2.5477386934673376           1.202757223368563
-2.4321608040201              1.202757216050436
-2.316582914572866            1.202757222245843
-2.201005025125628            1.2027572353027107
-2.0854271356783904           1.2027572218941904
-1.9698492462311563           1.2027571813571416
-1.8542713567839186           1.2027571189129338
-1.7386934673366845           1.2027571458983861
-1.6231155778894468           1.2027570965478571
-1.5075376884422127           1.2027571769850942
-1.391959798994975            1.2027571352894615
-1.2763819095477373           1.2027571305047244
-1.1608040201005032           1.2027570643738061
-1.0452261306532655           1.2027568095080667
-0.9296482412060314           1.2027560530811647
-0.8140703517587937           1.202753935229236
-0.698492462311556            1.2027471281995799
-0.5829145728643219           1.2027274963120962
-0.46733668341708423          1.2026706926453932
-0.3517587939698501           1.2025098650166646
-0.23618090452261245          1.202066702509174
-0.12060301507537828          1.2008868447206926
-0.005025125628140596         1.1978791611953201
0.11055276381909708           1.190610526728996
0.22613065326633117           1.1741229594525215
0.34170854271356893           1.1393028577718651
0.457286432160803             1.0711164429404914
0.5728643216080407            0.947154015066956
0.6884422110552748            0.7366222688245698
0.8040201005025125            0.3993954512742754
0.9195979899497502            -0.11550238442147998
1.0351758793969843            -0.8724540403359388
1.150753768844222             -1.953109490716203
1.266331658291456             -3.4619028095961846
1.3819095477386938            -5.533763974337787
1.4974874371859315            -8.344252082461656
1.6130653266331656            -12.122141812965772
1.7286432160804033            -17.165375807447262
1.8442211055276374            -23.862029090894325
1.959798994974875             -32.71790627224538
2.075376884422109             -44.39259780572765
2.190954773869347             -59.74649106111447
2.3065326633165846            -79.90207842833048
2.4221105527638187            -106.32393368439358
2.5376884422110564            -140.92305648878937
2.6532663316582905            -186.1930194109576
2.768844221105528             -247.13749983055376
