-20.0                         0.20099649147002085
-19.884422110552762           0.20099684427884293
-19.768844221105528           0.20099644865390925
-19.65326633165829            0.20099596322402663
-19.537688442211056           0.20099642470209492
-19.42211055276382            0.20099649101898334
-19.306532663316585           0.20099643361841613
-19.190954773869347           0.20099646645236477
-19.07537688442211            0.2009963709455339
-18.959798994974875           0.20099634114286216
-18.844221105527637           0.20099645578973507
-18.728643216080403           0.20099631460612524
-18.613065326633166           0.20099620551298827
-18.49748743718593            0.20099626376200233
-18.381909547738694           0.20099660671990643
-18.266331658291456           0.200996182055856
-18.150753768844222           0.2009962313794445
-18.035175879396984           0.20099584459623787
-17.91959798994975            0.20099614997123966
-17.804020100502512           0.2009961521371848
-17.688442211055275           0.20099618112260687
-17.57286432160804            0.20099615528297973
-17.457286432160803           0.20099598251267128
-17.34170854271357            0.20099608469416338
-17.22613065326633            0.20099614647391884
-17.110552763819094           0.2009959767083199
-16.99497487437186            0.20099600872155057
-16.87939698492462            0.20099608552041853
-16.763819095477388           0.20099600140576798
-16.64824120603015            0.20099601318073304
-16.532663316582916           0.2009959431616825
-16.417085427135678           0.2009959872805111
-16.301507537688444           0.20099597152412588
-16.185929648241206           0.20099589230923293
-16.07035175879397            0.2009959226443872
-15.954773869346734           0.2009957017833996
-15.839195979899497           0.200995837219459
-15.72361809045226            0.2009958270549095
-15.608040201005025           0.20099570473300407
-15.492462311557789           0.20099575180181725
-15.376884422110553           0.20099567676085292
-15.261306532663315           0.20099578097417098
-15.145728643216081           0.2009957240175899
-15.030150753768844           0.2009958002003192
-14.914572864321608           0.20099562530431375
-14.798994974874372           0.20099556129421556
-14.683417085427136           0.20099566886794096
-14.5678391959799             0.20099569188453179
-14.452261306532662           0.2009956652655329
-14.336683417085428           0.2009956043710357
-14.22110552763819            0.2009955211110499
-14.105527638190955           0.2009956146511799
-13.989949748743719           0.2009952390454249
-13.874371859296481           0.20099552143275543
-13.758793969849247           0.20099594942502513
-13.64321608040201            0.20099555636209576
-13.527638190954773           0.20099556201735633
-13.412060301507537           0.20099552654519043
-13.296482412060302           0.20099566561552834
-13.180904522613066           0.2009954876723131
-13.065326633165828           0.2009952638841792
-12.949748743718594           0.20099550286720996
-12.834170854271356           0.20099523069332578
-12.71859296482412            0.2009955252806025
-12.603015075376884           0.20099523383360057
-12.487437185929648           0.20099542237433107
-12.371859296482413           0.20099541553930073
-12.256281407035175           0.200995422475272
-12.14070351758794            0.20099534750067516
-12.025125628140703           0.20099548782946422
-11.909547738693467           0.20099527824224708
-11.793969849246231           0.2009952876079089
-11.678391959798995           0.20099531093476952
-11.56281407035176            0.20099529634203644
-11.447236180904522           0.20099534113022108
-11.331658291457286           0.2009952951226346
-11.21608040201005            0.2009952696223837
-11.100502512562814           0.2009955166982451
-10.984924623115578           0.20099526185319433
-10.869346733668342           0.20099520667093074
-10.753768844221106           0.2009950107311383
-10.638190954773869           0.20099520805719487
-10.522613065326633           0.20099519967940457
-10.407035175879397           0.20099517983903753
-10.291457286432161           0.20099519928842755
-10.175879396984925           0.2009951579436779
-10.06030150753769            0.2009951049435251
-9.944723618090451            0.20099512977173534
-9.829145728643216            0.2009951911525026
-9.71356783919598             0.20099510290370812
-9.597989949748744            0.20099509199625348
-9.482412060301508            0.2009950974542092
-9.366834170854272            0.2009950708664219
-9.251256281407034            0.2009950669488457
-9.135678391959798            0.2009950637040632
-9.020100502512562            0.20099505229049727
-8.904522613065327            0.200995054946181
-8.78894472361809             0.20099493743278846
-8.673366834170855            0.20099537112577495
-8.557788944723619            0.20099497925071613
-8.442211055276381            0.20099533665799765
-8.326633165829145            0.20099492693086032
-8.21105527638191             0.20099503741376798
-8.095477386934673            0.20099494746264832
-7.9798994974874375           0.20099495205974274
-7.864321608040202            0.20099494091286854
-7.748743718592964            0.2009949309507381
-7.633165829145728            0.20099492371023348
-7.517587939698492            0.20099491197232103
-7.402010050251256            0.20099490084372235
-7.28643216080402             0.20099491333659614
-7.170854271356784            0.20099489513662114
-7.055276381909547            0.20099481338510697
-6.939698492462311            0.20099486693429672
-6.824120603015075            0.20099486603438324
-6.708542713567839            0.20099490251777608
-6.592964824120603            0.2009948272344407
-6.477386934673367            0.20099476393992374
-6.361809045226131            0.20099482134306573
-6.246231155778894            0.20099476643293307
-6.130653266331658            0.2009948125094452
-6.015075376884422            0.20099480723877636
-5.899497487437186            0.20099480343101128
-5.78391959798995             0.20099479055005098
-5.668341708542714            0.2009947858484641
-5.5527638190954764           0.2009947624622671
-5.4371859296482405           0.2009946897449459
-5.321608040201005            0.20099475077535345
-5.206030150753769            0.20099472283818126
-5.090452261306533            0.2009946983666882
-4.974874371859297            0.20099472507306015
-4.859296482412061            0.2009947369580477
-4.743718592964823            0.20099461755738196
-4.628140703517587            0.20099459460576619
-4.5125628140703515           0.20099447656258987
-4.396984924623116            0.2009943674119524
-4.28140703517588             0.20099421825354988
-4.165829145728644            0.20099399371915555
-4.050251256281406            0.20099369878840498
-3.934673366834172            0.20099322327681152
-3.8190954773869343           0.20099256758821119
-3.7035175879396967           0.20099161394201875
-3.5879396984924625           0.20099024778502056
-3.472361809045225            0.20098827133289826
-3.3567839195979907           0.20098542747049405
-3.241206030150753            0.20098130577644283
-3.125628140703519            0.20097534770864653
-3.0100502512562812           0.20096675329716285
-2.8944723618090435           0.200954307868528
-2.7788944723618094           0.20093635003560337
-2.6633165829145717           0.2009104633400956
-2.5477386934673376           0.20087310317457277
-2.4321608040201              0.2008191737701835
-2.316582914572866            0.20074141811224874
-2.201005025125628            0.20062938358391627
-2.0854271356783904           0.20046807979992867
-1.9698492462311563           0.20023604729460487
-1.8542713567839186           0.19990265491435577
-1.7386934673366845           0.1994242497364586
-1.6231155778894468           0.19873870784930184
-1.5075376884422127           0.19775814969269345
-1.391959798994975            0.1963582931316514
-1.2763819095477373           0.19436442518226196
-1.1608040201005032           0.1915318653837641
-1.0452261306532655           0.18751954420046016
-0.9296482412060314           0.18185460703070813
-0.8140703517587937           0.17388502907177325
-0.698492462311556            0.16271682241971608
-0.5829145728643219           0.1471317854874108
-0.46733668341708423          0.12547893900909143
-0.3517587939698501           0.09553352482799146
-0.23618090452261245          0.05431297098107783
-0.12060301507537828          -0.0021624476856000776
-0.005025125628140596         -0.07918091657840183
0.11055276381909708           -0.1837433245343011
0.22613065326633117           -0.325088221313578
0.34170854271356893           -0.5153718114920915
0.457286432160803             -0.7705485893548449
0.5728643216080407            -1.111509772791934
0.6884422110552748            -1.5655541625308937
0.8040201005025125            -2.168287059878928
0.9195979899497502            -2.9660702837564648
1.0351758793969843            -4.019195041622209
1.150753768844222             -5.4060464758565745
1.266331658291456             -7.228690045028519
1.3819095477386938            -9.620378693151546
1.4974874371859315            -12.755323870183288
1.6130653266331656            -16.861119983665674
1.7286432160804033            -22.23475728959408
1.8442211055276374            -29.26361819521547
1.959798994974875             -38.4530212513201
2.075376884422109             -50.46221260902974
2.190954773869347             -66.15133155313373
2.3065326633165846            -86.64268917304214
2.4221105527638187            -113.4007252931772
2.5376884422110564            -148.33633976130656
2.6532663316582905            -193.94303028177382
2.768844221105528             -255.2225249561819
