-20.0                         1.1248349085572997
-19.884422110552762           1.1248360138098412
-19.768844221105528           1.1248347672058325
-19.65326633165829            1.1248337292785353
-19.537688442211056           1.1248348670570305
-19.42211055276382            1.1248346014401052
-19.306532663316585           1.1248348985062417
-19.190954773869347           1.1248333287052332
-19.07537688442211            1.124835038848141
-18.959798994974875           1.124834682081723
-18.844221105527637           1.124835964747267
-18.728643216080403           1.1248344738756604
-18.613065326633166           1.124834877607647
-18.49748743718593            1.1248345758646372
-18.381909547738694           1.1248370164966197
-18.266331658291456           1.1248344543763042
-18.150753768844222           1.1248345277135807
-18.035175879396984           1.1248348143284579
-17.91959798994975            1.1248344767939076
-17.804020100502512           1.1248349970124027
-17.688442211055275           1.1248346042236037
-17.57286432160804            1.1248341726263977
-17.457286432160803           1.1248342340988862
-17.34170854271357            1.1248343551467441
-17.22613065326633            1.1248343641932943
-17.110552763819094           1.1248341946770084
-16.99497487437186            1.1248346786057049
-16.87939698492462            1.1248340101467877
-16.763819095477388           1.1248349207834216
-16.64824120603015            1.1248341513477322
-16.532663316582916           1.1248343602153497
-16.417085427135678           1.1248342200368677
-16.301507537688444           1.1248335975157095
-16.185929648241206           1.124834232683768
-16.07035175879397            1.1248345240282356
-15.954773869346734           1.12483309399186
-15.839195979899497           1.1248341488069298
-15.72361809045226            1.12483428983817
-15.608040201005025           1.1248350653951171
-15.492462311557789           1.1248341471721852
-15.376884422110553           1.1248341680445377
-15.261306532663315           1.124834229149344
-15.145728643216081           1.124834163216213
-15.030150753768844           1.12483501860547
-14.914572864321608           1.1248338768953972
-14.798994974874372           1.124833139438983
-14.683417085427136           1.1248341615827095
-14.5678391959799             1.1248340931566596
-14.452261306532662           1.1248340526287472
-14.336683417085428           1.1248339507714507
-14.22110552763819            1.1248345538542563
-14.105527638190955           1.1248339021308482
-13.989949748743719           1.124832971458814
-13.874371859296481           1.1248337390001366
-13.758793969849247           1.1248344203905274
-13.64321608040201            1.1248338425211222
-13.527638190954773           1.1248331096840085
-13.412060301507537           1.1248338944263239
-13.296482412060302           1.1248336328329354
-13.180904522613066           1.1248340555414416
-13.065326633165828           1.1248335166503498
-12.949748743718594           1.1248338654874086
-12.834170854271356           1.124833390284228
-12.71859296482412            1.1248340691082734
-12.603015075376884           1.124833321499966
-12.487437185929648           1.1248338952267363
-12.371859296482413           1.124833635636892
-12.256281407035175           1.124833974493995
-12.14070351758794            1.1248337445512475
-12.025125628140703           1.124833487624382
-11.909547738693467           1.1248335540526377
-11.793969849246231           1.124833499014792
-11.678391959798995           1.1248337296748145
-11.56281407035176            1.1248336585152312
-11.447236180904522           1.1248340552618896
-11.331658291457286           1.1248337211635118
-11.21608040201005            1.1248336428610912
-11.100502512562814           1.124833933420651
-10.984924623115578           1.124833710711795
-10.869346733668342           1.1248335769819384
-10.753768844221106           1.1248328859975996
-10.638190954773869           1.1248337378657933
-10.522613065326633           1.124833480316349
-10.407035175879397           1.124833713995329
-10.291457286432161           1.1248344604228675
-10.175879396984925           1.1248335439278352
-10.06030150753769            1.1248334084065692
-9.944723618090451            1.1248335627783916
-9.829145728643216            1.1248331582766733
-9.71356783919598             1.124834055664529
-9.597989949748744            1.1248335425814178
-9.482412060301508            1.124833501689455
-9.366834170854272            1.1248336101849583
-9.251256281407034            1.124833507836526
-9.135678391959798            1.1248334338699377
-9.020100502512562            1.1248336177013416
-8.904522613065327            1.1248330308285823
-8.78894472361809             1.1248329574404927
-8.673366834170855            1.124834570526663
-8.557788944723619            1.1248334784989036
-8.442211055276381            1.1248345059149312
-8.326633165829145            1.124832987792598
-8.21105527638191             1.1248331515050525
-8.095477386934673            1.1248335376862775
-7.9798994974874375           1.1248334056415459
-7.864321608040202            1.1248333624179339
-7.748743718592964            1.1248332829337637
-7.633165829145728            1.1248334183268194
-7.517587939698492            1.1248331430615182
-7.402010050251256            1.1248336824796725
-7.28643216080402             1.1248333696701198
-7.170854271356784            1.1248332996115085
-7.055276381909547            1.124833030798207
-6.939698492462311            1.1248332946709116
-6.824120603015075            1.124833311040012
-6.708542713567839            1.1248331346007314
-6.592964824120603            1.124833288752416
-6.477386934673367            1.1248332809914647
-6.361809045226131            1.1248332806227486
-6.246231155778894            1.1248331625585282
-6.130653266331658            1.1248332451063243
-6.015075376884422            1.124833243308192
-5.899497487437186            1.1248333041504675
-5.78391959798995             1.124833192259726
-5.668341708542714            1.1248332193283728
-5.5527638190954764           1.124833061708025
-5.4371859296482405           1.1248329191911886
-5.321608040201005            1.1248330482175606
-5.206030150753769            1.1248331439780939
-5.090452261306533            1.1248332520571271
-4.974874371859297            1.124833139583051
-4.859296482412061            1.1248333580170395
-4.743718592964823            1.1248331560966618
-4.628140703517587            1.1248332662121876
-4.5125628140703515           1.1248331062492154
-4.396984924623116            1.1248331135767586
-4.28140703517588             1.1248331380452783
-4.165829145728644            1.1248331179044357
-4.050251256281406            1.1248330058456246
-3.934673366834172            1.124833140476491
-3.8190954773869343           1.1248331596182348
-3.7035175879396967           1.124833094480896
-3.5879396984924625           1.12483311311119
-3.472361809045225            1.1248330984352806
-3.3567839195979907           1.1248331165858552
-3.241206030150753            1.124833069634517
-3.125628140703519            1.1248330520729772
-3.0100502512562812           1.1248330546484535
-2.8944723618090435           1.1248331032176733
-2.7788944723618094           1.1248329310992156
-2.6633165829145717           1.1248330464273317
-2.5477386934673376           1.1248330405962395
-2.4321608040201              1.1248330338785812
-2.316582914572866            1.1248330390091235
-2.201005025125628            1.1248330525682606
-2.0854271356783904           1.1248330396261863
-1.9698492462311563           1.1248329993568957
-1.8542713567839186           1.124832938313588
-1.7386934673366845           1.1248329640138974
-1.6231155778894468           1.1248329159454857
-1.5075376884422127           1.1248329908701382
-1.391959798994975            1.1248329451817036
-1.2763819095477373           1.1248329167404252
-1.1608040201005032           1.1248327902462039
-1.0452261306532655           1.1248323679802206
-0.9296482412060314           1.1248311524947785
-0.8140703517587937           1.124827763647533
-0.698492462311556            1.124817561785422
-0.5829145728643219           1.1247889802137434
-0.46733668341708423          1.1247092019686478
-0.3517587939698501           1.124491259341519
-0.23618090452261245          1.1239117200619222
-0.12060301507537828          1.1224223161130136
-0.005025125628140596         1.1187548840749368
0.11055276381909708           1.1101836359509796
0.22613065326633117           1.0913437699924262
0.34170854271356893           1.0526734550680656
0.457286432160803             0.9787874957583333
0.5728643216080407            0.8471476829841544
0.6884422110552748            0.6270811672189096
0.8040201005025125            0.27875250917084704
0.9195979899497502            -0.24846735693647193
1.0351758793969843            -1.0186412256449269
1.150753768844222             -2.1131651702675116
1.266331658291456             -3.6362937483904934
1.3819095477386938            -5.722836889019864
1.4974874371859315            -8.548265313282755
1.6130653266331656            -12.341281444525906
1.7286432160804033            -17.39977226807199
1.8442211055276374            -24.111774016095605
1.959798994974875             -32.9830651426187
2.075376884422109             -44.67321818658724
2.190954773869347             -60.04260794721564
2.3065326633165846            -80.21371781642574
2.4221105527638187            -106.65111502961389
2.5376884422110564            -141.26579443265794
2.6532663316582905            -186.55132501938508
2.768844221105528             -247.511293800403
