-20.0                         0.27036048266322676
-19.884422110552762           0.27036102487045016
-19.768844221105528           0.27036042905059254
-19.65326633165829            0.2703597423906459
-19.537688442211056           0.2703603989557199
-19.42211055276382            0.27036047309226974
-19.306532663316585           0.27036048821868286
-19.190954773869347           0.27036021582942493
-19.07537688442211            0.270360409104495
-18.959798994974875           0.270360312984771
-18.844221105527637           0.27036079116170614
-18.728643216080403           0.27036033331430503
-18.613065326633166           0.2703601957990782
-18.49748743718593            0.27036025143692455
-18.381909547738694           0.27036110948390024
-18.266331658291456           0.27036013614488136
-18.150753768844222           0.27036021376010344
-18.035175879396984           0.270359754268855
-17.91959798994975            0.2703601330512729
-17.804020100502512           0.27036021056694554
-17.688442211055275           0.2703602923879586
-17.57286432160804            0.2703601193213095
-17.457286432160803           0.2703599199118649
-17.34170854271357            0.2703601091993589
-17.22613065326633            0.27036025350550813
-17.110552763819094           0.27035989292855545
-16.99497487437186            0.2703600082442343
-16.87939698492462            0.27036013394931374
-16.763819095477388           0.2703600719051955
-16.64824120603015            0.2703600404484407
-16.532663316582916           0.27035986409508816
-16.417085427135678           0.27035995102610155
-16.301507537688444           0.27035988058415833
-16.185929648241206           0.2703598862644872
-16.07035175879397            0.27035994217417886
-15.954773869346734           0.27035945619098284
-15.839195979899497           0.2703598030839772
-15.72361809045226            0.27035980686245875
-15.608040201005025           0.2703597156404707
-15.492462311557789           0.2703597267625517
-15.376884422110553           0.27035953024227427
-15.261306532663315           0.27035979227995344
-15.145728643216081           0.270359697737692
-15.030150753768844           0.27036000882181693
-14.914572864321608           0.2703595656477376
-14.798994974874372           0.27035930735859703
-14.683417085427136           0.27035966058355915
-14.5678391959799             0.27035967387693277
-14.452261306532662           0.2703596412887527
-14.336683417085428           0.27035957362387164
-14.22110552763819            0.2703594817457033
-14.105527638190955           0.27035957616401407
-13.989949748743719           0.27035903556914503
-13.874371859296481           0.27035945991366056
-13.758793969849247           0.2703600898650508
-13.64321608040201            0.2703595283556122
-13.527638190954773           0.27035939492112837
-13.412060301507537           0.27035950415003696
-13.296482412060302           0.2703597026580358
-13.180904522613066           0.27035947850974346
-13.065326633165828           0.2703591127407697
-12.949748743718594           0.2703595144244115
-12.834170854271356           0.2703591316709921
-12.71859296482412            0.2703595743505803
-12.603015075376884           0.2703590627885129
-12.487437185929648           0.2703594347789797
-12.371859296482413           0.27035941618538645
-12.256281407035175           0.27035943963866627
-12.14070351758794            0.27035932786369415
-12.025125628140703           0.2703595071088797
-11.909547738693467           0.2703592282528646
-11.793969849246231           0.2703591754155793
-11.678391959798995           0.2703592901243474
-11.56281407035176            0.27035926906562724
-11.447236180904522           0.2703593898978565
-11.331658291457286           0.27035929972513195
-11.21608040201005            0.2703592541959998
-11.100502512562814           0.2703596002129812
-10.984924623115578           0.27035927270594345
-10.869346733668342           0.2703591812878819
-10.753768844221106           0.2703588587291678
-10.638190954773869           0.27035920639843375
-10.522613065326633           0.2703591640475162
-10.407035175879397           0.2703591839215874
-10.291457286432161           0.2703593366478261
-10.175879396984925           0.27035914799417626
-10.06030150753769            0.270359064172564
-9.944723618090451            0.27035911550020836
-9.829145728643216            0.2703591446026094
-9.71356783919598             0.27035917594167896
-9.597989949748744            0.27035907644917906
-9.482412060301508            0.270359083124614
-9.366834170854272            0.27035907226532957
-9.251256281407034            0.27035905978540165
-9.135678391959798            0.27035905730367693
-9.020100502512562            0.2703590859668773
-8.904522613065327            0.27035897165655265
-8.78894472361809             0.270358831875649
-8.673366834170855            0.2703595594639447
-8.557788944723619            0.27035897735187386
-8.442211055276381            0.2703595172697788
-8.326633165829145            0.2703588343192731
-8.21105527638191             0.2703590177050566
-8.095477386934673            0.2703589312942235
-7.9798994974874375           0.2703589447870733
-7.864321608040202            0.27035892643809906
-7.748743718592964            0.27035890563449083
-7.633165829145728            0.27035892209206064
-7.517587939698492            0.2703588571139834
-7.402010050251256            0.2703589470028018
-7.28643216080402             0.2703589162880678
-7.170854271356784            0.27035888438198746
-7.055276381909547            0.27035872908707465
-6.939698492462311            0.270358852763079
-6.824120603015075            0.27035886392547576
-6.708542713567839            0.2703588660952577
-6.592964824120603            0.2703588150454553
-6.477386934673367            0.27035873416472284
-6.361809045226131            0.2703588061768918
-6.246231155778894            0.27035874230279444
-6.130653266331658            0.2703588110129128
-6.015075376884422            0.2703588088211564
-5.899497487437186            0.27035882559966784
-5.78391959798995             0.2703587877522239
-5.668341708542714            0.2703587850924074
-5.5527638190954764           0.27035873296282603
-5.4371859296482405           0.2703586401921221
-5.321608040201005            0.27035874220862866
-5.206030150753769            0.27035872724620397
-5.090452261306533            0.27035872157545593
-4.974874371859297            0.27035879241386745
-4.859296482412061            0.2703588617421745
-4.743718592964823            0.2703587243360527
-4.628140703517587            0.27035876575192896
-4.5125628140703515           0.27035868768672566
-4.396984924623116            0.27035869068687307
-4.28140703517588             0.2703586956298392
-4.165829145728644            0.2703586814322797
-4.050251256281406            0.2703586894214823
-3.934673366834172            0.27035867692268395
-3.8190954773869343           0.2703586752313376
-3.7035175879396967           0.27035864939232146
-3.5879396984924625           0.27035864245064695
-3.472361809045225            0.27035862803558314
-3.3567839195979907           0.27035862712287195
-3.241206030150753            0.2703585940816083
-3.125628140703519            0.2703585613512123
-3.0100502512562812           0.27035851967560404
-2.8944723618090435           0.2703584129358394
-2.7788944723618094           0.2703582331723316
-2.6633165829145717           0.27035802016523136
-2.5477386934673376           0.2703576313365362
-2.4321608040201              0.2703569021539631
-2.316582914572866            0.27035563209014357
-2.201005025125628            0.27035341961997705
-2.0854271356783904           0.27034955143973716
-1.9698492462311563           0.2703427911007745
-1.8542713567839186           0.27033102746931564
-1.7386934673366845           0.2703106321925936
-1.6231155778894468           0.2702751724365682
-1.5075376884422127           0.2702138649937506
-1.391959798994975            0.27010793361903657
-1.2763819095477373           0.2699255926743686
-1.1608040201005032           0.26961303041631235
-1.0452261306532655           0.26907979609746097
-0.9296482412060314           0.2681754575757436
-0.8140703517587937           0.2666524638684337
-0.698492462311556            0.26410885099665177
-0.5829145728643219           0.259902862426598
-0.46733668341708423          0.2530277023844803
-0.3517587939698501           0.24193733902792258
-0.23618090452261245          0.22431167124241783
-0.12060301507537828          0.1967532701473703
-0.005025125628140596         0.15440917480968736
0.11055276381909708           0.09051104361824823
0.22613065326633117           -0.004180161646403242
0.34170854271356893           -0.1420512386396397
0.457286432160803             -0.3394824891444876
0.5728643216080407            -0.617929470674701
0.6884422110552748            -1.0053296593725296
0.8040201005025125            -1.5379425990316753
0.9195979899497502            -2.26275315284173
1.0351758793969843            -3.2406084743362107
1.150753768844222             -4.550352744304436
1.266331658291456             -6.294400299517145
1.3819095477386938            -8.606272316853012
1.4974874371859315            -11.660420600430278
1.6130653266331656            -15.68466667519403
1.7286432160804033            -20.976193113019033
1.8442211055276374            -27.922528098466096
1.959798994974875             -37.0290963413806
2.075376884422109             -48.95522147169455
2.190954773869347             -64.56109989955453
2.3065326633165846            -84.96908520280681
2.4221105527638187            -111.64364902421832
2.5376884422110564            -146.49571516653612
2.6532663316582905            -192.01879944480632
2.768844221105528             -253.2151128958804
