-20.0                         0.26111386830001426
-19.884422110552762           0.2611143992563952
-19.768844221105528           0.26111381558923247
-19.65326633165829            0.26111314085336756
-19.537688442211056           0.26111378633283366
-19.42211055276382            0.26111386184711444
-19.306532663316585           0.26111386953441185
-19.190954773869347           0.26111362342852257
-19.07537688442211            0.2611137916495045
-18.959798994974875           0.26111370085204605
-18.844221105527637           0.26111415262381227
-18.728643216080403           0.2611137180977202
-18.613065326633166           0.26111358071828533
-18.49748743718593            0.2611136377518001
-18.381909547738694           0.2611144608677612
-18.266331658291456           0.26111352475551997
-18.150753768844222           0.2611136012569392
-18.035175879396984           0.26111314101005867
-17.91959798994975            0.26111351952026013
-17.804020100502512           0.2611135908661337
-17.688442211055275           0.261113670601182
-17.57286432160804            0.26111350987723836
-17.457286432160803           0.26111330931208054
-17.34170854271357            0.2611134931984341
-17.22613065326633            0.2611136333953469
-17.110552763819094           0.26111328377449944
-16.99497487437186            0.2611133927085709
-16.87939698492462            0.26111351900965385
-16.763819095477388           0.2611134518179452
-16.64824120603015            0.26111342557195555
-16.532663316582916           0.26111325570262933
-16.417085427135678           0.26111333973926054
-16.301507537688444           0.26111327611208196
-16.185929648241206           0.2611132723206791
-16.07035175879397            0.2611133260993885
-15.954773869346734           0.2611128582918461
-15.839195979899497           0.2611131910143337
-15.72361809045226            0.26111319382911563
-15.608040201005025           0.26111309587877457
-15.492462311557789           0.2611131138212527
-15.376884422110553           0.26111292412498815
-15.261306532663315           0.26111317706242504
-15.145728643216081           0.26111308473849026
-15.030150753768844           0.26111337872017476
-14.914572864321608           0.26111295494110887
-14.798994974874372           0.26111270987440705
-14.683417085427136           0.2611130463555314
-14.5678391959799             0.2611130614290048
-14.452261306532662           0.2611130291308292
-14.336683417085428           0.2611129611970717
-14.22110552763819            0.26111286648161075
-14.105527638190955           0.2611129649167823
-13.989949748743719           0.2611124336331592
-13.874371859296481           0.2611128495228835
-13.758793969849247           0.26111347005054836
-13.64321608040201            0.2611129164458722
-13.527638190954773           0.2611127941698314
-13.412060301507537           0.2611128916041719
-13.296482412060302           0.2611130895044789
-13.180904522613066           0.26111286423998986
-13.065326633165828           0.2611125062673294
-12.949748743718594           0.261112900014541
-12.834170854271356           0.2611125230238764
-12.71859296482412            0.2611129574070901
-12.603015075376884           0.2611124582152703
-12.487437185929648           0.2611128194815172
-12.371859296482413           0.2611128026881936
-12.256281407035175           0.2611128239316021
-12.14070351758794            0.26111271474548
-12.025125628140703           0.2611128946577688
-11.909547738693467           0.26111261703283767
-11.793969849246231           0.26111256887884404
-11.678391959798995           0.2611126771459291
-11.56281407035176            0.2611126565140195
-11.447236180904522           0.26111277213211576
-11.331658291457286           0.2611126852926503
-11.21608040201005            0.2611126410736276
-11.100502512562814           0.2611129830240939
-10.984924623115578           0.26111265783412074
-10.869346733668342           0.261112568573736
-10.753768844221106           0.26111225396868676
-10.638190954773869           0.26111259200240644
-10.522613065326633           0.26111255249148335
-10.407035175879397           0.26111256869822513
-10.291457286432161           0.26111271153867793
-10.175879396984925           0.26111253440665555
-10.06030150753769            0.26111245243290276
-9.944723618090451            0.26111250210014275
-9.829145728643216            0.2611125356075201
-9.71356783919598             0.26111255477142065
-9.597989949748744            0.2611124630139383
-9.482412060301508            0.26111246996529264
-9.366834170854272            0.26111245730600274
-9.251256281407034            0.26111244589677696
-9.135678391959798            0.26111244368168557
-9.020100502512562            0.26111246866812643
-8.904522613065327            0.26111236427193785
-8.78894472361809             0.26111222447053756
-8.673366834170855            0.2611129333644729
-8.557788944723619            0.26111236287024076
-8.442211055276381            0.26111289165335544
-8.326633165829145            0.2611122261800836
-8.21105527638191             0.2611124064842417
-8.095477386934673            0.2611123172661422
-7.9798994974874375           0.2611123307757254
-7.864321608040202            0.2611123130330866
-7.748743718592964            0.2611122930178826
-7.633165829145728            0.2611123076761809
-7.517587939698492            0.26111224714162173
-7.402010050251256            0.261112328260477
-7.28643216080402             0.26111230183323314
-7.170854271356784            0.2611122709082352
-7.055276381909547            0.26111211996381395
-6.939698492462311            0.2611122393378649
-6.824120603015075            0.2611122497349536
-6.708542713567839            0.2611122548314047
-6.592964824120603            0.26111220125837
-6.477386934673367            0.2611121208377943
-6.361809045226131            0.26111219268768976
-6.246231155778894            0.2611121293605784
-6.130653266331658            0.26111219682956843
-6.015075376884422            0.26111219436186517
-5.899497487437186            0.2611122096527281
-5.78391959798995             0.26111217404171355
-5.668341708542714            0.2611121712858119
-5.5527638190954764           0.2611121216491275
-5.4371859296482405           0.26111202980062787
-5.321608040201005            0.261112130294984
-5.206030150753769            0.26111211448856947
-5.090452261306533            0.2611121077073582
-4.974874371859297            0.2611121778719938
-4.859296482412061            0.2611122447793727
-4.743718592964823            0.26111211017577773
-4.628140703517587            0.26111215062967724
-4.5125628140703515           0.2611120747202981
-4.396984924623116            0.2611120768673494
-4.28140703517588             0.26111208135242153
-4.165829145728644            0.2611120674202617
-4.050251256281406            0.26111207643188367
-3.934673366834172            0.26111206199880377
-3.8190954773869343           0.26111205954106287
-3.7035175879396967           0.26111203375987185
-3.5879396984924625           0.26111202539110495
-3.472361809045225            0.26111200883731744
-3.3567839195979907           0.2611120038234421
-3.241206030150753            0.26111196548929017
-3.125628140703519            0.26111192182257803
-3.0100502512562812           0.2611118622245896
-2.8944723618090435           0.2611117253097382
-2.7788944723618094           0.26111149727113575
-2.6633165829145717           0.26111119946930683
-2.5477386934673376           0.2611106706725197
-2.4321608040201              0.2611097084580106
-2.316582914572866            0.26110805082138555
-2.201005025125628            0.26110519546120425
-2.0854271356783904           0.2611002649588727
-1.9698492462311563           0.2610917548420564
-1.8542713567839186           0.2610771199115518
-1.7386934673366845           0.2610520320836209
-1.6231155778894468           0.2610089471418871
-1.5075376884422127           0.26093531974547013
-1.391959798994975            0.26080962404244745
-1.2763819095477373           0.2605958270702405
-1.1608040201005032           0.2602336677863498
-1.0452261306532655           0.2596230850879467
-0.9296482412060314           0.25859965177344085
-0.8140703517587937           0.2568960035418321
-0.698492462311556            0.25408307411858794
-0.5829145728643219           0.24948354201009715
-0.46733668341708423          0.24204628888906482
-0.3517587939698501           0.23017341096647143
-0.23618090452261245          0.2114886853356291
-0.12060301507537828          0.18253978203930624
-0.005025125628140596         0.13842698136133885
0.11055276381909708           0.07235014390717862
0.22613065326633117           -0.024941819246619885
0.34170854271356893           -0.16582670195447557
0.457286432160803             -0.36665718958296584
0.5728643216080407            -0.6488477921902905
0.6884422110552748            -1.0402877320271406
0.8040201005025125            -1.57718677338548
0.9195979899497502            -2.3064827587610934
1.0351758793969843            -3.2889814827304695
1.150753768844222             -4.603493463143899
1.266331658291456             -6.352407825139264
1.3819095477386938            -8.669226826849123
1.4974874371859315            -11.728385840544385
1.6130653266331656            -15.757691196390958
1.7286432160804033            -21.05431277766307
1.8442211055276374            -28.005769265050663
1.959798994974875             -37.1174785209723
2.075376884422109             -49.04875922127085
2.190954773869347             -64.65980414821766
2.3065326633165846            -85.07296419551729
2.4221105527638187            -111.75270900402688
2.5376884422110564            -146.60996087404627
2.6532663316582905            -192.13823448746962
2.768844221105528             -253.33971088583016
