-20.0                         0.9943723528463043
-19.884422110552762           0.9943733745471394
-19.768844221105528           0.9943722234611485
-19.65326633165829            0.9943711956481969
-19.537688442211056           0.9943722686889914
-19.42211055276382            0.9943720719141355
-19.306532663316585           0.9943723770204872
-19.190954773869347           0.9943709090650324
-19.07537688442211            0.9943724459320482
-18.959798994974875           0.994372110914811
-18.844221105527637           0.9943733849018607
-18.728643216080403           0.9943719764161683
-18.613065326633166           0.9943722573457613
-18.49748743718593            0.9943720334232418
-18.381909547738694           0.9943743124005897
-18.266331658291456           0.9943718932727788
-18.150753768844222           0.9943719699550905
-18.035175879396984           0.9943721076921672
-17.91959798994975            0.9943719301533694
-17.804020100502512           0.9943723878907329
-17.688442211055275           0.9943721128819619
-17.57286432160804            0.9943716277572986
-17.457286432160803           0.9943716707190041
-17.34170854271357            0.9943718419848081
-17.22613065326633            0.9943718957625982
-17.110552763819094           0.9943716255081477
-16.99497487437186            0.9943720787528313
-16.87939698492462            0.994371552225761
-16.763819095477388           0.9943722922230717
-16.64824120603015            0.9943716452214147
-16.532663316582916           0.9943717231825955
-16.417085427135678           0.9943716672143597
-16.301507537688444           0.9943711013389208
-16.185929648241206           0.9943716769549266
-16.07035175879397            0.9943719365804801
-15.954773869346734           0.9943706140039511
-15.839195979899497           0.9943715851326654
-15.72361809045226            0.9943716932383859
-15.608040201005025           0.9943723446395696
-15.492462311557789           0.9943715718295685
-15.376884422110553           0.9943715049312296
-15.261306532663315           0.9943716631372306
-15.145728643216081           0.9943715794350254
-15.030150753768844           0.994372424447272
-14.914572864321608           0.994371314508724
-14.798994974874372           0.9943706103307669
-14.683417085427136           0.9943715762342216
-14.5678391959799             0.9943715026678268
-14.452261306532662           0.994371462024486
-14.336683417085428           0.9943713815643522
-14.22110552763819            0.9943718619156898
-14.105527638190955           0.994371332724425
-13.989949748743719           0.9943704493338599
-13.874371859296481           0.9943711816396982
-13.758793969849247           0.9943718857571802
-13.64321608040201            0.9943712792602268
-13.527638190954773           0.9943706139838226
-13.412060301507537           0.9943713190641009
-13.296482412060302           0.9943711498021264
-13.180904522613066           0.994371454861137
-13.065326633165828           0.9943709144988824
-12.949748743718594           0.9943713096999109
-12.834170854271356           0.9943708303927618
-12.71859296482412            0.9943714953620564
-12.603015075376884           0.9943707402897839
-12.487437185929648           0.9943713252851702
-12.371859296482413           0.9943710986148805
-12.256281407035175           0.9943713945919064
-12.14070351758794            0.9943711693915255
-12.025125628140703           0.9943709917326353
-11.909547738693467           0.9943709907543931
-11.793969849246231           0.994370900053176
-11.678391959798995           0.9943711479642768
-11.56281407035176            0.9943710875531999
-11.447236180904522           0.9943714500351282
-11.331658291457286           0.9943711517545439
-11.21608040201005            0.9943710734299838
-11.100502512562814           0.9943713888838065
-10.984924623115578           0.994371140062545
-10.869346733668342           0.9943710046906492
-10.753768844221106           0.9943703565602756
-10.638190954773869           0.9943711448481912
-10.522613065326633           0.9943709180708564
-10.407035175879397           0.994371135915449
-10.291457286432161           0.9943718004681557
-10.175879396984925           0.9943709763556888
-10.06030150753769            0.9943708434506596
-9.944723618090451            0.994370979921271
-9.829145728643216            0.9943706407717389
-9.71356783919598             0.9943714370109515
-9.597989949748744            0.9943709584930621
-9.482412060301508            0.9943709247547684
-9.366834170854272            0.9943710222829593
-9.251256281407034            0.9943709298439491
-9.135678391959798            0.9943708669409516
-9.020100502512562            0.9943710507122153
-8.904522613065327            0.9943704987628674
-8.78894472361809             0.9943704186359923
-8.673366834170855            0.9943719288627907
-8.557788944723619            0.9943708931480537
-8.442211055276381            0.9943718668338005
-8.326633165829145            0.9943704462428147
-8.21105527638191             0.9943706212100848
-8.095477386934673            0.9943709315005114
-7.9798994974874375           0.994370829185847
-7.864321608040202            0.994370785387152
-7.748743718592964            0.9943707147643254
-7.633165829145728            0.994370833963263
-7.517587939698492            0.9943705732050924
-7.402010050251256            0.9943710778211301
-7.28643216080402             0.9943707943992444
-7.170854271356784            0.9943707265417043
-7.055276381909547            0.9943704614917805
-6.939698492462311            0.9943707157449562
-6.824120603015075            0.9943707356389099
-6.708542713567839            0.994370581783111
-6.592964824120603            0.9943707058571599
-6.477386934673367            0.9943706808696751
-6.361809045226131            0.9943706955560185
-6.246231155778894            0.9943705872925717
-6.130653266331658            0.9943706733765331
-6.015075376884422            0.9943706758878366
-5.899497487437186            0.9943707364860486
-5.78391959798995             0.9943706225345896
-5.668341708542714            0.9943706441372989
-5.5527638190954764           0.9943704919347961
-5.4371859296482405           0.9943703618523765
-5.321608040201005            0.9943704860608713
-5.206030150753769            0.9943705633945424
-5.090452261306533            0.9943706588580437
-4.974874371859297            0.9943705846959259
-4.859296482412061            0.9943707841121999
-4.743718592964823            0.9943705846557839
-4.628140703517587            0.9943706833633206
-4.5125628140703515           0.9943705268387609
-4.396984924623116            0.9943705409443501
-4.28140703517588             0.9943705639982747
-4.165829145728644            0.994370541853846
-4.050251256281406            0.9943704478719737
-3.934673366834172            0.9943705628182461
-3.8190954773869343           0.994370578986457
-3.7035175879396967           0.9943705184032203
-3.5879396984924625           0.9943705327773503
-3.472361809045225            0.9943705188807987
-3.3567839195979907           0.9943705385061746
-3.241206030150753            0.9943704878880738
-3.125628140703519            0.99437047700786
-3.0100502512562812           0.9943704805107844
-2.8944723618090435           0.994370514413707
-2.7788944723618094           0.9943703612671884
-2.6633165829145717           0.9943704623087575
-2.5477386934673376           0.9943704638425175
-2.4321608040201              0.994370457948172
-2.316582914572866            0.9943704614478092
-2.201005025125628            0.9943704751966977
-2.0854271356783904           0.9943704632625017
-1.9698492462311563           0.9943704238352956
-1.8542713567839186           0.9943703651615198
-1.7386934673366845           0.9943703879673341
-1.6231155778894468           0.9943703388476761
-1.5075376884422127           0.9943703973518523
-1.391959798994975            0.9943703266459682
-1.2763819095477373           0.9943702103074895
-1.1608040201005032           0.9943698590607665
-1.0452261306532655           0.9943688428346931
-0.9296482412060314           0.9943660736944642
-0.8140703517587937           0.9943586313672544
-0.698492462311556            0.9943381307413288
-0.5829145728643219           0.9942838115648024
-0.46733668341708423          0.9941413767989635
-0.3517587939698501           0.9937757178664991
-0.23618090452261245          0.9928616654230894
-0.12060301507537828          0.9906518970176588
-0.005025125628140596         0.9855263784845054
0.11055276381909708           0.9742153554419652
0.22613065326633117           0.9506492033273445
0.34170854271356893           0.9045468512469519
0.457286432160803             0.8200141080190427
0.5728643216080407            0.674385210828955
0.6884422110552748            0.43724603851017557
0.8040201005025125            0.06926478006222815
0.9195979899497502            -0.47961413649171886
1.0351758793969843            -1.272932575450706
1.150753768844222             -2.3916745538402866
1.266331658291456             -3.93980263146551
1.3819095477386938            -6.051930007242801
1.4974874371859315            -8.903380794289586
1.6130653266331656            -12.722736383788911
1.7286432160804033            -17.80778993336526
1.8442211055276374            -24.54651189056897
1.959798994974875             -33.44463610807569
2.075376884422109             -45.161704432196885
2.190954773869347             -60.558070047793066
2.3065326633165846            -80.75620083164212
2.4221105527638187            -107.22065271490972
2.5376884422110564            -141.86241221131107
2.6532663316582905            -187.17504211737457
2.768844221105528             -248.1619721923628
