-20.0                         0.2014777343261257
-19.884422110552762           0.20147814365231012
-19.768844221105528           0.2014776890489684
-19.65326633165829            0.2014771432881249
-19.537688442211056           0.20147766508013892
-19.42211055276382            0.20147773997078675
-19.306532663316585           0.20147769269174298
-19.190954773869347           0.20147766570452108
-19.07537688442211            0.20147762648425954
-18.959798994974875           0.2014775821331047
-18.844221105527637           0.2014777844253079
-18.728643216080403           0.20147756700596564
-18.613065326633166           0.20147744535382495
-18.49748743718593            0.20147750702719758
-18.381909547738694           0.2014779858730705
-18.266331658291456           0.20147741648911507
-18.150753768844222           0.20147747623559473
-18.035175879396984           0.20147705035932917
-17.91959798994975            0.2014773914741387
-17.804020100502512           0.2014774100093372
-17.688442211055275           0.20147745626231198
-17.57286432160804            0.20147740067305706
-17.457286432160803           0.20147721119210363
-17.34170854271357            0.2014773374867374
-17.22613065326633            0.20147742491984943
-17.110552763819094           0.2014772003102426
-16.99497487437186            0.20147725239559564
-16.87939698492462            0.20147735267979083
-16.763819095477388           0.2014772640557821
-16.64824120603015            0.20147727080462385
-16.532663316582916           0.20147717250316033
-16.417085427135678           0.2014772273092978
-16.301507537688444           0.20147720697985766
-16.185929648241206           0.20147713749958338
-16.07035175879397            0.20147717404442486
-15.954773869346734           0.20147688299455868
-15.839195979899497           0.20147707527964442
-15.72361809045226            0.20147706887119404
-15.608040201005025           0.2014769401146808
-15.492462311557789           0.20147699130350238
-15.376884422110553           0.20147688129961572
-15.261306532663315           0.20147703062301794
-15.145728643216081           0.20147696289621908
-15.030150753768844           0.20147709573072073
-14.914572864321608           0.20147685512463173
-14.798994974874372           0.20147674105423913
-14.683417085427136           0.20147691238506032
-14.5678391959799             0.20147693673424358
-14.452261306532662           0.20147690808969504
-14.336683417085428           0.2014768428001208
-14.22110552763819            0.2014767470104101
-14.105527638190955           0.2014768535732671
-13.989949748743719           0.20147642671238847
-13.874371859296481           0.20147675150241914
-13.758793969849247           0.20147724843401124
-13.64321608040201            0.20147679798873971
-13.527638190954773           0.2014767737494278
-13.412060301507537           0.2014767689105548
-13.296482412060302           0.20147693465486483
-13.180904522613066           0.2014767310156899
-13.065326633165828           0.20147646302985836
-12.949748743718594           0.20147675540053786
-12.834170854271356           0.201476447678782
-12.71859296482412            0.20147678803321248
-12.603015075376884           0.20147642977999525
-12.487437185929648           0.2014766723672735
-12.371859296482413           0.2014766652343404
-12.256281407035175           0.20147667387272708
-12.14070351758794            0.20147658913655175
-12.025125628140703           0.20147675065980744
-11.909547738693467           0.2014765111910331
-11.793969849246231           0.2014765068724088
-11.678391959798995           0.20147655263262945
-11.56281407035176            0.20147653627821033
-11.447236180904522           0.2014766010791219
-11.331658291457286           0.2014765442330233
-11.21608040201005            0.20147651342051676
-11.100502512562814           0.20147679627873644
-10.984924623115578           0.20147651253171361
-10.869346733668342           0.20147644684721494
-10.753768844221106           0.20147621471338956
-10.638190954773869           0.20147645448430265
-10.522613065326633           0.2014764389770334
-10.407035175879397           0.20147642635064122
-10.291457286432161           0.20147647787700704
-10.175879396984925           0.2014764027665497
-10.06030150753769            0.2014763407632379
-9.944723618090451            0.2014763731851987
-9.829145728643216            0.20147643376085872
-9.71356783919598             0.2014763629152234
-9.597989949748744            0.2014763347326676
-9.482412060301508            0.20147634175422352
-9.366834170854272            0.2014763167714405
-9.251256281407034            0.20147631220953116
-9.135678391959798            0.2014763100405008
-9.020100502512562            0.20147630588959994
-8.904522613065327            0.2014762850971247
-8.78894472361809             0.2014761557987922
-8.673366834170855            0.20147667272607084
-8.557788944723619            0.2014762250582424
-8.442211055276381            0.20147663603450458
-8.326633165829145            0.2014761493267206
-8.21105527638191             0.2014762855540262
-8.095477386934673            0.20147618832802433
-7.9798994974874375           0.20147619693857965
-7.864321608040202            0.20147618427326985
-7.748743718592964            0.2014761715780714
-7.633165829145728            0.20147616996865636
-7.517587939698492            0.2014761472441001
-7.402010050251256            0.20147615588526818
-7.28643216080402             0.20147616171755867
-7.170854271356784            0.2014761400888523
-7.055276381909547            0.20147603687480167
-6.939698492462311            0.20147611040264826
-6.824120603015075            0.20147611279527858
-6.708542713567839            0.20147614264631003
-6.592964824120603            0.2014760704847335
-6.477386934673367            0.201476000038969
-6.361809045226131            0.2014760644515951
-6.246231155778894            0.20147600679866273
-6.130653266331658            0.20147606009781205
-6.015075376884422            0.2014760557242602
-5.899497487437186            0.20147605723930642
-5.78391959798995             0.20147604029252028
-5.668341708542714            0.20147603718877702
-5.5527638190954764           0.2014760092677796
-5.4371859296482405           0.20147593103171824
-5.321608040201005            0.2014760096491908
-5.206030150753769            0.20147598864784824
-5.090452261306533            0.20147597467236436
-4.974874371859297            0.2014760271649985
-4.859296482412061            0.20147606920011132
-4.743718592964823            0.20147596416849367
-4.628140703517587            0.20147598970010133
-4.5125628140703515           0.20147592683407198
-4.396984924623116            0.2014759102709556
-4.28140703517588             0.2014758928821637
-4.165829145728644            0.20147585441342802
-4.050251256281406            0.20147582797678928
-3.934673366834172            0.20147573806070326
-3.8190954773869343           0.20147563413454936
-3.7035175879396967           0.20147546577017947
-3.5879396984924625           0.20147522699090314
-3.472361809045225            0.20147486080306085
-3.3567839195979907           0.2014743177050388
-3.241206030150753            0.20147347265310356
-3.125628140703519            0.20147218505212558
-3.0100502512562812           0.20147023440078943
-2.8944723618090435           0.20146722326660205
-2.7788944723618094           0.2014626426168978
-2.6633165829145717           0.20145570433423132
-2.5477386934673376           0.20144511610026355
-2.4321608040201              0.2014289270709139
-2.316582914572866            0.20140424913057947
-2.201005025125628            0.201366656801322
-2.0854271356783904           0.20130943238338056
-1.9698492462311563           0.2012224027098981
-1.8542713567839186           0.20109022580636624
-1.7386934673366845           0.20088979014070266
-1.6231155778894468           0.20058626755120137
-1.5075376884422127           0.200127698894888
-1.391959798994975            0.19943638035645822
-1.2763819095477373           0.19839711547293887
-1.1608040201005032           0.19683988161284094
-1.0452261306532655           0.19451527205956232
-0.9296482412060314           0.19106019953645095
-0.8140703517587937           0.1859502444731063
-0.698492462311556            0.17843465815007775
-0.5829145728643219           0.16744947400853435
-0.46733668341708423          0.1515015036584858
-0.3517587939698501           0.12851747235304817
-0.23618090452261245          0.09564841887465265
-0.12060301507537828          0.04901858990903403
-0.005025125628140596         -0.016595997425409556
0.11055276381909708           -0.10817846524129354
0.22613065326633117           -0.23499794404327431
0.34170854271356893           -0.40928633033209755
0.457286432160803             -0.6471111887285391
0.5728643216080407            -0.9695034794300137
0.6884422110552748            -1.4039166301890886
0.8040201005025125            -1.9861143380261654
0.9195979899497502            -2.762610970598627
1.0351758793969843            -3.7938359228297416
1.150753768844222             -5.158290023884256
1.266331658291456             -6.958127853961885
1.3819095477386938            -9.32667238630344
1.4974874371859315            -12.438199531810973
1.6130653266331656            -16.520365714817025
1.7286432160804033            -21.870214304280605
1.8442211055276374            -28.875168354670762
1.959798994974875             -38.04057626802949
2.075376884422109             -50.02570613116638
2.190954773869347             -65.69071348783757
2.3065326633165846            -86.15792156977028
2.4221105527638187            -112.89177932290606
2.5376884422110564            -147.80319347883906
2.6532663316582905            -193.3856669559256
2.768844221105528             -254.64106766974973
