-20.0                         1.018829203930208
-19.884422110552762           1.0188302409691097
-19.768844221105528           1.0188290721783415
-19.65326633165829            1.0188280416919921
-19.537688442211056           1.0188291266690626
-19.42211055276382            1.0188289174004626
-19.306532663316585           1.018829222206992
-19.190954773869347           1.0188277331335815
-19.07537688442211            1.018829303699151
-18.959798994974875           1.0188289642426174
-18.844221105527637           1.0188302419791528
-18.728643216080403           1.0188288164196948
-18.613065326633166           1.0188291198381008
-18.49748743718593            1.018828881805761
-18.381909547738694           1.0188311923879423
-18.266331658291456           1.0188287447389524
-18.150753768844222           1.0188288208134877
-18.035175879396984           1.0188289859289548
-17.91959798994975            1.0188287793395918
-17.804020100502512           1.0188292489289665
-17.688442211055275           1.0188289524507477
-17.57286432160804            1.0188284751498944
-17.457286432160803           1.0188285225929772
-17.34170854271357            1.0188286850338737
-17.22613065326633            1.0188287306844475
-17.110552763819094           1.0188284783302886
-16.99497487437186            1.018828938186123
-16.87939698492462            1.0188283845780224
-16.763819095477388           1.018829156619184
-16.64824120603015            1.0188284864091683
-16.532663316582916           1.0188285878663326
-16.417085427135678           1.0188285171474247
-16.301507537688444           1.018827939704676
-16.185929648241206           1.0188285274057363
-16.07035175879397            1.0188287933877485
-15.954773869346734           1.0188274499924446
-15.839195979899497           1.018828437113527
-15.72361809045226            1.0188285510258825
-15.608040201005025           1.0188292264445968
-15.492462311557789           1.018828425997761
-15.376884422110553           1.0188283746748477
-15.261306532663315           1.0188285156908234
-15.145728643216081           1.0188284352167587
-15.030150753768844           1.0188292835390376
-14.914572864321608           1.0188281662039498
-14.798994974874372           1.0188274551406777
-14.683417085427136           1.0188284323142351
-14.5678391959799             1.0188283592521394
-14.452261306532662           1.0188283185794158
-14.336683417085428           1.0188282345516602
-14.22110552763819            1.018828737954657
-14.105527638190955           1.0188281855647061
-13.989949748743719           1.018827293270461
-13.874371859296481           1.018828032394241
-13.758793969849247           1.0188287325547805
-13.64321608040201            1.018828131002901
-13.527638190954773           1.0188274526849668
-13.412060301507537           1.018828173101978
-13.296482412060302           1.0188279867111825
-13.180904522613066           1.0188283138437124
-13.065326633165828           1.0188277732346778
-12.949748743718594           1.0188281602933005
-12.834170854271356           1.018827681549787
-12.71859296482412            1.018828349395306
-12.603015075376884           1.018827595084797
-12.487437185929648           1.0188281786331055
-12.371859296482413           1.0188279454528404
-12.256281407035175           1.0188282499834016
-12.14070351758794            1.018828023486508
-12.025125628140703           1.0188278310041086
-11.909547738693467           1.0188278426371211
-11.793969849246231           1.0188277578864209
-11.678391959798995           1.0188280032600001
-11.56281407035176            1.0188279408942045
-11.447236180904522           1.0188283098937494
-11.331658291457286           1.0188280048819935
-11.21608040201005            1.018827926462782
-11.100502512562814           1.0188282374424196
-10.984924623115578           1.0188279934413178
-10.869346733668342           1.0188278582596624
-10.753768844221106           1.0188272019494387
-10.638190954773869           1.0188280023591043
-10.522613065326633           1.0188277697193693
-10.407035175879397           1.0188279910319915
-10.291457286432161           1.0188286709449939
-10.175879396984925           1.0188278290955088
-10.06030150753769            1.0188276956584634
-9.944723618090451            1.0188278353565696
-9.829145728643216            1.0188274839120326
-9.71356783919598             1.0188282999582405
-9.597989949748744            1.0188278142817484
-9.482412060301508            1.0188277791608027
-9.366834170854272            1.0188278789394438
-9.251256281407034            1.0188277845019098
-9.135678391959798            1.0188277194291373
-9.020100502512562            1.018827903863306
-8.904522613065327            1.018827344569829
-8.78894472361809             1.018827265849746
-8.673366834170855            1.018828795749771
-8.557788944723619            1.018827749220166
-8.442211055276381            1.0188287332266763
-8.326633165829145            1.0188272939894394
-8.21105527638191             1.0188274668489847
-8.095477386934673            1.018827791553997
-7.9798994974874375           1.0188276837143713
-7.864321608040202            1.018827639888812
-7.748743718592964            1.018827567596803
-7.633165829145728            1.0188276898802273
-7.517587939698492            1.0188274259853876
-7.402010050251256            1.01882793793867
-7.28643216080402             1.0188276486316235
-7.170854271356784            1.018827580292889
-7.055276381909547            1.018827314337787
-6.939698492462311            1.0188275705733623
-6.824120603015075            1.0188275898751376
-6.708542713567839            1.0188274317137445
-6.592964824120603            1.0188275614433742
-6.477386934673367            1.018827539589587
-6.361809045226131            1.0188275515187715
-6.246231155778894            1.0188274414481087
-6.130653266331658            1.0188275269576441
-6.015075376884422            1.0188275287784723
-5.899497487437186            1.0188275895392251
-5.78391959798995             1.0188274756693814
-5.668341708542714            1.0188274983030643
-5.5527638190954764           1.0188273448387168
-5.4371859296482405           1.0188272126027926
-5.321608040201005            1.0188273375875643
-5.206030150753769            1.01882741837616
-5.090452261306533            1.018827516423036
-4.974874371859297            1.018827435116261
-4.859296482412061            1.01882763817685
-4.743718592964823            1.018827438173258
-4.628140703517587            1.0188275389977746
-4.5125628140703515           1.01882738163376
-4.396984924623116            1.0188273946211246
-4.28140703517588             1.0188274179857146
-4.165829145728644            1.0188273961509728
-4.050251256281406            1.0188272987631244
-3.934673366834172            1.0188274174900351
-3.8190954773869343           1.0188274342118482
-3.7035175879396967           1.0188273727509831
-3.5879396984924625           1.018827387918113
-3.472361809045225            1.018827373868292
-3.3567839195979907           1.01882739331362
-3.241206030150753            1.018827343168173
-3.125628140703519            1.0188273311485243
-3.0100502512562812           1.018827334490008
-2.8944723618090435           1.0188273711031317
-2.7788944723618094           1.0188272144023525
-2.6633165829145717           1.0188273181082488
-2.5477386934673376           1.0188273183083427
-2.4321608040201              1.0188273122768743
-2.316582914572866            1.0188273160684675
-2.201005025125628            1.0188273298461092
-2.0854271356783904           1.0188273177068357
-1.9698492462311563           1.018827278094595
-1.8542713567839186           1.0188272190001482
-1.7386934673366845           1.0188272424933893
-1.6231155778894468           1.0188271940597287
-1.5075376884422127           1.018827256788949
-1.391959798994975            1.0188271936585431
-1.2763819095477373           1.018827101165581
-1.1608040201005032           1.0188268104892657
-1.0452261306532655           1.0188259512040065
-0.9296482412060314           1.018823584439607
-0.8140703517587937           1.018817167354339
-0.698492462311556            1.01879921633069
-0.5829145728643219           1.018751124833205
-0.46733668341708423          1.0186235036366103
-0.3517587939698501           1.018291953839029
-0.23618090452261245          1.0174533128902086
-0.12060301507537828          1.0154020551938185
-0.005025125628140596         1.0105897312699004
0.11055276381909708           0.9998535846193598
0.22613065326633117           0.9772576989244481
0.34170854271356893           0.9326519632283846
0.457286432160803             0.8502294878257091
0.5728643216080407            0.7073400667841144
0.6884422110552748            0.47351590550647726
0.8040201005025125            0.10932932284512979
0.9195979899497502            -0.4353819958273576
1.0351758793969843            -1.2242561712177784
1.150753768844222             -2.3383532648175027
1.266331658291456             -3.8816897976901843
1.3819095477386938            -5.988915471807463
1.4974874371859315            -8.83538178026484
1.6130653266331656            -12.64969283309483
1.7286432160804033            -17.729659459554895
1.8442211055276374            -24.46326453522649
1.959798994974875             -33.35625036327697
2.075376884422109             -45.068164619245735
2.190954773869347             -60.45936460075722
2.3065326633165846            -80.65232114108899
2.4221105527638187            -107.11159232791252
2.5376884422110564            -141.74816626584737
2.6532663316582905            -187.055606935498
2.768844221105528             -248.03737420241305
