-20.0                         1.0852720870612438
-19.884422110552762           1.0852731665202346
-19.768844221105528           1.0852719491587302
-19.65326633165829            1.085270913251915
-19.537688442211056           1.0852720311073696
-19.42211055276382            1.0852717869328568
-19.306532663316585           1.0852720880730171
-19.190954773869347           1.0852705464111996
-19.07537688442211            1.085272205665071
-18.959798994974875           1.0852718550067875
-18.844221105527637           1.085273137907571
-18.728643216080403           1.0852716697757325
-18.613065326633166           1.085272035586822
-18.49748743718593            1.0852717580829843
-18.381909547738694           1.085274151464537
-18.266331658291456           1.0852716303786707
-18.150753768844222           1.0852717047578715
-18.035175879396984           1.0852719455116233
-17.91959798994975            1.0852716577665322
-17.804020100502512           1.0852721592408348
-17.688442211055275           1.0852718029601127
-17.57286432160804            1.0852713521118285
-17.457286432160803           1.0852714093897686
-17.34170854271357            1.085271546433642
-17.22613065326633            1.085271569385355
-17.110552763819094           1.0852713680262536
-16.99497487437186            1.0852718438549125
-16.87939698492462            1.085271217707593
-16.763819095477388           1.0852720767249535
-16.64824120603015            1.0852713440137953
-16.532663316582916           1.0852715118265268
-16.417085427135678           1.0852713985800932
-16.301507537688444           1.0852707919171194
-16.185929648241206           1.0852714102790888
-16.07035175879397            1.0852716926031845
-15.954773869346734           1.085270294232884
-15.839195979899497           1.0852713240752605
-15.72361809045226            1.0852714546180602
-15.608040201005025           1.085272193586519
-15.492462311557789           1.0852713189043939
-15.376884422110553           1.0852713119866506
-15.261306532663315           1.0852714038795146
-15.145728643216081           1.0852713324408154
-15.030150753768844           1.0852721865271509
-14.914572864321608           1.0852710524974607
-14.798994974874372           1.085270324258171
-14.683417085427136           1.0852713303267736
-14.5678391959799             1.0852712597218588
-14.452261306532662           1.0852712190858054
-14.336683417085428           1.0852711243192388
-14.22110552763819            1.0852716902802146
-14.105527638190955           1.0852710753684651
-13.989949748743719           1.0852701589878242
-13.874371859296481           1.085270916128492
-13.758793969849247           1.0852716048099067
-13.64321608040201            1.0852710176931293
-13.527638190954773           1.0852703048376255
-13.412060301507537           1.0852710659692677
-13.296482412060302           1.0852708326013478
-13.180904522613066           1.0852712196898338
-13.065326633165828           1.0852706796338865
-12.949748743718594           1.0852710432676458
-12.834170854271356           1.0852705665485711
-12.71859296482412            1.0852712415434655
-12.603015075376884           1.085270490813792
-12.487437185929648           1.0852710688533662
-12.371859296482413           1.0852708187597462
-12.256281407035175           1.0852711453548234
-12.14070351758794            1.0852709162839813
-12.025125628140703           1.0852706834305978
-11.909547738693467           1.085270729400518
-11.793969849246231           1.0852706625494728
-11.678391959798995           1.0852708993907136
-11.56281407035176            1.0852708315670248
-11.447236180904522           1.0852712180494986
-11.331658291457286           1.0852708947898617
-11.21608040201005            1.0852708163428506
-11.100502512562814           1.0852711147114016
-10.984924623115578           1.0852708839872438
-10.869346733668342           1.085270749602444
-10.753768844221106           1.0852700714184909
-10.638190954773869           1.0852709042886914
-10.522613065326633           1.0852706559321506
-10.407035175879397           1.085270885501506
-10.291457286432161           1.08527160711039
-10.175879396984925           1.0852707180483
-10.06030150753769            1.0852705832709273
-9.944723618090451            1.0852707320345125
-9.829145728643216            1.0852703472899536
-9.71356783919598             1.0852712151710762
-9.597989949748744            1.0852707116413656
-9.482412060301508            1.0852706728570574
-9.366834170854272            1.085270778293341
-9.251256281407034            1.0852706787531263
-9.135678391959798            1.085270608000956
-9.020100502512562            1.0852707927128262
-8.904522613065327            1.0852702153456755
-8.78894472361809             1.085270140112481
-8.673366834170855            1.0852717225290016
-8.557788944723619            1.0852706472331597
-8.442211055276381            1.0852716586872215
-8.326633165829145            1.0852701696564462
-8.21105527638191             1.085270336776464
-8.095477386934673            1.0852707002228146
-7.9798994974874375           1.085270577247952
-7.864321608040202            1.0852705336631905
-7.748743718592964            1.0852704568533689
-7.633165829145728            1.0852705874051989
-7.517587939698492            1.0852703159652424
-7.402010050251256            1.0852708459460232
-7.28643216080402             1.0852705415283437
-7.170854271356784            1.0852704720448645
-7.055276381909547            1.0852702041033095
-6.939698492462311            1.0852704653029426
-6.824120603015075            1.0852704828315578
-6.708542713567839            1.0852703131432935
-6.592964824120603            1.085270458196874
-6.477386934673367            1.085270445082986
-6.361809045226131            1.0852704493687328
-6.246231155778894            1.0852703343163244
-6.130653266331658            1.0852704180548458
-6.015075376884422            1.085270417723345
-5.899497487437186            1.0852704786495624
-5.78391959798995             1.0852703657193097
-5.668341708542714            1.0852703911420023
-5.5527638190954764           1.0852702348266159
-5.4371859296482405           1.0852700963259447
-5.321608040201005            1.0852702237120613
-5.206030150753769            1.0852703138894508
-5.090452261306533            1.0852704184503832
-4.974874371859297            1.085270317630122
-4.859296482412061            1.0852705304062775
-4.743718592964823            1.0852703291178618
-4.628140703517587            1.085270435747249
-4.5125628140703515           1.0852702765615683
-4.396984924623116            1.0852702861486188
-4.28140703517588             1.0852703102519143
-4.165829145728644            1.0852702894147255
-4.050251256281406            1.0852701828137417
-3.934673366834172            1.0852703116005826
-3.8190954773869343           1.0852703298355244
-3.7035175879396967           1.0852702660471152
-3.5879396984924625           1.085270283381602
-3.472361809045225            1.0852702689309908
-3.3567839195979907           1.0852702876628002
-3.241206030150753            1.0852702393045193
-3.125628140703519            1.085270223921698
-3.0100502512562812           1.0852702267943248
-2.8944723618090435           1.0852702708645292
-2.7788944723618094           1.0852701045026243
-2.6633165829145717           1.0852702154792055
-2.5477386934673376           1.0852702119457203
-2.4321608040201              1.0852702055016803
-2.316582914572866            1.085270210118025
-2.201005025125628            1.08527022382263
-2.0854271356783904           1.0852702111602472
-1.9698492462311563           1.085270171101525
-1.8542713567839186           1.085270110792012
-1.7386934673366845           1.0852701357671461
-1.6231155778894468           1.0852700879392128
-1.5075376884422127           1.085270159180072
-1.391959798994975            1.0852701091874566
-1.2763819095477373           1.0852700625797655
-1.1608040201005032           1.0852698893869317
-1.0452261306532655           1.0852693406375016
-0.9296482412060314           1.085267786181562
-0.8140703517587937           1.0852634872684233
-0.698492462311556            1.0852509150878515
-0.5829145728643219           1.0852162540701782
-0.46733668341708423          1.0851212918973903
-0.3517587939698501           1.0848666313335709
-0.23618090452261245          1.084201824664276
-0.12060301507537828          1.0825242014116367
-0.005025125628140596         1.0784665328524619
0.11055276381909708           1.0691451293089258
0.22613065326633117           1.0489840121992668
0.34170854271356893           1.0081983306511582
0.457286432160803             0.9312375446106815
0.5728643216080407            0.7955131652028272
0.6884422110552748            0.5704234908412712
0.8040201005025125            0.21628367775649224
0.9195979899497502            -0.31736039866501914
1.0351758793969843            -1.0944116102523977
1.150753768844222             -2.196139385847457
1.266331658291456             -3.7267086358261645
1.3819095477386938            -5.8208690926729965
1.4974874371859315            -8.654046861153086
1.6130653266331656            -12.454907689884703
1.7286432160804033            -17.521310213990155
1.8442211055276374            -24.241270840689896
1.959798994974875             -33.120554616154955
2.075376884422109             -44.81872487168134
2.190954773869347             -60.19614993274789
2.3065326633165846            -80.3753085501403
2.4221105527638187            -106.8207645810336
2.5376884422110564            -141.44351038314235
2.6532663316582905            -186.73711310071957
2.768844221105528             -247.7051128958804
