-20.0                         1.3311156511662627
-19.884422110552762           1.3311168973444898
-19.768844221105528           1.3311154948947894
-19.65326633165829            1.3311144589791795
-19.537688442211056           1.3311157053716811
-19.42211055276382            1.3311153204416846
-19.306532663316585           1.3311155761086726
-19.190954773869347           1.3311138938120393
-19.07537688442211            1.331115847936672
-18.959798994974875           1.3311154651023205
-18.844221105527637           1.331116711169457
-18.728643216080403           1.3311151323810961
-18.613065326633166           1.3311157396435918
-18.49748743718593            1.3311153042430948
-18.381909547738694           1.3311179680430054
-18.266331658291456           1.3311152216135917
-18.150753768844222           1.331115289037331
-18.035175879396984           1.3311158234785037
-17.91959798994975            1.3311152109722102
-17.804020100502512           1.3311158252401012
-17.688442211055275           1.3311152344748736
-17.57286432160804            1.331114942342865
-17.457286432160803           1.331115005001999
-17.34170854271357            1.3311150351788037
-17.22613065326633            1.3311149678513152
-17.110552763819094           1.3311149780933895
-16.99497487437186            1.3311154865846766
-16.87939698492462            1.3311146120476096
-16.763819095477388           1.3311157869221872
-16.64824120603015            1.331114834715803
-16.532663316582916           1.3311152707567644
-16.417085427135678           1.3311149733926866
-16.301507537688444           1.3311142868754704
-16.185929648241206           1.3311149938475249
-16.07035175879397            1.331115321950528
-15.954773869346734           1.3311137388845449
-15.839195979899497           1.331114919222524
-15.72361809045226            1.3311151216492494
-15.608040201005025           1.3311160712532295
-15.492462311557789           1.3311149358099126
-15.376884422110553           1.3311151152631113
-15.261306532663315           1.3311150009720725
-15.145728643216081           1.3311149637191058
-15.030150753768844           1.3311158031310084
-14.914572864321608           1.3311146460557177
-14.798994974874372           1.331113871506759
-14.683417085427136           1.331114965461529
-14.5678391959799             1.3311149157504567
-14.452261306532662           1.3311148769673584
-14.336683417085428           1.3311147307366502
-14.22110552763819            1.3311155238113346
-14.105527638190955           1.3311146868115644
-13.989949748743719           1.331113681812445
-13.874371859296481           1.3311145001773983
-13.758793969849247           1.3311151391893428
-13.64321608040201            1.3311146164196028
-13.527638190954773           1.331113785570979
-13.412060301507537           1.3311146864377905
-13.296482412060302           1.331114275896213
-13.180904522613066           1.3311148816502227
-13.065326633165828           1.3311143586429366
-12.949748743718594           1.3311146214310448
-12.834170854271356           1.331114157129595
-12.71859296482412            1.3311148515350282
-12.603015075376884           1.331114130728881
-12.487437185929648           1.3311146710347557
-12.371859296482413           1.331114369772723
-12.256281407035175           1.3311147605878897
-12.14070351758794            1.3311145339855561
-12.025125628140703           1.3311141519131329
-11.909547738693467           1.3311143242720211
-11.793969849246231           1.331114343498723
-11.678391959798995           1.3311145295283178
-11.56281407035176            1.3311144404542101
-11.447236180904522           1.331114889149895
-11.331658291457286           1.331114498852221
-11.21608040201005            1.33111442336547
-11.100502512562814           1.331114669890434
-10.984924623115578           1.331114489925443
-10.869346733668342           1.3311143614367533
-10.753768844221106           1.3311136060381938
-10.638190954773869           1.3311145527703168
-10.522613065326633           1.3311142498659683
-10.407035175879397           1.3311144954056064
-10.291457286432161           1.3311153713548776
-10.175879396984925           1.3311143201625477
-10.06030150753769            1.3311141809183953
-9.944723618090451            1.3311143670947885
-9.829145728643216            1.331113860464126
-9.71356783919598             1.3311148957626442
-9.597989949748744            1.3311143449807317
-9.482412060301508            1.331114294253338
-9.366834170854272            1.3311144151847742
-9.251256281407034            1.3311143010157174
-9.135678391959798            1.3311142127418083
-9.020100502512562            1.3311143797892344
-8.904522613065327            1.3311137572149365
-8.78894472361809             1.3311136907225152
-8.673366834170855            1.3311154575073103
-8.557788944723619            1.3311142823323556
-8.442211055276381            1.331115389037925
-8.326633165829145            1.3311137249985228
-8.21105527638191             1.3311138714825204
-8.095477386934673            1.3311143711724411
-7.9798994974874375           1.3311141919048364
-7.864321608040202            1.3311141531446664
-7.748743718592964            1.3311140600179832
-7.633165829145728            1.3311142195145442
-7.517587939698492            1.3311139320845113
-7.402010050251256            1.3311145057940152
-7.28643216080402             1.3311141564073996
-7.170854271356784            1.3311140844576674
-7.055276381909547            1.3311138144591361
-6.939698492462311            1.331114089040463
-6.824120603015075            1.3311140983986296
-6.708542713567839            1.3311138879932933
-6.592964824120603            1.331114089309308
-6.477386934673367            1.331114111051509
-6.361809045226131            1.331114085224381
-6.246231155778894            1.331113951034938
-6.130653266331658            1.3311140259813061
-6.015075376884422            1.331114014532553
-5.899497487437186            1.3311140729544735
-5.78391959798995             1.3311139717552605
-5.668341708542714            1.3311140070570682
-5.5527638190954764           1.331113847167475
-5.4371859296482405           1.331113680341632
-5.321608040201005            1.3311138206003523
-5.206030150753769            1.3311139451275136
-5.090452261306533            1.331114066984874
-4.974874371859297            1.331113894232038
-4.859296482412061            1.331114140663897
-4.743718592964823            1.3311139369390628
-4.628140703517587            1.3311140653607008
-4.5125628140703515           1.3311139047376412
-4.396984924623116            1.3311138979300754
-4.28140703517588             1.3311139233609086
-4.165829145728644            1.331113907899422
-4.050251256281406            1.3311137677364595
-3.934673366834172            1.3311139311127516
-3.8190954773869343           1.331113955026249
-3.7035175879396967           1.3311138832465048
-3.5879396984924625           1.331113908596736
-3.472361809045225            1.3311138929740491
-3.3567839195979907           1.3311139062168036
-3.241206030150753            1.3311138705163954
-3.125628140703519            1.3311138397459266
-3.0100502512562812           1.3311138406384744
-2.8944723618090435           1.3311139132005019
-2.7788944723618094           1.3311137110179667
-2.6633165829145717           1.3311138492938768
-2.5477386934673376           1.331113830630062
-2.4321608040201              1.3311138221442527
-2.316582914572866            1.3311138302441616
-2.201005025125628            1.3311138418735509
-2.0854271356783904           1.3311138279702837
-1.9698492462311563           1.3311137874511283
-1.8542713567839186           1.3311137229292456
-1.7386934673366845           1.3311137519763183
-1.6231155778894468           1.3311136991154953
-1.5075376884422127           1.3311137860490043
-1.391959798994975            1.3311137443053758
-1.2763819095477373           1.3311137595348221
-1.1608040201005032           1.3311137420345815
-1.0452261306532655           1.3311136272122552
-0.9296482412060314           1.3311132679940227
-0.8140703517587937           1.3311123137486303
-0.698492462311556            1.331108743836284
-0.5829145728643219           1.3310980536805905
-0.46733668341708423          1.331065295719973
-0.3517587939698501           1.330967111743335
-0.23618090452261245          1.330680755758478
-0.12060301507537828          1.3298740872630817
-0.005025125628140596         1.3277001956579644
0.11055276381909708           1.3221552618914765
0.22613065326633117           1.3089181766377875
0.34170854271356893           1.2796284423150217
0.457286432160803             1.219897479425798
0.5728643216080407            1.1076115211729214
0.6884422110552748            0.9118391210795458
0.8040201005025125            0.5919977047027141
0.9195979899497502            0.09653452210936714
1.0351758793969843            -0.6394748849931777
1.150753768844222             -1.6981120490209352
1.266331658291456             -3.184115685602878
1.3819095477386938            -5.23261813218423
1.4974874371859315            -8.019325775077505
1.6130653266331656            -11.7731326236428
1.7286432160804033            -16.792072683696993
1.8442211055276374            -23.464284309560327
1.959798994974875             -32.2956145834665
2.075376884422109             -43.94568292489523
2.190954773869347             -59.27489695784648
2.3065326633165846            -79.4057635316773
2.4221105527638187            -105.80286691390047
2.5376884422110564            -140.377214471077
2.6532663316582905            -185.6223844905278
2.768844221105528             -246.54219832301607
