-20.0                         0.6964526048859488
-19.884422110552762           0.6964534488595464
-19.768844221105528           0.6964525072008905
-19.65326633165829            0.6964515465219582
-19.537688442211056           0.6964524773605245
-19.42211055276382            0.696452416954312
-19.306532663316585           0.6964526750432963
-19.190954773869347           0.6964515507486128
-19.07537688442211            0.6964526264948364
-18.959798994974875           0.6964523614703525
-18.844221105527637           0.6964534959125068
-18.728643216080403           0.6964523597738539
-18.613065326633166           0.6964523971485053
-18.49748743718593            0.6964523235682335
-18.381909547738694           0.6964541609125398
-18.266331658291456           0.6964521641255678
-18.150753768844222           0.6964522473738535
-18.035175879396984           0.696452076221566
-17.91959798994975            0.6964522108156302
-17.804020100502512           0.6964525203375536
-17.688442211055275           0.6964524734549208
-17.57286432160804            0.6964519826015447
-17.457286432160803           0.6964519382537929
-17.34170854271357            0.6964521860087852
-17.22613065326633            0.6964523246084442
-17.110552763819094           0.6964518874787955
-16.99497487437186            0.6964522314958396
-16.87939698492462            0.6964520367349359
-16.763819095477388           0.6964523949059778
-16.64824120603015            0.6964520305859986
-16.532663316582916           0.6964518781469989
-16.417085427135678           0.6964519564367962
-16.301507537688444           0.6964515648703166
-16.185929648241206           0.6964519555106492
-16.07035175879397            0.696452128262501
-15.954773869346734           0.696451087257313
-15.839195979899497           0.6964518484835605
-15.72361809045226            0.6964518994656
-15.608040201005025           0.6964522380140806
-15.492462311557789           0.6964518088748602
-15.376884422110553           0.6964515939131416
-15.261306532663315           0.6964519114512976
-15.145728643216081           0.6964517970837538
-15.030150753768844           0.6964525416197069
-14.914572864321608           0.696451583869344
-14.798994974874372           0.6964509926672149
-14.683417085427136           0.6964517880845368
-14.5678391959799             0.6964517275384844
-14.452261306532662           0.6964516887053354
-14.336683417085428           0.6964516336941408
-14.22110552763819            0.6964518390409598
-14.105527638190955           0.6964515944871976
-13.989949748743719           0.6964508235089776
-13.874371859296481           0.696451462387793
-13.758793969849247           0.696452198090489
-13.64321608040201            0.6964515513893308
-13.527638190954773           0.6964510624547755
-13.412060301507537           0.6964515629754711
-13.296482412060302           0.6964515903760827
-13.180904522613066           0.6964516328929657
-13.065326633165828           0.6964511166695683
-12.949748743718594           0.6964515850349333
-12.834170854271356           0.6964511097181533
-12.71859296482412            0.6964517258717754
-12.603015075376884           0.6964509912084892
-12.487437185929648           0.6964515632486731
-12.371859296482413           0.6964514247556415
-12.256281407035175           0.6964516034574832
-12.14070351758794            0.6964514084552879
-12.025125628140703           0.6964514065045515
-11.909547738693467           0.6964512570266664
-11.793969849246231           0.6964511252142055
-11.678391959798995           0.6964513747138799
-11.56281407035176            0.6964513348802034
-11.447236180904522           0.6964516133734521
-11.331658291457286           0.6964513977434835
-11.21608040201005            0.6964513243707919
-11.100502512562814           0.6964516850211351
-10.984924623115578           0.6964513820868482
-10.869346733668342           0.6964512500574209
-10.753768844221106           0.696450709037784
-10.638190954773869           0.6964513417201943
-10.522613065326633           0.6964511884544135
-10.407035175879397           0.6964513458462075
-10.291457286432161           0.696451820799022
-10.175879396984925           0.6964512283742025
-10.06030150753769            0.6964511050638222
-9.944723618090451            0.6964512063231905
-9.829145728643216            0.6964510185686408
-9.71356783919598             0.6964515415359058
-9.597989949748744            0.6964511774840322
-9.482412060301508            0.696451161440695
-9.366834170854272            0.6964512239278775
-9.251256281407034            0.6964511606107937
-9.135678391959798            0.6964511260412782
-9.020100502512562            0.6964512771267615
-8.904522613065327            0.6964508480208494
-8.78894472361809             0.6964507455158246
-8.673366834170855            0.6964519968467546
-8.557788944723619            0.6964511056316879
-8.442211055276381            0.6964519413298776
-8.326633165829145            0.6964507657335459
-8.21105527638191             0.6964509641303829
-8.095477386934673            0.696451095946197
-7.9798994974874375           0.6964510565958388
-7.864321608040202            0.696451017954753
-7.748743718592964            0.6964509676745723
-7.633165829145728            0.69645104778177
-7.517587939698492            0.696450841595257
-7.402010050251256            0.6964512247205005
-7.28643216080402             0.69645102707781
-7.170854271356784            0.6964509681204284
-7.055276381909547            0.696450723277921
-6.939698492462311            0.6964509454852352
-6.824120603015075            0.6964509692129824
-6.708542713567839            0.6964508710865684
-6.592964824120603            0.6964509254415017
-6.477386934673367            0.6964508666397262
-6.361809045226131            0.6964509121349717
-6.246231155778894            0.6964508244281803
-6.130653266331658            0.696450913334629
-6.015075376884422            0.6964509195445449
-5.899497487437186            0.6964509729602139
-5.78391959798995             0.6964508706504414
-5.668341708542714            0.6964508800126407
-5.5527638190954764           0.6964507529889334
-5.4371859296482405           0.696450642645102
-5.321608040201005            0.6964507611551806
-5.206030150753769            0.6964507971193397
-5.090452261306533            0.6964508541976551
-4.974874371859297            0.6964508621927541
-4.859296482412061            0.6964510141523852
-4.743718592964823            0.6964508254810805
-4.628140703517587            0.6964508996735614
-4.5125628140703515           0.6964507614541063
-4.396984924623116            0.6964507823136199
-4.28140703517588             0.6964508000185903
-4.165829145728644            0.6964507769416113
-4.050251256281406            0.6964507250593288
-3.934673366834172            0.6964507906819775
-3.8190954773869343           0.6964508002381783
-3.7035175879396967           0.6964507514773384
-3.5879396984924625           0.6964507566778491
-3.472361809045225            0.6964507447140439
-3.3567839195979907           0.6964507631061972
-3.241206030150753            0.6964507150105138
-3.125628140703519            0.6964507131200359
-3.0100502512562812           0.696450717884129
-2.8944723618090435           0.6964507207824586
-2.7788944723618094           0.6964506109118196
-2.6633165829145717           0.6964506799788904
-2.5477386934673376           0.6964506957109483
-2.4321608040201              0.696450690710482
-2.316582914572866            0.6964506906399008
-2.201005025125628            0.6964507005509672
-2.0854271356783904           0.6964506888403302
-1.9698492462311563           0.696450646348345
-1.8542713567839186           0.6964505774270955
-1.7386934673366845           0.6964505518882109
-1.6231155778894468           0.6964503972763976
-1.5075376884422127           0.6964501811826381
-1.391959798994975            0.6964495035540825
-1.2763819095477373           0.6964479150622502
-1.1608040201005032           0.696444142003394
-1.0452261306532655           0.6964351923141978
-0.9296482412060314           0.6964142076271392
-0.8140703517587937           0.6963653854227987
-0.698492462311556            0.6962525313387481
-0.5829145728643219           0.695995879922673
-0.46733668341708423          0.6954209709726342
-0.3517587939698501           0.6941588803369818
-0.23618090452261245          0.6914565676801501
-0.12060301507537828          0.6858441466489236
-0.005025125628140596         0.6746029377890949
0.11055276381909708           0.6530074555446136
0.22613065326633117           0.6133810147058217
0.34170854271356893           0.5440736443249372
0.457286432160803             0.4284683115601788
0.5728643216080407            0.24401205476033114
0.6884422110552748            -0.03888805149583886
0.8040201005025125            -0.4583579681748252
0.9195979899497502            -1.0631846027660166
1.0351758793969843            -1.9157852653655847
1.150753768844222             -3.0962566673189986
1.266331658291456             -4.7079281679198095
1.3819095477386938            -6.8849785865377795
1.4974874371859315            -9.80239905210087
1.6130653266331656            -13.688489938487876
1.7286432160804033            -18.840823344366594
1.8442211055276374            -25.64721265190898
1.959798994974875             -34.61328388355917
2.075376884422109             -46.39850390566148
2.190954773869347             -61.8631726688684
2.3065326633165846            -82.12971959547176
2.4221105527638187            -108.6626724616215
2.5376884422110564            -143.3729969498146
2.6532663316582905            -188.75424031741332
2.768844221105528             -249.80943450392058
