-20.0                         0.6647621998802079
-19.884422110552762           0.6647630254060036
-19.768844221105528           0.6647621057055083
-19.65326633165829            0.6647611565210682
-19.537688442211056           0.6647620719583778
-19.42211055276382            0.66476202429588
-19.306532663316585           0.6647622714621763
-19.190954773869347           0.6647611941773315
-19.07537688442211            0.6647622147815312
-18.959798994974875           0.6647619591507358
-18.844221105527637           0.6647630668949196
-18.728643216080403           0.6647619672866059
-18.613065326633166           0.6647619831153971
-18.49748743718593            0.6647619228854489
-18.381909547738694           0.6647637058861894
-18.266331658291456           0.6647617635976021
-18.150753768844222           0.6647618473977464
-18.035175879396984           0.6647616466930086
-17.91959798994975            0.6647618092510404
-17.804020100502512           0.6647621026394605
-17.688442211055275           0.6647620752475495
-17.57286432160804            0.6647615941454057
-17.457286432160803           0.6647615376485058
-17.34170854271357            0.66476178926771
-17.22613065326633            0.6647619347113893
-17.110552763819094           0.6647614870474049
-16.99497487437186            0.6647618166898639
-16.87939698492462            0.6647616555824256
-16.763819095477388           0.6647619752573523
-16.64824120603015            0.6647616399984179
-16.532663316582916           0.664761470834919
-16.417085427135678           0.6647615578489122
-16.301507537688444           0.6647611881545448
-16.185929648241206           0.6647615547977542
-16.07035175879397            0.6647617178713483
-15.954773869346734           0.6647607102507329
-15.839195979899497           0.6647614470145133
-15.72361809045226            0.664761493341566
-15.608040201005025           0.6647617973013031
-15.492462311557789           0.6647614046641159
-15.376884422110553           0.6647611795107415
-15.261306532663315           0.6647615071859221
-15.145728643216081           0.6647613909789498
-15.030150753768844           0.6647621172593475
-14.914572864321608           0.6647611834100641
-14.798994974874372           0.6647606080444574
-14.683417085427136           0.6647613809462213
-14.5678391959799             0.664761323950628
-14.452261306532662           0.6647612854290117
-14.336683417085428           0.6647612311249936
-14.22110552763819            0.6647614087025445
-14.105527638190955           0.6647611938766333
-13.989949748743719           0.6647604356583656
-13.874371859296481           0.6647610631301065
-13.758793969849247           0.6647617996498502
-13.64321608040201            0.6647611514433788
-13.527638190954773           0.6647606836008172
-13.412060301507537           0.6647611600757313
-13.296482412060302           0.6647612064251767
-13.180904522613066           0.6647612225718057
-13.065326633165828           0.6647607115000325
-12.949748743718594           0.6647611840894114
-12.834170854271356           0.6647607107982861
-12.71859296482412            0.6647613198043909
-12.603015075376884           0.6647605913308025
-12.487437185929648           0.6647611579444161
-12.371859296482413           0.6647610293671347
-12.256281407035175           0.6647611948730646
-12.14070351758794            0.6647610045347865
-12.025125628140703           0.6647610202798074
-11.909547738693467           0.66476085612591
-11.793969849246231           0.6647607237899152
-11.678391959798995           0.6647609698475822
-11.56281407035176            0.6647609317925763
-11.447236180904522           0.6647612006917275
-11.331658291457286           0.6647609939356635
-11.21608040201005            0.6647609215554683
-11.100502512562814           0.6647612856612822
-10.984924623115578           0.6647609777330168
-10.869346733668342           0.6647608468321088
-10.753768844221106           0.6647603183111273
-10.638190954773869           0.6647609334207356
-10.522613065326633           0.6647607881038756
-10.407035175879397           0.6647609371683285
-10.291457286432161           0.6647613913610414
-10.175879396984925           0.6647608253539516
-10.06030150753769            0.6647607035685141
-9.944723618090451            0.6647608014237248
-9.829145728643216            0.6647606299384682
-9.71356783919598             0.6647611203477414
-9.597989949748744            0.6647607716072731
-9.482412060301508            0.6647607574749855
-9.366834170854272            0.6647608153870641
-9.251256281407034            0.6647607556226578
-9.135678391959798            0.6647607240894658
-9.020100502512562            0.6647608690321509
-8.904522613065327            0.6647604570001583
-8.78894472361809             0.6647603515863054
-8.673366834170855            0.664761572633318
-8.557788944723619            0.6647606986130473
-8.442211055276381            0.6647615178799333
-8.326633165829145            0.6647603708899176
-8.21105527638191             0.6647605712260592
-8.095477386934673            0.6647606842347584
-7.9798994974874375           0.6647606508341131
-7.864321608040202            0.6647606132342856
-7.748743718592964            0.6647605650979234
-7.633165829145728            0.6647606408926181
-7.517587939698492            0.6647604423896372
-7.402010050251256            0.6647608089176956
-7.28643216080402             0.6647606219274259
-7.170854271356784            0.6647605642958113
-7.055276381909547            0.6647603228411678
-6.939698492462311            0.6647605405873489
-6.824120603015075            0.6647605642716622
-6.708542713567839            0.6647604725130696
-6.592964824120603            0.6647605193375177
-6.477386934673367            0.6647604575154298
-6.361809045226131            0.6647605059296612
-6.246231155778894            0.6647604202207141
-6.130653266331658            0.6647605088703777
-6.015075376884422            0.6647605149508221
-5.899497487437186            0.6647605669339366
-5.78391959798995             0.6647604673506321
-5.668341708542714            0.664760475503328
-5.5527638190954764           0.6647603522982537
-5.4371859296482405           0.6647602433909807
-5.321608040201005            0.6647603615574027
-5.206030150753769            0.6647603932727153
-5.090452261306533            0.6647604456720726
-4.974874371859297            0.6647604614652419
-4.859296482412061            0.664760608024032
-4.743718592964823            0.6647604211031707
-4.628140703517587            0.6647604928521538
-4.5125628140703515           0.6647603575399857
-4.396984924623116            0.6647603782702196
-4.28140703517588             0.6647603952463702
-4.165829145728644            0.6647603724064762
-4.050251256281406            0.6647603250615459
-3.934673366834172            0.6647603851065457
-3.8190954773869343           0.6647603939661629
-3.7035175879396967           0.6647603466178645
-3.5879396984924625           0.664760350925606
-3.472361809045225            0.6647603391564235
-3.3567839195979907           0.664760357068927
-3.241206030150753            0.6647603101495786
-3.125628140703519            0.664760308625446
-3.0100502512562812           0.6647603134216482
-2.8944723618090435           0.6647603132969312
-2.7788944723618094           0.6647602080351104
-2.6633165829145717           0.6647602737314198
-2.5477386934673376           0.66476029067689
-2.4321608040201              0.6647602856001145
-2.316582914572866            0.6647602849264681
-2.201005025125628            0.6647602935788715
-2.0854271356783904           0.6647602805417729
-1.9698492462311563           0.6647602347438842
-1.8542713567839186           0.664760157796907
-1.7386934673366845           0.6647601110993562
-1.6231155778894468           0.6647599094278789
-1.5075376884422127           0.6647595853365076
-1.391959798994975            0.6647586710024864
-1.2763819095477373           0.6647565530223977
-1.1608040201005032           0.6647516170651335
-1.0452261306532655           0.664740134859232
-0.9296482412060314           0.6647136999535759
-0.8140703517587937           0.6646533116682538
-0.698492462311556            0.664516362982527
-0.5829145728643219           0.6642105768678952
-0.46733668341708423          0.6635381184641272
-0.3517587939698501           0.6620885973673686
-0.23618090452261245          0.6590402381120661
-0.12060301507537828          0.6528187651928687
-0.005025125628140596         0.6405638773476452
0.11055276381909708           0.6173841747687729
0.22613065326633117           0.5754434176507757
0.34170854271356893           0.5029783295793577
0.457286432160803             0.3833349141669283
0.5728643216080407            0.19400396543145687
0.6884422110552748            -0.09450395731593035
0.8040201005025125            -0.5201834716747415
0.9195979899497502            -1.131689876802219
1.0351758793969843            -1.9913254158458058
1.150753768844222             -3.1790959143793827
1.266331658291456             -4.798265384755513
1.3819095477386938            -6.9829670700634106
1.4974874371859315            -9.908156288958464
1.6130653266331656            -13.802102622537967
1.7286432160804033            -18.962353646579817
1.8442211055276374            -25.77670512546755
1.959798994974875             -34.750770861463124
2.075376884422109             -46.544009151141054
2.190954773869347             -62.016713820375415
2.3065326633165846            -82.29130984442915
2.4221105527638187            -108.83232173059348
2.5376884422110564            -143.55071273542248
2.6532663316582905            -188.9400283023684
2.768844221105528             -250.003253599398
