-20.0                         0.6805125666318332
-19.884422110552762           0.6805134013326487
-19.768844221105528           0.6805124707130609
-19.65326633165829            0.6805115156961555
-19.537688442211056           0.6805124388133108
-19.42211055276382            0.6805123848606278
-19.306532663316585           0.6805126376039018
-19.190954773869347           0.6805115366802206
-19.07537688442211            0.6805125848514818
-18.959798994974875           0.680512324500483
-18.844221105527637           0.6805134458399072
-18.728643216080403           0.6805123278769639
-18.613065326633166           0.6805123542852286
-18.49748743718593            0.6805122874891305
-18.381909547738694           0.6805140977124257
-18.266331658291456           0.6805121280673496
-18.150753768844222           0.6805122115990249
-18.035175879396984           0.6805120254849345
-17.91959798994975            0.6805121742877678
-17.804020100502512           0.6805124757039365
-17.688442211055275           0.680512438767381
-17.57286432160804            0.6805119525580232
-17.457286432160803           0.6805119021477314
-17.34170854271357            0.6805121519696415
-17.22613065326633            0.6805122940824926
-17.110552763819094           0.6805118514386086
-16.99497487437186            0.680512188282759
-16.87939698492462            0.680512010536312
-16.763819095477388           0.6805123492629687
-16.64824120603015            0.6805119996085988
-16.532663316582916           0.6805118385306275
-16.417085427135678           0.6805119213547999
-16.301507537688444           0.6805115407193747
-16.185929648241206           0.6805119193950364
-16.07035175879397            0.680512087275784
-15.954773869346734           0.6805110629684649
-15.839195979899497           0.6805118119558332
-15.72361809045226            0.6805118605646987
-15.608040201005025           0.6805121817227782
-15.492462311557789           0.6805117709665356
-15.376884422110553           0.6805115507185032
-15.261306532663315           0.6805118735534466
-15.145728643216081           0.6805117582154865
-15.030150753768844           0.6805124937764484
-14.914572864321608           0.6805115478381744
-14.798994974874372           0.6805109644914439
-14.683417085427136           0.6805117487103375
-14.5678391959799             0.6805116898986615
-14.452261306532662           0.680511651220084
-14.336683417085428           0.6805115966114142
-14.22110552763819            0.6805117879327648
-14.105527638190955           0.6805115583657534
-13.989949748743719           0.680510793774724
-13.874371859296481           0.6805114269613108
-13.758793969849247           0.6805121631578778
-13.64321608040201            0.6805115156155545
-13.527638190954773           0.6805110372221762
-13.412060301507537           0.6805115257130185
-13.296482412060302           0.6805115627105303
-13.180904522613066           0.680511591902355
-13.065326633165828           0.6805110781987317
-12.949748743718594           0.6805115487949666
-12.834170854271356           0.6805110744465502
-12.71859296482412            0.6805116870652869
-12.603015075376884           0.6805109553960995
-12.487437185929648           0.6805115248239385
-12.371859296482413           0.6805113913165396
-12.256281407035175           0.68051156338052
-12.14070351758794            0.6805113706924888
-12.025125628140703           0.6805113776799059
-11.909547738693467           0.6805112207769086
-11.793969849246231           0.6805110885979103
-11.678391959798995           0.6805113364643538
-11.56281407035176            0.6805112975357913
-11.447236180904522           0.6805115712240268
-11.331658291457286           0.6805113600550706
-11.21608040201005            0.6805112871684325
-11.100502512562814           0.6805116496000553
-10.984924623115578           0.6805113441275003
-10.869346733668342           0.6805112126428174
-10.753768844221106           0.6805106778744962
-10.638190954773869           0.680511301748796
-10.522613065326633           0.6805111524796033
-10.407035175879397           0.680511305725658
-10.291457286432161           0.680511770260418
-10.175879396984925           0.6805111910776371
-10.06030150753769            0.6805110685180692
-9.944723618090451            0.6805111680601467
-9.829145728643216            0.6805109884856624
-9.71356783919598             0.6805114951595572
-9.597989949748744            0.6805111387305031
-9.482412060301508            0.6805111236491678
-9.366834170854272            0.6805111838554131
-9.251256281407034            0.6805111223162087
-9.135678391959798            0.6805110892779899
-9.020100502512562            0.680511237336578
-8.904522613065327            0.6805108167136982
-8.78894472361809             0.6805107127564306
-8.673366834170855            0.6805119489401565
-8.557788944723619            0.6805110663170884
-8.442211055276381            0.6805118938050971
-8.326633165829145            0.6805107325183503
-8.21105527638191             0.6805109319132422
-8.095477386934673            0.6805110542518721
-7.9798994974874375           0.680511017919023
-7.864321608040202            0.680510979790825
-7.748743718592964            0.6805109305897457
-7.633165829145728            0.6805110085316548
-7.517587939698492            0.6805108061622157
-7.402010050251256            0.6805111810315315
-7.28643216080402             0.6805109887106648
-7.170854271356784            0.6805109304098748
-7.055276381909547            0.6805106872346351
-6.939698492462311            0.6805109072293397
-6.824120603015075            0.6805109309480707
-6.708542713567839            0.6805108360116489
-6.592964824120603            0.6805108865822476
-6.477386934673367            0.6805108262445305
-6.361809045226131            0.6805108732183873
-6.246231155778894            0.6805107865216348
-6.130653266331658            0.6805108753150196
-6.015075376884422            0.6805108814721436
-5.899497487437186            0.680510934185994
-5.78391959798995             0.6805108332095894
-5.668341708542714            0.6805108419597944
-5.5527638190954764           0.6805107168275839
-5.4371859296482405           0.6805106072204504
-5.321608040201005            0.6805107255559307
-5.206030150753769            0.6805107593775525
-5.090452261306533            0.6805108141123944
-4.974874371859297            0.6805108260633008
-4.859296482412061            0.6805109753155061
-4.743718592964823            0.6805107875052265
-4.628140703517587            0.6805108604645712
-4.5125628140703515           0.6805107236824872
-4.396984924623116            0.6805107444992702
-4.28140703517588             0.6805107618413099
-4.165829145728644            0.680510738875077
-4.050251256281406            0.6805106892739502
-3.934673366834172            0.6805107520981489
-3.8190954773869343           0.6805107613041095
-3.7035175879396967           0.6805107132491364
-3.5879396984924625           0.6805107179979083
-3.472361809045225            0.6805107061326261
-3.3567839195979907           0.680510724291218
-3.241206030150753            0.6805106767656566
-3.125628140703519            0.6805106750747578
-3.0100502512562812           0.6805106798581184
-2.8944723618090435           0.680510681228034
-2.7788944723618094           0.6805105736754592
-2.6633165829145717           0.6805106410477378
-2.5477386934673376           0.680510657400983
-2.4321608040201              0.6805106523720433
-2.316582914572866            0.6805106520168391
-2.201005025125628            0.6805106613435205
-2.0854271356783904           0.6805106490609139
-1.9698492462311563           0.6805106051115567
-1.8542713567839186           0.680510532605294
-1.7386934673366845           0.6805104974174895
-1.6231155778894468           0.6805103212735243
-1.5075376884422127           0.6805100554130151
-1.391959798994975            0.6805092683383864
-1.2763819095477373           0.6805074336016166
-1.1608040201005032           0.6805031170599947
-1.0452261306532655           0.6804929778069553
-0.9296482412060314           0.6804694200966916
-0.8140703517587937           0.6804151097233821
-0.698492462311556            0.6802907648327086
-0.5829145728643219           0.6800105620678542
-0.46733668341708423          0.6793886592978664
-0.3517587939698501           0.678035822477721
-0.23618090452261245          0.675165141434729
-0.12060301507537828          0.6692549699143809
-0.005025125628140596         0.6575159549858905
0.11055276381909708           0.6351392596160907
0.22613065326633117           0.5943674491374489
0.34170854271356893           0.5234926200737783
0.457286432160803             0.40587813737539197
0.5728643216080407            0.21899231317441986
0.6884422110552748            -0.06670607488034727
0.8040201005025125            -0.4892769836639982
0.9195979899497502            -1.097441053509773
1.0351758793969843            -1.9535576292467003
1.150753768844222             -3.137677645558809
1.266331658291456             -4.753097562544142
1.3819095477386938            -6.933973274343801
1.4974874371859315            -9.855277920388787
1.6130653266331656            -13.74529642075876
1.7286432160804033            -18.901588574898902
1.8442211055276374            -25.711958934060444
1.959798994974875             -34.682027398604276
2.075376884422109             -46.4712565434831
2.190954773869347             -61.9399432533725
2.3065326633165846            -82.2105147250423
2.4221105527638187            -108.74749709907684
2.5376884422110564            -143.461854844353
2.6532663316582905            -188.84713431090526
2.768844221105528             -249.9063440516593
