-20.0                         1.1078079109716943
-19.884422110552762           1.1078090050737943
-19.768844221105528           1.107807771083897
-19.65326633165829            1.107806733920204
-19.537688442211056           1.1078078630908634
-19.42211055276382            1.1078076067617184
-19.306532663316585           1.1078079057485433
-19.190954773869347           1.107806347776766
-19.07537688442211            1.1078080361896092
-18.959798994974875           1.1078076820027611
-18.844221105527637           1.107808965061736
-18.728643216080403           1.1078074837402725
-18.613065326633166           1.1078078710894232
-18.49748743718593            1.1078075798423463
-18.381909547738694           1.1078100003222606
-18.266331658291456           1.107807455622853
-18.150753768844222           1.1078075294116683
-18.035175879396984           1.1078077962165727
-17.91959798994975            1.1078074802392772
-17.804020100502512           1.1078079924142952
-17.688442211055275           1.107807615412534
-17.57286432160804            1.1078071752167018
-17.457286432160803           1.1078072350378787
-17.34170854271357            1.10780736304305
-17.22613065326633            1.1078073781074498
-17.110552763819094           1.1078071947611865
-16.99497487437186            1.1078076753345791
-16.87939698492462            1.1078070249954945
-16.763819095477388           1.107807913438652
-16.64824120603015            1.1078071597569499
-16.532663316582916           1.1078073508267787
-16.417085427135678           1.1078072223806499
-16.301507537688444           1.1078066065431365
-16.185929648241206           1.1078072346073102
-16.07035175879397            1.1078075221385855
-15.954773869346734           1.1078061056347783
-15.839195979899497           1.1078071497424422
-15.72361809045226            1.107807286206676
-15.608040201005025           1.1078080461353155
-15.492462311557789           1.1078071465865176
-15.376884422110553           1.1078071553812614
-15.261306532663315           1.1078072298686852
-15.145728643216081           1.1078071615581428
-15.030150753768844           1.1078080165746589
-14.914572864321608           1.1078068779693235
-14.798994974874372           1.1078061443903677
-14.683417085427136           1.107807159715191
-14.5678391959799             1.1078070902885013
-14.452261306532662           1.1078070497058257
-14.336683417085428           1.1078069509619328
-14.22110552763819            1.1078075380847745
-14.105527638190955           1.1078069021622932
-13.989949748743719           1.1078059776374758
-13.874371859296481           1.1078067407311578
-13.758793969849247           1.1078074252982766
-13.64321608040201            1.1078068433917996
-13.527638190954773           1.1078061191030977
-13.412060301507537           1.1078068937401206
-13.296482412060302           1.107806644314416
-13.180904522613066           1.1078070517043437
-13.065326633165828           1.107806512236252
-12.949748743718594           1.1078068675158208
-12.834170854271356           1.1078063916336813
-12.71859296482412            1.1078070688469475
-12.603015075376884           1.1078063198082648
-12.487437185929648           1.1078068954819627
-12.371859296482413           1.107806639924293
-12.256281407035175           1.1078069735877683
-12.14070351758794            1.1078067439598047
-12.025125628140703           1.1078064973948865
-11.909547738693467           1.107806555019406
-11.793969849246231           1.107806494794687
-11.678391959798995           1.1078067282135053
-11.56281407035176            1.1078066584964328
-11.447236180904522           1.1078070508384246
-11.331658291457286           1.1078067214023757
-11.21608040201005            1.1078066430228148
-11.100502512562814           1.1078069369697388
-10.984924623115578           1.1078067108021776
-10.869346733668342           1.1078065767747671
-10.753768844221106           1.1078058912799456
-10.638190954773869           1.1078067350023286
-10.522613065326633           1.1078064813929234
-10.407035175879397           1.1078067133767884
-10.291457286432161           1.1078074491229524
-10.175879396984925           1.107806544372096
-10.06030150753769            1.1078064091671638
-9.944723618090451            1.10780656110591
-9.829145728643216            1.1078061651007385
-9.71356783919598             1.10780704991283
-9.597989949748744            1.1078065408446693
-9.482412060301508            1.107806500852487
-9.366834170854272            1.107806608059222
-9.251256281407034            1.107806506898173
-9.135678391959798            1.107806434298647
-9.020100502512562            1.1078066186038424
-8.904522613065327            1.107806035710117
-8.78894472361809             1.1078059615489624
-8.673366834170855            1.1078075614879324
-8.557788944723619            1.1078064766266849
-8.442211055276381            1.1078074972062444
-8.326633165829145            1.1078059915557035
-8.21105527638191             1.1078061567327027
-8.095477386934673            1.1078065331622706
-7.9798994974874375           1.1078064050245362
-7.864321608040202            1.107806361625614
-7.748743718592964            1.1078062832907387
-7.633165829145728            1.1078064166080557
-7.517587939698492            1.1078061429286934
-7.402010050251256            1.107806678402211
-7.28643216080402             1.1078063691492024
-7.170854271356784            1.107806299328766
-7.055276381909547            1.107806030863174
-6.939698492462311            1.1078062936107735
-6.824120603015075            1.1078063104877518
-6.708542713567839            1.107806136943991
-6.592964824120603            1.1078062871823493
-6.477386934673367            1.1078062771044834
-6.361809045226131            1.1078062787482341
-6.246231155778894            1.1078061619841133
-6.130653266331658            1.1078062450562405
-6.015075376884422            1.1078062439057843
-5.899497487437186            1.1078063048003381
-5.78391959798995             1.1078061924194453
-5.668341708542714            1.1078062187814486
-5.5527638190954764           1.107806061687288
-5.4371859296482405           1.1078059209249371
-5.321608040201005            1.1078060492257344
-5.206030150753769            1.1078061425846364
-5.090452261306533            1.1078062491831242
-4.974874371859297            1.1078061417255984
-4.859296482412061            1.107806357736136
-4.743718592964823            1.1078061560759298
-4.628140703517587            1.1078062646888622
-4.5125628140703515           1.107806105032996
-4.396984924623116            1.1078061133534158
-4.28140703517588             1.1078061376716712
-4.165829145728644            1.1078061172221625
-4.050251256281406            1.107806007509698
-3.934673366834172            1.1078061396387313
-3.8190954773869343           1.107806158389716
-3.7035175879396967           1.1078060938296834
-3.5879396984924625           1.1078061119020344
-3.472361809045225            1.1078060973217145
-3.3567839195979907           1.1078061157367602
-3.241206030150753            1.107806068148982
-3.125628140703519            1.107806051540626
-3.0100502512562812           1.1078060542454475
-2.8944723618090435           1.1078061008734115
-2.7788944723618094           1.1078059312328257
-2.6633165829145717           1.1078060446861142
-2.5477386934673376           1.1078060398505574
-2.4321608040201              1.1078060332532278
-2.316582914572866            1.1078060381603088
-2.201005025125628            1.107806051791231
-2.0854271356783904           1.1078060389662465
-1.9698492462311563           1.1078059987818236
-1.8542713567839186           1.1078059380535248
-1.7386934673366845           1.1078059634510702
-1.6231155778894468           1.107805915528554
-1.5075376884422127           1.107805988962719
-1.391959798994975            1.1078059416652024
-1.2763819095477373           1.1078059060515357
-1.1608040201005032           1.1078057611245617
-1.0452261306532655           1.1078052886724843
-0.9296482412060314           1.1078039379999067
-0.8140703517587937           1.1078001838622549
-0.698492462311556            1.1077890254156957
-0.5829145728643219           1.1077579761448253
-0.46733668341708423          1.1076719991233936
-0.3517587939698501           1.1074389802381612
-0.23618090452261245          1.1068242291747312
-0.12060301507537828          1.105256654892847
-0.005025125628140596         1.1014262433941473
0.11055276381909708           1.09254001422363
0.22613065326633117           1.0731426161924404
0.34170854271356893           1.0335757936007153
0.457286432160803             0.9583820672341807
0.5728643216080407            0.8250003506691523
0.6884422110552748            0.6027876100311507
0.8040201005025125            0.2519729720922877
0.9195979899497502            -0.277997234757577
1.0351758793969843            -1.0511167680611277
1.150753768844222             -2.1487270120190347
1.266331658291456             -3.6750438211945937
1.3819095477386938            -5.764851157150158
1.4974874371859315            -8.593600519914474
1.6130653266331656            -12.389978549597135
1.7286432160804033            -17.451860039269548
1.8442211055276374            -24.167272700635042
1.959798994974875             -33.041989228692564
2.075376884422109             -44.7355782094455
2.190954773869347             -60.108411663955245
2.3065326633165846            -80.2829709930421
2.4221105527638187            -106.72382198314732
2.5376884422110564            -141.3419584131433
2.6532663316582905            -186.63094848381107
2.768844221105528             -247.59435912703617
