-20.0                         1.0160992572039522
-19.884422110552762           1.016100292523547
-19.768844221105528           1.0160991257136778
-19.65326633165829            1.0160980955071
-19.537688442211056           1.0160991791476683
-19.42211055276382            1.0160989712831954
-19.306532663316585           1.0160992761518541
-19.190954773869347           1.0160977893876004
-19.07537688442211            1.0160993562202596
-18.959798994974875           1.016099017250565
-18.844221105527637           1.0161002946192645
-18.728643216080403           1.0160988709278835
-18.613065326633166           1.0160991718222867
-18.49748743718593            1.016098935376514
-18.381909547738694           1.016101242461568
-18.266331658291456           1.016098797955511
-18.150753768844222           1.0160988740983132
-18.035175879396984           1.0160990361449602
-17.91959798994975            1.0160988328208798
-17.804020100502512           1.0160993010902137
-17.688442211055275           1.0160990070239457
-17.57286432160804            1.0160985287979283
-17.457286432160803           1.016098575763444
-17.34170854271357            1.0160987392042393
-17.22613065326633            1.0160987857684196
-17.110552763819094           1.0160985313916702
-16.99497487437186            1.0160989905288198
-16.87939698492462            1.0160984399347524
-16.763819095477388           1.0160992083989446
-16.64824120603015            1.0160985407749694
-16.532663316582916           1.0160986395830638
-16.417085427135678           1.0160985705354775
-16.301507537688444           1.016097994362344
-16.185929648241206           1.0160985807361713
-16.07035175879397            1.0160988460172355
-15.954773869346734           1.0160975049299799
-15.839195979899497           1.0160984902733825
-15.72361809045226            1.0160986035291382
-15.608040201005025           1.0160992762830547
-15.492462311557789           1.0160984789133962
-15.376884422110553           1.0160984258305743
-15.261306532663315           1.0160985687902602
-15.145728643216081           1.016098487952802
-15.030150753768844           1.0160993359381811
-14.914572864321608           1.0160982193945485
-14.798994974874372           1.0160975090843989
-14.683417085427136           1.016098485017396
-14.5678391959799             1.016098411888057
-14.452261306532662           1.016098371217511
-14.336683417085428           1.0160982875984734
-14.22110552763819            1.016098788428398
-14.105527638190955           1.0160982386235489
-13.989949748743719           1.0160973473219788
-13.874371859296481           1.016098085689879
-13.758793969849247           1.0160987862996753
-13.64321608040201            1.0160981841856402
-13.527638190954773           1.0160975073143805
-13.412060301507537           1.0160982260290274
-13.296482412060302           1.0160980415549814
-13.180904522613066           1.0160983662231415
-13.065326633165828           1.0160978256295186
-12.949748743718594           1.0160982136102845
-12.834170854271356           1.0160977347987554
-12.71859296482412            1.0160984023300192
-12.603015075376884           1.0160976479191537
-12.487437185929648           1.0160982316449763
-12.371859296482413           1.0160979991840937
-12.256281407035175           1.0160983027709092
-12.14070351758794            1.016098076409454
-12.025125628140703           1.0160978855829503
-11.909547738693467           1.016097895807193
-11.793969849246231           1.0160978103748755
-11.678391959798995           1.0160980560480868
-11.56281407035176            1.0160979939020478
-11.447236180904522           1.0160983621763535
-11.331658291457286           1.0160980579155667
-11.21608040201005            1.0160979795046763
-11.100502512562814           1.0160982909883574
-10.984924623115578           1.0160980464472933
-10.869346733668342           1.0160979112415427
-10.753768844221106           1.016097255840803
-10.638190954773869           1.0160980549020175
-10.522613065326633           1.0160978229147481
-10.407035175879397           1.0160980438517042
-10.291457286432161           1.0160987220506108
-10.175879396984925           1.016097882171433
-10.06030150753769            1.016097748792597
-9.944723618090451            1.0160978881275597
-9.829145728643216            1.016097538054422
-9.71356783919598             1.0160983519092106
-9.597989949748744            1.0160978670158973
-9.482412060301508            1.016097832048443
-9.366834170854272            1.0160979315804146
-9.251256281407034            1.0160978373627816
-9.135678391959798            1.0160977725302327
-9.020100502512562            1.0160979569054442
-8.904522613065327            1.016097398412927
-8.78894472361809             1.0160973195391114
-8.673366834170855            1.016098847252658
-8.557788944723619            1.016097801923956
-8.442211055276381            1.0160987847844747
-8.326633165829145            1.0160973476197674
-8.21105527638191             1.016097520714874
-8.095477386934673            1.0160978438146684
-7.9798994974874375           1.0160977365932145
-7.864321608040202            1.016097692767576
-7.748743718592964            1.0160976206617498
-7.633165829145728            1.016097742601933
-7.517587939698492            1.0160974790475465
-7.402010050251256            1.0160979902007394
-7.28643216080402             1.016097701541965
-7.170854271356784            1.0160976332552984
-7.055276381909547            1.0160973673964544
-6.939698492462311            1.0160976234149746
-6.824120603015075            1.0160976427845443
-6.708542713567839            1.016097485102035
-6.592964824120603            1.016097614200788
-6.477386934673367            1.0160975919949171
-6.361809045226131            1.0160976042333913
-6.246231155778894            1.0160974943651968
-6.130653266331658            1.016097579940996
-6.015075376884422            1.0160975818416609
-5.899497487437186            1.016097642587056
-5.78391959798995             1.0160975287009142
-5.668341708542714            1.0160975512195831
-5.5527638190954764           1.0160973978903574
-5.4371859296482405           1.016097265898891
-5.321608040201005            1.0160973907942037
-5.206030150753769            1.0160974711970547
-5.090452261306533            1.0160975689604312
-4.974874371859297            1.016097488452473
-4.859296482412061            1.0160976911081003
-4.743718592964823            1.0160974911635436
-4.628140703517587            1.0160975917511754
-4.5125628140703515           1.0160974344762719
-4.396984924623116            1.016097447592141
-4.28140703517588             1.0160974709230757
-4.165829145728644            1.0160974490521872
-4.050251256281406            1.0160973520441325
-3.934673366834172            1.0160974703511112
-3.8190954773869343           1.016097487011037
-3.7035175879396967           1.0160974256475586
-3.5879396984924625           1.0160974407260155
-3.472361809045225            1.016097426693169
-3.3567839195979907           1.0160974461607908
-3.241206030150753            1.016097395957599
-3.125628140703519            1.016097384067838
-3.0100502512562812           1.0160973874276626
-2.8944723618090435           1.0160974237372895
-2.7788944723618094           1.0160972674332944
-2.6633165829145717           1.016097370841471
-2.5477386934673376           1.0160973711915344
-2.4321608040201              1.0160973651757645
-2.316582914572866            1.016097368934471
-2.201005025125628            1.0160973827104154
-2.0854271356783904           1.0160973705937792
-1.9698492462311563           1.016097331001808
-1.8542713567839186           1.0160972719554318
-1.7386934673366845           1.016097295376818
-1.6231155778894468           1.0160972468815943
-1.5075376884422127           1.01609730917485
-1.391959798994975            1.0160972452876535
-1.2763819095477373           1.0160971503559073
-1.1608040201005032           1.016096853468509
-1.0452261306532655           1.016095978004784
-0.9296482412060314           1.0160935695403936
-0.8140703517587937           1.016087045570312
-0.698492462311556            1.0160688272950518
-0.5829145728643219           1.0160200793103962
-0.46733668341708423          1.01589088772745
-0.3517587939698501           1.0155557015570964
-0.23618090452261245          1.0147089755349141
-0.12060301507537828          1.0126406281404328
-0.005025125628140596         1.0077943521559498
0.11055276381909708           0.996995559833837
0.22613065326633117           0.9742934356910299
0.34170854271356893           0.9295231495405508
0.457286432160803             0.8468678740848568
0.5728643216080407            0.7036754761800312
0.6884422110552748            0.4694840378590718
0.8040201005025125            0.10487654874463591
0.9195979899497502            -0.4402973724817368
1.0351758793969843            -1.2296650704279317
1.150753768844222             -2.344278091450099
1.266331658291456             -3.8881469160828916
1.3819095477386938            -5.995917163550196
1.4974874371859315            -8.842937268734413
1.6130653266331656            -12.657808806776167
1.7286432160804033            -17.738340636579153
1.8442211055276374            -24.472514248912386
1.959798994974875             -33.36607100590413
2.075376884422109             -45.07855793428279
2.190954773869347             -60.4703318740896
2.3065326633165846            -80.66386332976435
2.4221105527638187            -107.12371014917692
2.5376884422110564            -141.76086026007192
2.6532663316582905            -187.0688775114281
2.768844221105528             -248.05121842351858
