-20.0                         1.3098738082426176
-19.884422110552762           1.3098750394288832
-19.768844221105528           1.3098736532473707
-19.65326633165829            1.30987261626477
-19.537688442211056           1.3098738510916295
-19.42211055276382            1.3098734789994164
-19.306532663316585           1.3098737403374687
-19.190954773869347           1.30987206719842
-19.07537688442211            1.309873997754509
-18.959798994974875           1.3098736172135068
-18.844221105527637           1.3098748695516857
-18.728643216080403           1.3098732974851997
-18.613065326633166           1.3098738835202952
-18.49748743718593            1.3098734623549797
-18.381909547738694           1.3098761049033087
-18.266331658291456           1.309873375299113
-18.150753768844222           1.3098734433750179
-18.035175879396984           1.3098739516821907
-17.91959798994975            1.309873368554719
-17.804020100502512           1.3098739734688467
-17.688442211055275           1.3098734035169208
-17.57286432160804            1.3098730941763332
-17.457286432160803           1.3098731583300136
-17.34170854271357            1.3098731982801557
-17.22613065326633            1.309873139084568
-17.110552763819094           1.3098731299576036
-16.99497487437186            1.3098736373109174
-16.87939698492462            1.3098727826894083
-16.763819095477388           1.3098739308720504
-16.64824120603015            1.3098729966748541
-16.532663316582916           1.3098734085945039
-16.417085427135678           1.3098731285679324
-16.301507537688444           1.309872447197502
-16.185929648241206           1.3098731479049384
-16.07035175879397            1.3098734731009003
-15.954773869346734           1.3098719049015768
-15.839195979899497           1.3098730726313017
-15.72361809045226            1.3098732682432541
-15.608040201005025           1.309874201289185
-15.492462311557789           1.309873087368813
-15.376884422110553           1.3098732495647472
-15.261306532663315           1.309873154298075
-15.145728643216081           1.3098731141720512
-15.030150753768844           1.3098739568405953
-14.914572864321608           1.3098727995715866
-14.798994974874372           1.3098720280519973
-14.683417085427136           1.3098731154597387
-14.5678391959799             1.3098730633302205
-14.452261306532662           1.3098730242692946
-14.336683417085428           1.3098728831197428
-14.22110552763819            1.309873657004483
-14.105527638190955           1.309872838490018
-13.989949748743719           1.3098718411473194
-13.874371859296481           1.3098726545170245
-13.758793969849247           1.3098732981789105
-13.64321608040201            1.3098727692485599
-13.527638190954773           1.3098719480564303
-13.412060301507537           1.3098728374749993
-13.296482412060302           1.3098724423491521
-13.180904522613066           1.3098730295413816
-13.065326633165828           1.3098725041505672
-12.949748743718594           1.3098727764246656
-12.834170854271356           1.30987231080371
-12.71859296482412            1.3098730039074384
-12.603015075376884           1.3098722795932347
-12.487437185929648           1.3098728241120168
-12.371859296482413           1.3098725264930298
-12.256281407035175           1.3098729129455078
-12.14070351758794            1.309872685401285
-12.025125628140703           1.309872316149668
-11.909547738693467           1.3098724776974078
-11.793969849246231           1.3098724883618917
-11.678391959798995           1.3098726799045142
-11.56281407035176            1.3098725926849446
-11.447236180904522           1.3098730361449387
-11.331658291457286           1.309872651610806
-11.21608040201005            1.309872575665836
-11.100502512562814           1.3098728269720252
-10.984924623115578           1.309872642548539
-10.869346733668342           1.3098725133965854
-10.753768844221106           1.3098717644666436
-10.638190954773869           1.3098727017692853
-10.522613065326633           1.3098724033041524
-10.407035175879397           1.3098726483480876
-10.291457286432161           1.3098735109465491
-10.175879396984925           1.309872472970631
-10.06030150753769            1.3098723341236578
-9.944723618090451            1.3098725168291268
-9.829145728643216            1.3098720206436638
-9.71356783919598             1.309873042946046
-9.597989949748744            1.3098724951593925
-9.482412060301508            1.3098724453408293
-9.366834170854272            1.309872565250794
-9.251256281407034            1.309872452080499
-9.135678391959798            1.3098723650697028
-9.020100502512562            1.3098725347607354
-8.904522613065327            1.309871914859582
-8.78894472361809             1.3098718478634936
-8.673366834170855            1.3098735992539305
-8.557788944723619            1.3098724323564188
-8.442211055276381            1.309873531170901
-8.326633165829145            1.3098718817556194
-8.21105527638191             1.3098720299540527
-8.095477386934673            1.3098725183919215
-7.9798994974874375           1.3098723439427231
-7.864321608040202            1.3098723045280678
-7.748743718592964            1.3098722127769944
-7.633165829145728            1.3098723698878751
-7.517587939698492            1.3098720831228303
-7.402010050251256            1.3098726544144699
-7.28643216080402             1.30987230824736
-7.170854271356784            1.3098722364163486
-7.055276381909547            1.3098719662982063
-6.939698492462311            1.3098722400202625
-6.824120603015075            1.3098722501596936
-6.708542713567839            1.3098720431620385
-6.592964824120603            1.3098722396402627
-6.477386934673367            1.3098722582310198
-6.361809045226131            1.3098722351155028
-6.246231155778894            1.3098721026122315
-6.130653266331658            1.3098721784365843
-6.015075376884422            1.3098721681226317
-5.899497487437186            1.3098722269368712
-5.78391959798995             1.3098721242575624
-5.668341708542714            1.3098721587473412
-5.5527638190954764           1.3098719987510232
-5.4371859296482405           1.3098718346832763
-5.321608040201005            1.3098719735729751
-5.206030150753769            1.3098720951783243
-5.090452261306533            1.3098722159779026
-4.974874371859297            1.3098720493514775
-4.859296482412061            1.3098722930146551
-4.743718592964823            1.3098720893635911
-4.628140703517587            1.3098722159031624
-4.5125628140703515           1.3098720551031007
-4.396984924623116            1.3098720499068477
-4.28140703517588             1.309872075313559
-4.165829145728644            1.3098720592999036
-4.050251256281406            1.3098719220024644
-3.934673366834172            1.3098720825490917
-3.8190954773869343           1.3098721059697909
-3.7035175879396967           1.309872034846351
-3.5879396984924625           1.3098720595126077
-3.472361809045225            1.3098720439663816
-3.3567839195979907           1.309872057857921
-3.241206030150753            1.3098720207099463
-3.125628140703519            1.3098719914274586
-3.0100502512562812           1.3098719924991984
-2.8944723618090435           1.309872062558167
-2.7788944723618094           1.3098718634751096
-2.6633165829145717           1.3098719993685906
-2.5477386934673376           1.3098719820901485
-2.4321608040201              1.3098719738128757
-2.316582914572866            1.3098719815848905
-2.201005025125628            1.3098719935004728
-2.0854271356783904           1.3098719796543887
-1.9698492462311563           1.3098719390923068
-1.8542713567839186           1.3098718748916272
-1.7386934673366845           1.3098719035893565
-1.6231155778894468           1.30987185139437
-1.5075376884422127           1.3098719373809113
-1.391959798994975            1.3098718959656277
-1.2763819095477373           1.309871908864022
-1.1608040201005032           1.3098718860030067
-1.0452261306532655           1.3098717553930495
-0.9296482412060314           1.3098713506253976
-0.8140703517587937           1.309870257790503
-0.698492462311556            1.3098662932154472
-0.5829145728643219           1.30985448188816
-0.46733668341708423          1.309818625175184
-0.3517587939698501           1.3097121455543446
-0.23618090452261245          1.3094044546232428
-0.12060301507537828          1.3085456300777294
-0.005025125628140596         1.3062520959779416
0.11055276381909708           1.300453447921928
0.22613065326633117           1.2867264000684007
0.34170854271356893           1.2565852291192172
0.457286432160803             1.1955294207955405
0.5728643216080407            1.0813890932083898
0.6884422110552748            0.8832502785872542
0.8040201005025125            0.5606039567134643
0.9195979899497502            0.061993209411428905
1.0351758793969843            -0.6774155370880319
1.150753768844222             -1.7396312258017073
1.266331658291456             -3.2293413634927757
1.3819095477386938            -5.281644383092047
1.4974874371859315            -8.072222132931431
1.6130653266331656            -11.82994883325354
1.7286432160804033            -16.8528433845857
1.8442211055276374            -23.529033700405673
1.959798994974875             -32.36435987935727
2.075376884422109             -44.01843658904942
2.190954773869347             -59.35166813652944
2.3065326633165846            -79.48655900641744
2.4221105527638187            -105.88769175239108
2.5376884422110564            -140.4660724829323
2.6532663316582905            -185.715278552582
2.768844221105528             -246.63910787075477
