-20.0                         0.838029813537638
-19.884422110552762           0.8380307403133214
-19.768844221105528           0.8380297003076671
-19.65326633165829            0.8380286991617623
-19.537688442211056           0.8380296973921822
-19.42211055276382            0.8380295758701842
-19.306532663316585           0.8380298684875742
-19.190954773869347           0.8380285598377489
-19.07537688442211            0.8380298669727876
-18.959798994974875           0.8380295647813637
-18.844221105527637           0.8380307888144585
-18.728643216080403           0.8380295079208243
-18.613065326633166           0.8380296529310635
-18.49748743718593            0.838029513213007
-18.381909547738694           0.8380315745557892
-18.266331658291456           0.8380293584708544
-18.150753768844222           0.8380294388280322
-18.035175879396984           0.8380294082081294
-17.91959798994975            0.8380294047992407
-17.804020100502512           0.8380297855525894
-17.688442211055275           0.8380296391167272
-17.57286432160804            0.8380291296375149
-17.457286432160803           0.838029133697363
-17.34170854271357            0.8380293531904864
-17.22613065326633            0.8380294553285372
-17.110552763819094           0.8380290840794916
-16.99497487437186            0.8380294862528357
-16.87939698492462            0.8380291351893647
-16.763819095477388           0.8380296716710295
-16.64824120603015            0.8380291740470008
-16.532663316582916           0.8380291164566034
-16.417085427135678           0.8380291420924073
-16.301507537688444           0.8380286602474439
-16.185929648241206           0.8380291477863018
-16.07035175879397            0.8380293633874785
-15.954773869346734           0.8380281817754637
-15.839195979899497           0.8380290466832907
-15.72361809045226            0.8380291217100814
-15.608040201005025           0.8380296127528606
-15.492462311557789           0.8380290194708049
-15.376884422110553           0.8380288642601442
-15.261306532663315           0.8380291189814787
-15.145728643216081           0.8380290166896952
-15.030150753768844           0.8380298238656169
-14.914572864321608           0.838028778535354
-14.798994974874372           0.8380281263296154
-14.683417085427136           0.8380290111405347
-14.5678391959799             0.8380289398484948
-14.452261306532662           0.838028899864022
-14.336683417085428           0.8380288370035553
-14.22110552763819            0.8380291708682924
-14.105527638190955           0.8380287913176634
-13.989949748743719           0.8380279656854304
-13.874371859296481           0.8380286516604177
-13.758793969849247           0.8380293768457837
-13.64321608040201            0.8380287440954457
-13.527638190954773           0.8380281669213563
-13.412060301507537           0.8380287690731129
-13.296482412060302           0.8380287064061427
-13.180904522613066           0.8380288714039895
-13.065326633165828           0.838028338599111
-12.949748743718594           0.8380287788677178
-12.834170854271356           0.8380282987650293
-12.71859296482412            0.8380289417090468
-12.603015075376884           0.8380281897776586
-12.487437185929648           0.8380287757064104
-12.371859296482413           0.8380285936840246
-12.256281407035175           0.8380288304431285
-12.14070351758794            0.8380286178748021
-12.025125628140703           0.8380285339719016
-11.909547738693467           0.8380284533686951
-11.793969849246231           0.8380283334203665
-11.678391959798995           0.838028589327416
-11.56281407035176            0.8380285405388141
-11.447236180904522           0.8380288601455652
-11.331658291457286           0.838028605080875
-11.21608040201005            0.8380285284421729
-11.100502512562814           0.8380288700512863
-10.984924623115578           0.8380285915409574
-10.869346733668342           0.8380284564693865
-10.753768844221106           0.8380278625675133
-10.638190954773869           0.8380285711329916
-10.522613065326633           0.8380283825704824
-10.407035175879397           0.8380285728210375
-10.291457286432161           0.8380291387280723
-10.175879396984925           0.8380284325562298
-10.06030150753769            0.8380283038017359
-9.944723618090451            0.838028420939919
-9.829145728643216            0.8380281608692751
-9.71356783919598             0.8380288211091493
-9.597989949748744            0.8380283961850485
-9.482412060301508            0.8380283716039313
-9.366834170854272            0.8380284525310436
-9.251256281407034            0.8380283743323594
-9.135678391959798            0.8380283260432099
-9.020100502512562            0.8380284983458073
-8.904522613065327            0.8380280027771123
-8.78894472361809             0.8380279120890828
-8.673366834170855            0.8380292914740572
-8.557788944723619            0.8380283282570025
-8.442211055276381            0.8380292327334279
-8.326633165829145            0.83802793605257
-8.21105527638191             0.8380281241071782
-8.095477386934673            0.8380283409309454
-7.9798994974874375           0.8380282729344831
-7.864321608040202            0.8380282307569759
-7.748743718592964            0.838028170833286
-7.633165829145728            0.8380282698474283
-7.517587939698492            0.8380280338583168
-7.402010050251256            0.8380284823130492
-7.28643216080402             0.8380282406553299
-7.170854271356784            0.8380281767178352
-7.055276381909547            0.8380279199388142
-6.939698492462311            0.8380281593627893
-6.824120603015075            0.8380281821337646
-6.708542713567839            0.8380280566919899
-6.592964824120603            0.8380281443918111
-6.477386934673367            0.8380281005590584
-6.361809045226131            0.838028132101775
-6.246231155778894            0.8380280349954965
-6.130653266331658            0.8380281236228666
-6.015075376884422            0.838028129183204
-5.899497487437186            0.8380281873109128
-5.78391959798995             0.8380280764295172
-5.668341708542714            0.8380280914764884
-5.5527638190954764           0.8380279501532732
-5.4371859296482405           0.838027831898514
-5.321608040201005            0.8380279523768199
-5.206030150753769            0.8380280077595036
-5.090452261306533            0.8380280845274466
-4.974874371859297            0.838028055000804
-4.859296482412061            0.8380282302349852
-4.743718592964823            0.8380280353568588
-4.628140703517587            0.838028120869012
-4.5125628140703515           0.8380279720033392
-4.396984924623116            0.8380279913501203
-4.28140703517588             0.8380280119458189
-4.165829145728644            0.8380279886239097
-4.050251256281406            0.8380279165990897
-3.934673366834172            0.8380280063966313
-3.8190954773869343           0.8380280190696419
-3.7035175879396967           0.8380279644002706
-3.5879396984924625           0.8380279738166727
-3.472361809045225            0.838027960939122
-3.3567839195979907           0.8380279806853024
-3.241206030150753            0.8380279294644774
-3.125628140703519            0.8380279244943944
-3.0100502512562812           0.8380279288470783
-2.8944723618090435           0.8380279459573966
-2.7788944723618094           0.838027815516952
-2.6633165829145717           0.8380278996776573
-2.5477386934673376           0.8380279091813888
-2.4321608040201              0.8380279039711033
-2.316582914572866            0.8380279057092124
-2.201005025125628            0.8380279184775924
-2.0854271356783904           0.8380279077591154
-1.9698492462311563           0.8380278692213627
-1.8542713567839186           0.8380278115815096
-1.7386934673366845           0.8380278248512462
-1.6231155778894468           0.8380277575584071
-1.5075376884422127           0.8380277563968646
-1.391959798994975            0.8380275584843659
-1.2763819095477373           0.838027099852793
-1.1608040201005032           0.8380259099807271
-1.0452261306532655           0.8380228311032628
-0.9296482412060314           0.8380150416562152
-0.8140703517587937           0.8379955003642849
-0.698492462311556            0.8379464344703413
-0.5829145728643219           0.8378259419799403
-0.46733668341708423          0.8375341529492829
-0.3517587939698501           0.8368420621308322
-0.23618090452261245          0.8352425746672348
-0.12060301507537828          0.8316631215270712
-0.005025125628140596         0.8239602835417856
0.11055276381909708           0.808130657110435
0.22613065326633117           0.7772472336101988
0.34170854271356893           0.7202501168623584
0.457286432160803             0.6207838632912642
0.5728643216080407            0.4561732954633305
0.6884422110552748            0.19639900187371878
0.8040201005025125            -0.197245433852189
0.9195979899497502            -0.7741424311214486
1.0351758793969843            -1.5972332003154663
1.150753768844222             -2.7470277931517275
1.266331658291456             -4.327151478581943
1.3819095477386938            -6.471987575026596
1.4974874371859315            -9.356685730262354
1.6130653266331656            -13.209681237292466
1.7286432160804033            -18.32865291989054
1.8442211055276374            -25.10149037086697
1.959798994974875             -34.03387217813626
2.075376884422109             -45.78530190042171
2.190954773869347             -61.21610561738681
2.3065326633165846            -81.44873166972927
2.4221105527638187            -107.94772170976147
2.5376884422110564            -142.62405170078176
2.6532663316582905            -187.97127657732906
2.768844221105528             -248.99262545869448
