-20.0                         1.3894339102122033
-19.884422110552762           1.389435198070061
-19.768844221105528           1.3894337507697672
-19.65326633165829            1.3894327186442192
-19.537688442211056           1.3894339972382799
-19.42211055276382            1.3894335764633277
-19.306532663316585           1.389433815114822
-19.190954773869347           1.3894321102372145
-19.07537688442211            1.3894341273648358
-18.959798994974875           1.3894337386166984
-18.844221105527637           1.3894349648194644
-18.728643216080403           1.3894333702734918
-18.613065326633166           1.3894340358982362
-18.49748743718593            1.389433560987266
-18.381909547738694           1.3894362811626755
-18.266331658291456           1.3894334909055028
-18.150753768844222           1.3894335564790659
-18.035175879396984           1.3894341633195393
-17.91959798994975            1.3894334690726275
-17.804020100502512           1.3894341085639548
-17.688442211055275           1.3894334603593652
-17.57286432160804            1.3894332185783627
-17.457286432160803           1.3894332752303886
-17.34170854271357            1.38943327829685
-17.22613065326633            1.389433188358114
-17.110552763819094           1.3894332525359356
-16.99497487437186            1.3894337624953679
-16.87939698492462            1.389432835023468
-16.763819095477388           1.3894340824027134
-16.64824120603015            1.3894330818767786
-16.532663316582916           1.3894335846299655
-16.417085427135678           1.389433238508465
-16.301507537688444           1.389432539547806
-16.185929648241206           1.3894332625191403
-16.07035175879397            1.389433597469669
-15.954773869346734           1.389431974580795
-15.839195979899497           1.389433189214545
-15.72361809045226            1.3894334108859872
-15.608040201005025           1.3894344042697424
-15.492462311557789           1.3894332108353944
-15.376884422110553           1.3894334385936886
-15.261306532663315           1.3894332711747015
-15.145728643216081           1.3894332416175725
-15.030150753768844           1.3894340703834471
-14.914572864321608           1.3894329157596366
-14.798994974874372           1.3894321337552356
-14.683417085427136           1.3894332447873046
-14.5678391959799             1.389433202179998
-14.452261306532662           1.3894331642831266
-14.336683417085428           1.3894330035894469
-14.22110552763819            1.3894338487875684
-14.105527638190955           1.3894329618296997
-13.989949748743719           1.3894319357905565
-13.874371859296481           1.3894327676180895
-13.758793969849247           1.389433393585362
-13.64321608040201            1.3894328882487557
-13.527638190954773           1.3894320313536375
-13.412060301507537           1.3894329630862507
-13.296482412060302           1.389432510200282
-13.180904522613066           1.3894331664828625
-13.065326633165828           1.3894326508884518
-12.949748743718594           1.3894328869722847
-12.834170854271356           1.389432426484368
-12.71859296482412            1.389433124149487
-12.603015075376884           1.3894324137771337
-12.487437185929648           1.3894329416992712
-12.371859296482413           1.3894326312448493
-12.256281407035175           1.3894330328120041
-12.14070351758794            1.3894328094726478
-12.025125628140703           1.3894323923231011
-11.909547738693467           1.3894325942049006
-11.793969849246231           1.3894326379313706
-11.678391959798995           1.3894328077960139
-11.56281407035176            1.3894327136629407
-11.447236180904522           1.389433176605858
-11.331658291457286           1.3894327705113407
-11.21608040201005            1.3894326964951822
-11.100502512562814           1.3894329296096635
-10.984924623115578           1.389432761933373
-10.869346733668342           1.3894326353884698
-10.753768844221106           1.389431862408988
-10.638190954773869           1.3894328346064082
-10.522613065326633           1.3894325198294863
-10.407035175879397           1.3894327659021302
-10.291457286432161           1.3894336785170245
-10.175879396984925           1.3894325918230241
-10.06030150753769            1.3894324514389007
-9.944723618090451            1.3894326473666951
-9.829145728643216            1.38943211215046
-9.71356783919598             1.389433181751515
-9.597989949748744            1.389432623719876
-9.482412060301508            1.3894325706399477
-9.366834170854272            1.3894326940887185
-9.251256281407034            1.389432577432171
-9.135678391959798            1.3894324859614402
-9.020100502512562            1.389432644717524
-8.904522613065327            1.3894320158940527
-8.78894472361809             1.389431950548094
-8.673366834170855            1.3894337591429233
-8.557788944723619            1.3894325615409475
-8.442211055276381            1.389433689624198
-8.326633165829145            1.3894319858568431
-8.21105527638191             1.38943212772334
-8.095477386934673            1.3894326577363734
-7.9798994974874375           1.3894324653425278
-7.864321608040202            1.3894324285992468
-7.748743718592964            1.3894323317379151
-7.633165829145728            1.3894324976595076
-7.517587939698492            1.3894322090768452
-7.402010050251256            1.3894327881693924
-7.28643216080402             1.3894324305751427
-7.170854271356784            1.3894323583758903
-7.055276381909547            1.389432088968908
-6.939698492462311            1.3894323656272438
-6.824120603015075            1.3894323727911964
-6.708542713567839            1.3894321531302642
-6.592964824120603            1.389432367708395
-6.477386934673367            1.3894323982240528
-6.361809045226131            1.3894323648480018
-6.246231155778894            1.389432226008502
-6.130653266331658            1.389432298447971
-6.015075376884422            1.3894322837382989
-5.899497487437186            1.3894323409266114
-5.78391959798995             1.3894322441982647
-5.668341708542714            1.3894322816760811
-5.5527638190954764           1.3894321224669084
-5.4371859296482405           1.389431947777994
-5.321608040201005            1.3894320920491785
-5.206030150753769            1.3894322245316786
-5.090452261306533            1.3894323488620683
-4.974874371859297            1.3894321594362729
-4.859296482412061            1.3894324133371874
-4.743718592964823            1.3894322095405551
-4.628140703517587            1.389432343107673
-4.5125628140703515           1.389432183234959
-4.396984924623116            1.3894321718560152
-4.28140703517588             1.38943219726221
-4.165829145728644            1.3894321833840848
-4.050251256281406            1.3894320353898992
-3.934673366834172            1.3894322063867213
-3.8190954773869343           1.389432231651575
-3.7035175879396967           1.3894321580996984
-3.5879396984924625           1.3894321853116356
-3.472361809045225            1.3894321695080092
-3.3567839195979907           1.389432180804944
-3.241206030150753            1.3894321493978945
-3.125628140703519            1.3894321144126123
-3.0100502512562812           1.3894321148121378
-2.8944723618090435           1.3894321942727637
-2.7788944723618094           1.3894319835771622
-2.6633165829145717           1.3894321284157
-2.5477386934673376           1.3894321058756258
-2.4321608040201              1.3894320967864373
-2.316582914572866            1.3894321058116914
-2.201005025125628            1.3894321165571522
-2.0854271356783904           1.3894321025486998
-1.9698492462311563           1.3894320622277694
-1.8542713567839186           1.3894319968716744
-1.7386934673366845           1.3894320269076768
-1.6231155778894468           1.3894319720845445
-1.5075376884422127           1.3894320614614815
-1.391959798994975            1.3894320184490592
-1.2763819095477373           1.3894320388425383
-1.1608040201005032           1.3894320326270564
-1.0452261306532655           1.3894319514647524
-0.9296482412060314           1.3894316900139319
-0.8140703517587937           1.3894310410589683
-0.698492462311556            1.3894283521951354
-0.5829145728643219           1.3894202095978976
-0.46733668341708423          1.3893946161631063
-0.3517587939698501           1.3893159506689639
-0.23618090452261245          1.3890806853413762
-0.12060301507537828          1.388401147216186
-0.005025125628140596         1.3865240909885777
0.11055276381909708           1.3816196637328935
0.22613065326633117           1.3696401396667146
0.34170854271356893           1.3425687553131673
0.457286432160803             1.2863336260512181
0.5728643216080407            1.1789893212869378
0.6884422110552748            0.9895677616502019
0.8040201005025125            0.6772890397871864
0.9195979899497502            0.19033674010589488
1.0351758793969843            -0.5364656325611018
1.150753768844222             -1.5854013306906494
1.266331658291456             -3.061351325327079
1.3819095477386938            -5.099541919798011
1.4974874371859315            -7.875747228618311
1.6130653266331656            -11.618915700083475
1.7286432160804033            -16.627122802390513
1.8442211055276374            -23.288535490435148
1.959798994974875             -32.10901993929
2.075376884422109             -43.74820853870284
2.190954773869347             -59.066517954795344
2.3065326633165846            -79.18646147691801
2.4221105527638187            -105.57262803638437
2.5376884422110564            -140.1360284213012
2.6532663316582905            -185.3702434546758
2.768844221105528             -246.27915812201104
