-20.0                         1.2291986428270718
-19.884422110552762           1.2291998180533692
-19.768844221105528           1.2291984932432438
-19.65326633165829            1.2291974538982298
-19.537688442211056           1.229198645603031
-19.42211055276382            1.229198321147108
-19.306532663316585           1.229198601229184
-19.190954773869347           1.2291969677300867
-19.07537688442211            1.2291988056152308
-18.959798994974875           1.2291984345467044
-18.844221105527637           1.2291997056908581
-18.728643216080403           1.2291981639901328
-18.613065326633166           1.2291986697969357
-18.49748743718593            1.2291983017988906
-18.381909547738694           1.2292008600757351
-18.266331658291456           1.2291981987470582
-18.150753768844222           1.2291982692033998
-18.035175879396984           1.2291986794841336
-17.91959798994975            1.22919820583335
-17.804020100502512           1.2291987744846644
-17.688442211055275           1.229198282839874
-17.57286432160804            1.2291979139197353
-17.457286432160803           1.2291979803627662
-17.34170854271357            1.2291980567152831
-17.22613065326633            1.22919802787129
-17.110552763819094           1.2291979467886798
-16.99497487437186            1.2291984468940433
-16.87939698492462            1.2291976707985675
-16.763819095477388           1.229198716398533
-16.64824120603015            1.2291978524214342
-16.532663316582916           1.2291981739827342
-16.417085427135678           1.2291979575369056
-16.301507537688444           1.2291972987240523
-16.185929648241206           1.229197973370422
-16.07035175879397            1.229198285614665
-15.954773869346734           1.2291967757007247
-15.839195979899497           1.2291978949223121
-15.72361809045226            1.2291980656530221
-15.608040201005025           1.2291989329010269
-15.492462311557789           1.2291979025688502
-15.376884422110553           1.229198001039128
-15.261306532663315           1.2291979761871772
-15.145728643216081           1.2291979249092237
-15.030150753768844           1.2291987767191261
-14.914572864321608           1.2291976223011098
-14.798994974874372           1.2291968638861823
-14.683417085427136           1.2291979247316094
-14.5678391959799             1.2291978643656376
-14.452261306532662           1.2291978244607809
-14.336683417085428           1.2291977016007527
-14.22110552763819            1.2291984017302298
-14.105527638190955           1.2291976547330508
-13.989949748743719           1.2291966864495554
-13.874371859296481           1.2291974803718093
-13.758793969849247           1.229198141141374
-13.64321608040201            1.2291975897897056
-13.527638190954773           1.2291968061470238
-13.412060301507537           1.2291976510477343
-13.296482412060302           1.2291973143610146
-13.180904522613066           1.2291978303845446
-13.065326633165828           1.2291972974950107
-12.949748743718594           1.2291976045468607
-12.834170854271356           1.2291971342947345
-12.71859296482412            1.2291978218542767
-12.603015075376884           1.2291970857207013
-12.487437185929648           1.2291976446956607
-12.371859296482413           1.2291973623037218
-12.256281407035175           1.229197730071006
-12.14070351758794            1.2291975001838151
-12.025125628140703           1.2291971797962342
-11.909547738693467           1.2291973000462866
-11.793969849246231           1.2291972800424855
-11.678391959798995           1.2291974906445708
-11.56281407035176            1.2291974104783356
-11.447236180904522           1.2291978338217666
-11.331658291457286           1.2291974712257818
-11.21608040201005            1.2291973939016123
-11.100502512562814           1.2291976628579142
-10.984924623115578           1.2291974616056665
-10.869346733668342           1.2291973301763874
-10.753768844221106           1.2291966061447015
-10.638190954773869           1.229197506910272
-10.522613065326633           1.2291972258188422
-10.407035175879397           1.2291974674799193
-10.291457286432161           1.2291982794011396
-10.175879396984925           1.2291972929964154
-10.06030150753769            1.229197155604766
-9.944723618090451            1.2291973255330277
-9.829145728643216            1.2291968691711768
-9.71356783919598             1.2291978396242444
-9.597989949748744            1.229197305017463
-9.482412060301508            1.2291972588821287
-9.366834170854272            1.2291973743836586
-9.251256281407034            1.229197265462344
-9.135678391959798            1.2291971837062363
-9.020100502512562            1.2291973615538305
-8.904522613065327            1.2291967538361073
-8.78894472361809             1.2291966845002582
-8.673366834170855            1.2291983765617949
-8.557788944723619            1.229197241668059
-8.442211055276381            1.2291983099677672
-8.326633165829145            1.2291967168942233
-8.21105527638191             1.2291968717440218
-8.095477386934673            1.2291973164928207
-7.9798994974874375           1.2291971604729863
-7.864321608040202            1.229197118974274
-7.748743718592964            1.229197032514333
-7.633165829145728            1.2291971803550907
-7.517587939698492            1.2291968973303091
-7.402010050251256            1.2291974571516473
-7.28643216080402             1.2291971243467397
-7.170854271356784            1.229197053116196
-7.055276381909547            1.2291967830325308
-6.939698492462311            1.2291970529869274
-6.824120603015075            1.229197065984268
-6.708542713567839            1.229196872112127
-6.592964824120603            1.2291970501790235
-6.477386934673367            1.2291970570286552
-6.361809045226131            1.2291970440250763
-6.246231155778894            1.2291969178788202
-6.130653266331658            1.2291969968502743
-6.015075376884422            1.2291969905655695
-5.899497487437186            1.2291970505799694
-5.78391959798995             1.2291969430440217
-5.668341708542714            1.229196974366763
-5.5527638190954764           1.229196814666768
-5.4371859296482405           1.229196660547513
-5.321608040201005            1.229196794685309
-5.206030150753769            1.2291969050959985
-5.090452261306533            1.2291970211177383
-4.974874371859297            1.2291968779670515
-4.859296482412061            1.2291971108775919
-4.743718592964823            1.2291969077389444
-4.628140703517587            1.2291970271115382
-4.5125628140703515           1.2291968661342676
-4.396984924623116            1.2291968667575957
-4.28140703517588             1.229196891914072
-4.165829145728644            1.2291968739395884
-4.050251256281406            1.2291967475861973
-3.934673366834172            1.2291968971168024
-3.8190954773869343           1.2291969186667606
-3.7035175879396967           1.2291968500915686
-3.5879396984924625           1.229196872138513
-3.472361809045225            1.2291968569297815
-3.3567839195979907           1.229196872988038
-3.241206030150753            1.2291968309321004
-3.125628140703519            1.22919680704855
-3.0100502512562812           1.2291968087927612
-2.8944723618090435           1.2291968694045405
-2.7788944723618094           1.2291966820858695
-2.6633165829145717           1.2291968089708445
-2.5477386934673376           1.2291967968222226
-2.4321608040201              1.2291967892817344
-2.316582914572866            1.2291967958542298
-2.201005025125628            1.2291968086770864
-2.0854271356783904           1.2291967951378968
-1.9698492462311563           1.2291967545571876
-1.8542713567839186           1.2291966916590804
-1.7386934673366845           1.2291967190644204
-1.6231155778894468           1.229196669105148
-1.5075376884422127           1.2291967510692356
-1.391959798994975            1.2291967098426138
-1.2763819095477373           1.2291967106046837
-1.1608040201005032           1.2291966583634313
-1.0452261306532655           1.2291964428782989
-0.9296482412060314           1.22919579669451
-0.8140703517587937           1.229193993613341
-0.698492462311556            1.229188047203057
-0.5829145728643219           1.2291707438540733
-0.46733668341708423          1.2291200734087266
-0.3517587939698501           1.2289748902471667
-0.23618090452261245          1.2285700559765838
-0.12060301507537828          1.227479451222001
-0.005025125628140596         1.2246668590693375
0.11055276381909708           1.2177929178944291
0.22613065326633117           1.2020344765092947
0.34170854271356893           1.1684320201572453
0.457286432160803             1.1020782778607128
0.5728643216080407            0.9806159911624424
0.6884422110552748            0.7732171264270116
0.8040201005025125            0.43965951792010893
0.9195979899497502            -0.07115110058374652
1.0351758793969843            -0.8237076260643365
1.150753768844222             -1.899747553179759
1.266331658291456             -3.4037667803209017
1.3819095477386938            -5.4707364850512485
1.4974874371859315            -8.27624591876936
1.6130653266331656            -12.049094299123084
1.7286432160804033            -17.087243110667824
1.8442211055276374            -23.778780474734308
1.959798994974875             -32.62951980622371
2.075376884422109             -44.29905757757711
2.190954773869347             -59.64778537390397
2.3065326633165846            -79.79819859834274
2.4221105527638187            -106.21487321622485
2.5376884422110564            -140.8088104959741
2.6532663316582905            -186.07358420141546
2.768844221105528             -247.012901840604
