-20.0                         1.3739940329665905
-19.884422110552762           1.3739953097175763
-19.768844221105528           1.3739938743154565
-19.65326633165829            1.3739928410689364
-19.537688442211056           1.3739941110740908
-19.42211055276382            1.3739936998726983
-19.306532663316585           1.3739939432279396
-19.190954773869347           1.3739922439735244
-19.07537688442211            1.373994244659518
-18.959798994974875           1.3739938574252062
-18.844221105527637           1.3739950892549855
-18.728643216080403           1.3739934984978484
-18.613065326633166           1.3739941486666876
-18.49748743718593            1.3739936842729408
-18.381909547738694           1.373996389801903
-18.266331658291456           1.3739936108164124
-18.150753768844222           1.3739936768886234
-18.035175879396984           1.3739942644708671
-17.91959798994975            1.3739935920136126
-17.804020100502512           1.3739942248944887
-17.688442211055275           1.3739935919330282
-17.57286432160804            1.373993336387133
-17.457286432160803           1.3739933949004823
-17.34170854271357            1.3739934051771963
-17.22613065326633            1.3739933212649222
-17.110552763819094           1.3739933710627847
-16.99497487437186            1.3739938808698582
-16.87939698492462            1.3739929671582354
-16.763819095477388           1.3739941954575365
-16.64824120603015            1.373993207558904
-16.532663316582916           1.3739936925921843
-16.417085427135678           1.373993359537806
-16.301507537688444           1.3739926636317015
-16.185929648241206           1.373993382533886
-16.07035175879397            1.3739937158361504
-15.954773869346734           1.3739921033508615
-15.839195979899497           1.3739933089486018
-15.72361809045226            1.3739935254504134
-15.608040201005025           1.3739945074847155
-15.492462311557789           1.3739933292437714
-15.376884422110553           1.3739935440864286
-15.261306532663315           1.373993390853627
-15.145728643216081           1.3739933592894253
-15.030150753768844           1.3739941911107807
-14.914572864321608           1.373993035569792
-14.798994974874372           1.3739922554184958
-14.683417085427136           1.3739933620540299
-14.5678391959799             1.3739933175039034
-14.452261306532662           1.3739932793545682
-14.336683417085428           1.3739931225599313
-14.22110552763819            1.3739939540420507
-14.105527638190955           1.3739930801948859
-13.989949748743719           1.3739920597293678
-13.874371859296481           1.3739928880276613
-13.758793969849247           1.37399351748655
-13.64321608040201            1.3739930074620201
-13.527638190954773           1.3739921573979623
-13.412060301507537           1.3739930810382446
-13.296482412060302           1.373992639363986
-13.180904522613066           1.3739932823333625
-13.065326633165828           1.3739927646527896
-12.949748743718594           1.373993007898612
-12.834170854271356           1.3739925463750635
-12.71859296482412            1.3739932432206785
-12.603015075376884           1.3739925299738853
-12.487437185929648           1.3739930612883735
-12.371859296482413           1.3739927531509444
-12.256281407035175           1.3739931520478097
-12.14070351758794            1.373992927749224
-12.025125628140703           1.373992519867733
-11.909547738693467           1.3739927139571377
-11.793969849246231           1.3739927510584526
-11.678391959798995           1.3739929253479959
-11.56281407035176            1.3739928325480972
-11.447236180904522           1.3739932917369932
-11.331658291457286           1.3739928898209706
-11.21608040201005            1.3739928153846135
-11.100502512562814           1.3739930520899608
-10.984924623115578           1.3739928811538968
-10.869346733668342           1.3739927540775956
-10.753768844221106           1.373991985727658
-10.638190954773869           1.373992951244227
-10.522613065326633           1.37399263956425
-10.407035175879397           1.3739928856127557
-10.291457286432161           1.3739937885190436
-10.175879396984925           1.373992711112057
-10.06030150753769            1.3739925710378833
-9.944723618090451            1.3739927643527123
-9.829145728643216            1.373992236691261
-9.71356783919598             1.3739932974055782
-9.597989949748744            1.3739927411569408
-9.482412060301508            1.3739926886788305
-9.366834170854272            1.3739928115014393
-9.251256281407034            1.373992695467333
-9.135678391959798            1.3739926048036444
-9.020100502512562            1.3739927659005815
-8.904522613065327            1.3739921385792373
-8.78894472361809             1.3739920729632056
-8.673366834170855            1.373993870551867
-8.557788944723619            1.3739926788460712
-8.442211055276381            1.3739938013093773
-8.326633165829145            1.3739921080014776
-8.21105527638191             1.3739922510771965
-8.095477386934673            1.3739927731448376
-7.9798994974874375           1.3739925842099614
-7.864321608040202            1.3739925469017267
-7.748743718592964            1.3739924510229182
-7.633165829145728            1.3739926152616264
-7.517587939698492            1.3739923268887901
-7.402010050251256            1.3739929047332142
-7.28643216080402             1.3739925492224014
-7.170854271356784            1.3739924770787544
-7.055276381909547            1.3739922074782813
-6.939698492462311            1.373992483626881
-6.824120603015075            1.3739924913780979
-6.708542713567839            1.3739922741535138
-6.592964824120603            1.3739924852232108
-6.477386934673367            1.3739925133991553
-6.361809045226131            1.3739924820365474
-6.246231155778894            1.3739923444307993
-6.130653266331658            1.3739924175472285
-6.015075376884422            1.3739924037208824
-5.899497487437186            1.3739924612577592
-5.78391959798995             1.3739923632889808
-5.668341708542714            1.373992400198666
-5.5527638190954764           1.373992240754546
-5.4371859296482405           1.3739920681885276
-5.321608040201005            1.3739922113611405
-5.206030150753769            1.3739923417475393
-5.090452261306533            1.3739924654847322
-4.974874371859297            1.3739922804506453
-4.859296482412061            1.373992532392874
-4.743718592964823            1.3739923285965772
-4.628140703517587            1.37399246080512
-4.5125628140703515           1.3739923006968735
-4.396984924623116            1.373992290548053
-4.28140703517588             1.3739923159738072
-4.165829145728644            1.373992301667408
-4.050251256281406            1.3739921557413344
-3.934673366834172            1.373992324741518
-3.8190954773869343           1.3739923496489506
-3.7035175879396967           1.3739922765620982
-3.5879396984924625           1.373992303283657
-3.472361809045225            1.3739922875236719
-3.3567839195979907           1.3739922993590492
-3.241206030150753            1.3739922667705915
-3.125628140703519            1.3739922329189704
-3.0100502512562812           1.3739922334489811
-2.8944723618090435           1.373992311079771
-2.7788944723618094           1.3739921026385087
-2.6633165829145717           1.3739922457365046
-2.5477386934673376           1.3739922242329805
-2.4321608040201              1.3739922153079165
-2.316582914572866            1.3739922240846467
-2.201005025125628            1.3739922350779492
-2.0854271356783904           1.3739922210899007
-1.9698492462311563           1.3739921807051203
-1.8542713567839186           1.3739921155630905
-1.7386934673366845           1.3739921453326187
-1.6231155778894468           1.373992091046899
-1.5075376884422127           1.3739921797958223
-1.391959798994975            1.3739921371621864
-1.2763819095477373           1.3739921563388127
-1.1608040201005032           1.3739921475544594
-1.0452261306532655           1.3739920586714063
-0.9296482412060314           1.3739917747264125
-0.8140703517587937           1.3739910543821516
-0.698492462311556            1.373988157922024
-0.5829145728643219           1.3739794087801518
-0.46733668341708423          1.373952092204277
-0.3517587939698501           1.3738686846726214
-0.23618090452261245          1.3736208808740948
-0.12060301507537828          1.3729098271709408
-0.005025125628140596         1.3709584473316725
0.11055276381909708           1.3658920766611584
0.22613065326633117           1.3535916514873807
0.34170854271356893           1.3259494722574503
0.457286432160803             1.2688085259523076
0.5728643216080407            1.1601767942445012
0.6884422110552748            0.9690942591581124
0.8040201005025125            0.6548325789895509
0.9195979899497502            0.1656452143991595
1.0351758793969843            -0.5635772445135058
1.150753768844222             -1.61506429578789
1.266331658291456             -3.0936590084302424
1.3819095477386938            -5.134562680503616
1.4974874371859315            -7.913531442620759
1.6130653266331656            -11.659499313563204
1.7286432160804033            -16.67053078450551
1.8442211055276374            -23.33478524670067
1.959798994974875             -32.158123831252155
2.075376884422109             -43.800175504401125
2.190954773869347             -59.12135454723056
2.3065326633165846            -79.24417255131547
2.4221105527638187            -105.63321721895623
2.5376884422110564            -140.19949843689406
2.6532663316582905            -185.43659636030372
2.768844221105528             -246.3483792275387
