-20.0                         1.1707574271459003
-19.884422110552762           1.1707585628447574
-19.768844221105528           1.1707572820105132
-19.65326633165829            1.1707562427899934
-19.537688442211056           1.1707574040453554
-19.42211055276382            1.1707571129377492
-19.306532663316585           1.1707574036053197
-19.190954773869347           1.1707558039540988
-19.07537688442211            1.1707575714411511
-18.959798994974875           1.1707572080726938
-18.844221105527637           1.1707584875498482
-18.728643216080403           1.1707569726888463
-18.613065326633166           1.1707574210213094
-18.49748743718593            1.1707570905142173
-18.381909547738694           1.1707595841410936
-18.266331658291456           1.170756976793099
-18.150753768844222           1.1707570488877397
-18.035175879396984           1.1707573894558123
-17.91959798994975            1.1707569928461619
-17.804020100502512           1.1707575345685155
-17.688442211055275           1.170757098690207
-17.57286432160804            1.1707566925943318
-17.457286432160803           1.1707567573503288
-17.34170854271357            1.1707568591332724
-17.22613065326633            1.170756851711963
-17.110552763819094           1.1707567203749103
-16.99497487437186            1.1707572123573833
-16.87939698492462            1.1707564957708534
-16.763819095477388           1.170757466049909
-16.64824120603015            1.1707566545572732
-16.532663316582916           1.1707569123072
-16.417085427135678           1.1707567394633553
-16.301507537688444           1.1707560999826634
-16.185929648241206           1.1707567533644188
-16.07035175879397            1.1707570544464323
-15.954773869346734           1.1707555886209362
-15.839195979899497           1.1707566720257514
-15.72361809045226            1.1707568257682508
-15.608040201005025           1.1707576425557513
-15.492462311557789           1.1707566744858442
-15.376884422110553           1.1707567287740561
-15.261306532663315           1.1707567528497056
-15.145728643216081           1.170756693363673
-15.030150753768844           1.170757548389078
-14.914572864321608           1.1707563997756243
-14.798994974874372           1.1707556525149165
-14.683417085427136           1.1707566923265187
-14.5678391959799             1.1707566270531982
-14.452261306532662           1.1707565867371414
-14.336683417085428           1.1707564760336022
-14.22110552763819            1.1707571220045563
-14.105527638190955           1.1707564280082075
-13.989949748743719           1.1707554807762082
-13.874371859296481           1.1707562601066248
-13.758793969849247           1.1707569326553966
-13.64321608040201            1.1707563660888924
-13.527638190954773           1.1707556105682342
-13.412060301507537           1.170756422152003
-13.296482412060302           1.1707561276115992
-13.180904522613066           1.1707565915205447
-13.065326633165828           1.1707560547509481
-12.949748743718594           1.170756385674296
-12.834170854271356           1.1707559124901052
-12.71859296482412            1.170756595390949
-12.603015075376884           1.1707558522727828
-12.487437185929648           1.1707564200895302
-12.371859296482413           1.1707561500521018
-12.256281407035175           1.1707565022634299
-12.14070351758794            1.1707562719261253
-12.025125628140703           1.1707559870562303
-11.909547738693467           1.17075607720572
-11.793969849246231           1.1707560369104233
-11.678391959798995           1.170756259402151
-11.56281407035176            1.170756184308738
-11.447236180904522           1.1707565928416177
-11.331658291457286           1.170756246186943
-11.21608040201005            1.1707561682065524
-11.100502512562814           1.1707564494354905
-10.984924623115578           1.170756236117313
-10.869346733668342           1.1707561033024427
-10.753768844221106           1.1707553976532177
-10.638190954773869           1.170756271258149
-10.522613065326633           1.1707560032147815
-10.407035175879397           1.1707562409138297
-10.291457286432161           1.1707570161531213
-10.175879396984925           1.1707560684553948
-10.06030150753769            1.1707559321018293
-9.944723618090451            1.1707560931825638
-9.829145728643216            1.1707556658146776
-9.71356783919598             1.1707565961982735
-9.597989949748744            1.170756073000485
-9.482412060301508            1.1707560297409578
-9.366834170854272            1.1707561415060161
-9.251256281407034            1.1707560361157363
-9.135678391959798            1.170755958592292
-9.020100502512562            1.170756140438012
-8.904522613065327            1.1707555436562922
-8.78894472361809             1.1707554721958162
-8.673366834170855            1.1707571203630394
-8.557788944723619            1.1707560092558127
-8.442211055276381            1.1707570548707167
-8.326633165829145            1.1707555034617787
-8.21105527638191             1.1707556632461882
-8.095477386934673            1.1707560754636057
-7.9798994974874375           1.1707559328672037
-7.864321608040202            1.1707558902654953
-7.748743718592964            1.1707558076961084
-7.633165829145728            1.1707559486263064
-7.517587939698492            1.1707556695342118
-7.402010050251256            1.1707562187216982
-7.28643216080402             1.1707558967332177
-7.170854271356784            1.1707558260998483
-7.055276381909547            1.1707555565492445
-6.939698492462311            1.1707558232687825
-6.824120603015075            1.1707558382060066
-6.708542713567839            1.1707556540304591
-6.592964824120603            1.1707558187199285
-6.477386934673367            1.1707558173033512
-6.361809045226131            1.170755811437955
-6.246231155778894            1.170755689840091
-6.130653266331658            1.1707557708883891
-6.015075376884422            1.1707557672229525
-5.899497487437186            1.1707558278061607
-5.78391959798995             1.1707557175512295
-5.668341708542714            1.1707557465099012
-5.5527638190954764           1.170755587734021
-5.4371859296482405           1.170755440290589
-5.321608040201005            1.1707555714241504
-5.206030150753769            1.170755673648667
-5.090452261306533            1.1707557854644302
-4.974874371859297            1.1707556594675597
-4.859296482412061            1.1707558843511687
-4.743718592964823            1.1707556818160465
-4.628140703517587            1.17075579599738
-4.5125628140703515           1.1707556354076625
-4.396984924623116            1.170755639911051
-4.28140703517588             1.1707556647320712
-4.165829145728644            1.1707556454883872
-4.050251256281406            1.1707555271210515
-3.934673366834172            1.1707556683997575
-3.8190954773869343           1.1707556885987043
-3.7035175879396967           1.1707556219278779
-3.5879396984924625           1.1707556420632972
-3.472361809045225            1.170755627140995
-3.3567839195979907           1.1707556444705212
-3.241206030150753            1.170755599465158
-3.125628140703519            1.1707555792203936
-3.0100502512562812           1.1707555814373591
-2.8944723618090435           1.170755635276921
-2.7788944723618094           1.1707554564726719
-2.6633165829145717           1.170755576872333
-2.5477386934673376           1.170755568306575
-2.4321608040201              1.170755561244955
-2.316582914572866            1.170755566994639
-2.201005025125628            1.1707555802919531
-2.0854271356783904           1.1707555670606724
-1.9698492462311563           1.170755526608877
-1.8542713567839186           1.1707554647298526
-1.7386934673366845           1.170755491200729
-1.6231155778894468           1.170755442481337
-1.5075376884422127           1.1707555208693685
-1.391959798994975            1.1707554780879017
-1.2763819095477373           1.1707554651180645
-1.1608040201005032           1.1707553782376618
-1.0452261306532655           1.1707550652174026
-0.9296482412060314           1.1707541477097632
-0.8140703517587937           1.170751577524133
-0.698492462311556            1.170743548937699
-0.5829145728643219           1.170720657636358
-0.46733668341708423          1.1706553866530085
-0.3517587939698501           1.1704732582283084
-0.23618090452261245          1.1699786309112847
-0.12060301507537828          1.1686805850768762
-0.005025125628140596         1.1654180969435122
0.11055276381909708           1.1576408036586592
0.22613065326633117           1.1402252661212111
0.34170854271356893           1.1038725906063536
0.457286432160803             1.0334006992543507
0.5728643216080407            0.9063423965051366
0.6884422110552748            0.6919506187655031
0.8040201005025125            0.3502177665064942
0.9195979899497502            -0.16968930264694163
1.0351758793969843            -0.9320211636662927
1.150753768844222             -2.0183227946036943
1.266331658291456             -3.532954064752904
1.3819095477386938            -5.61079540549135
1.4974874371859315            -8.427369534408658
1.6130653266331656            -12.211421448204838
1.7286432160804033            -17.26087095652247
1.8442211055276374            -23.96377719041441
1.959798994974875             -32.82593405566068
2.075376884422109             -44.50692468250294
2.190954773869347             -59.86713130574155
2.3065326633165846            -80.02904264192024
2.4221105527638187            -106.45722979873435
2.5376884422110564            -141.06269047218083
2.6532663316582905            -186.3389957736035
2.768844221105528             -247.28978626271456
