-20.0                         1.0629288971452757
-19.884422110552762           1.0629299622148538
-19.768844221105528           1.062928761263065
-19.65326633165829            1.0629277268874109
-19.537688442211056           1.0629288336086855
-19.42211055276382            1.0629286013281438
-19.306532663316585           1.0629289041555747
-19.190954773869347           1.0629273794158995
-19.07537688442211            1.0629290093044197
-18.959798994974875           1.0629286622771659
-18.844221105527637           1.0629299442383904
-18.728643216080403           1.0629284898055171
-18.613065326633166           1.0629288344402332
-18.49748743718593            1.062928570388845
-18.381909547738694           1.062930936416776
-18.266331658291456           1.0629284393806673
-18.150753768844222           1.0629285143373537
-18.035175879396984           1.0629287294569114
-17.91959798994975            1.062928469356367
-17.804020100502512           1.0629289601625318
-17.688442211055275           1.0629286242169245
-17.57286432160804            1.062928163638699
-17.457286432160803           1.062928217996097
-17.34170854271357            1.0629283637981777
-17.22613065326633            1.0629283944786843
-17.110552763819094           1.0629281756060915
-16.99497487437186            1.0629286463917582
-16.87939698492462            1.0629280444481788
-16.763819095477388           1.0629288742449596
-16.64824120603015            1.0629281624479365
-16.532663316582916           1.0629283075612606
-16.417085427135678           1.0629282090044823
-16.301507537688444           1.0629276118064586
-16.185929648241206           1.0629282202051422
-16.07035175879397            1.0629284971934205
-15.954773869346734           1.062927117055485
-15.839195979899497           1.062928132645156
-15.72361809045226            1.06292825745684
-15.608040201005025           1.0629289753415179
-15.492462311557789           1.0629281254754113
-15.376884422110553           1.0629281032970832
-15.261306532663315           1.062928212085947
-15.145728643216081           1.062928137572942
-15.030150753768844           1.0629289902335186
-14.914572864321608           1.0629278612758162
-14.798994974874372           1.0629271385695283
-14.683417085427136           1.062928135194069
-14.5678391959799             1.062928063590176
-14.452261306532662           1.0629280229221043
-14.336683417085428           1.0629279319338778
-14.22110552763819            1.0629284768793412
-14.105527638190955           1.0629278829015834
-13.989949748743719           1.0629269746066077
-13.874371859296481           1.0629277257680474
-13.758793969849247           1.0629284184220593
-13.64321608040201            1.0629278262933437
-13.527638190954773           1.06292712491102
-13.412060301507537           1.0629278725028763
-13.296482412060302           1.0629276549975541
-13.180904522613066           1.0629280219354225
-13.065326633165828           1.0629274814957312
-12.949748743718594           1.0629278532121766
-12.834170854271356           1.0629273757359798
-12.71859296482412            1.0629280484308083
-12.603015075376884           1.0629272962581513
-12.487437185929648           1.0629278763995533
-12.371859296482413           1.06292763186256
-12.256281407035175           1.0629279512371717
-12.14070351758794            1.0629277228767642
-12.025125628140703           1.0629275036110268
-11.909547738693467           1.0629275380270724
-11.793969849246231           1.0629274648800875
-11.678391959798995           1.0629277048531451
-11.56281407035176            1.062927638886899
-11.447236180904522           1.0629280195255275
-11.331658291457286           1.0629277023959016
-11.21608040201005            1.0629276239206453
-11.100502512562814           1.0629279266021505
-10.984924623115578           1.0629276913857542
-10.869346733668342           1.0629275566890797
-10.753768844221106           1.0629268858062089
-10.638190954773869           1.0629277078378334
-10.522613065326633           1.0629274647298201
-10.407035175879397           1.062927691712528
-10.291457286432161           1.0629283993035923
-10.175879396984925           1.0629275259587494
-10.06030150753769            1.062927391617312
-9.944723618090451            1.062927537283339
-9.829145728643216            1.062927163720125
-9.71356783919598             1.0629280144910302
-9.597989949748744            1.0629275167084598
-9.482412060301508            1.0629274791397654
-9.366834170854272            1.062927582747076
-9.251256281407034            1.0629274848690182
-9.135678391959798            1.0629274159892976
-9.020100502512562            1.062927600854915
-8.904522613065327            1.0629270292650657
-8.78894472361809             1.06292695291381
-8.673366834170855            1.0629285178162264
-8.557788944723619            1.062927452097385
-8.442211055276381            1.0629284544141815
-8.326633165829145            1.0629269819923588
-8.21105527638191             1.062927151042116
-8.095477386934673            1.0629275015344648
-7.9798994974874375           1.0629273836659876
-7.864321608040202            1.0629273399490335
-7.748743718592964            1.0629272646551917
-7.633165829145728            1.0629273924452982
-7.517587939698492            1.0629271233846336
-7.402010050251256            1.062927647610851
-7.28643216080402             1.0629273481317716
-7.170854271356784            1.062927279007516
-7.055276381909547            1.062927011659053
-6.939698492462311            1.0629272712568385
-6.824120603015075            1.062927289407242
-6.708542713567839            1.0629271235681506
-6.592964824120603            1.062927263475053
-6.477386934673367            1.062927247386268
-6.361809045226131            1.0629272542668862
-6.246231155778894            1.0629271409009096
-6.130653266331658            1.0629272252680573
-6.015075376884422            1.0629272257046156
-5.899497487437186            1.0629272866190547
-5.78391959798995             1.0629271732579975
-5.668341708542714            1.0629271977455648
-5.5527638190954764           1.0629270422957826
-5.4371859296482405           1.0629269059691984
-5.321608040201005            1.0629270324991142
-5.206030150753769            1.0629271195199796
-5.090452261306533            1.0629272219740367
-4.974874371859297            1.062927127727836
-4.859296482412061            1.0629273372669048
-4.743718592964823            1.0629271363785813
-4.628140703517587            1.062927241048099
-4.5125628140703515           1.0629270824015253
-4.396984924623116            1.06292709318907
-4.28140703517588             1.0629271170613244
-4.165829145728644            1.0629270958639387
-4.050251256281406            1.0629269923545592
-3.934673366834172            1.0629271177928792
-3.8190954773869343           1.0629271355175547
-3.7035175879396967           1.0629270725028976
-3.5879396984924625           1.0629270891069031
-3.472361809045225            1.0629270747882082
-3.3567839195979907           1.0629270937966582
-3.241206030150753            1.0629270447560921
-3.125628140703519            1.062927030546695
-3.0100502512562812           1.062927033581546
-2.8944723618090435           1.062927075129577
-2.7788944723618094           1.0629269120173723
-2.6633165829145717           1.0629270205437296
-2.5477386934673376           1.0629270182834822
-2.4321608040201              1.0629270119847287
-2.316582914572866            1.0629270163184008
-2.201005025125628            1.0629270300718148
-2.0854271356783904           1.0629270175786216
-1.9698492462311563           1.0629269776584864
-1.8542713567839186           1.062926917763545
-1.7386934673366845           1.0629269422874172
-1.6231155778894468           1.0629268944221977
-1.5075376884422127           1.0629269631890765
-1.391959798994975            1.0629269097605394
-1.2763819095477373           1.0629268502506384
-1.1608040201005032           1.0629266439193252
-1.0452261306532655           1.0629260066017006
-0.9296482412060314           1.0629242179031135
-0.8140703517587937           1.062919300269628
-0.698492462311556            1.0629051390389996
-0.5829145728643219           1.0628664629868623
-0.46733668341708423          1.0627616218987415
-0.3517587939698501           1.0624834289438645
-0.23618090452261245          1.0617647945325408
-0.12060301507537828          1.059970131835643
-0.005025125628140596         1.0556733908876024
0.11055276381909708           1.0458989623374388
0.22613065326633117           1.0249504778623364
0.34170854271356893           0.9829188433937867
0.457286432160803             0.90416426041693
0.5728643216080407            0.7660743080383171
0.6884422110552748            0.5380903321364362
0.8040201005025125            0.18061340001822768
0.9195979899497502            -0.3567121964320517
1.0351758793969843            -1.1376997662618558
1.150753768844222             -2.243547873635381
1.266331658291456             -3.7783712309625805
1.3819095477386938            -5.876885787659489
1.4974874371859315            -8.714492517163503
1.6130653266331656            -12.519836450091354
1.7286432160804033            -17.590760175412285
1.8442211055276374            -24.315268859721684
1.959798994974875             -33.199119934369655
2.075376884422109             -44.901871494043895
2.190954773869347             -60.28388817847202
2.3065326633165846            -80.46764609384438
2.4221105527638187            -106.91770717112183
2.5376884422110564            -141.5450623485921
2.6532663316582905            -186.84327771496993
2.768844221105528             -247.8158666647246
