-20.0                         0.7837654234372929
-19.884422110552762           0.7837663182728256
-19.768844221105528           0.7837653161104058
-19.65326633165829            0.7837643284808387
-19.537688442211056           0.7837653010158974
-19.42211055276382            0.7837652037183466
-19.306532663316585           0.783765485816985
-19.190954773869347           0.7837642430385025
-19.07537688442211            0.7837654642687333
-18.959798994974875           0.7837651754288194
-18.844221105527637           0.7837663705564067
-18.728643216080403           0.7837651417082514
-18.613065326633166           0.7837652434399627
-18.49748743718593            0.7837651302870919
-18.381909547738694           0.7837671091344285
-18.266331658291456           0.7837649727291905
-18.150753768844222           0.7837650542595452
-18.035175879396984           0.7837649682626122
-17.91959798994975            0.7837650201488711
-17.804020100502512           0.7837653737591106
-17.688442211055275           0.7837652676900123
-17.57286432160804            0.7837647606157605
-17.457286432160803           0.7837647474061469
-17.34170854271357            0.7837649797075787
-17.22613065326633            0.7837650968223828
-17.110552763819094           0.783764696994625
-16.99497487437186            0.7837650781131735
-16.87939698492462            0.7837647877594396
-16.763819095477388           0.7837652548953947
-16.64824120603015            0.7837648088621014
-16.532663316582916           0.7837647113155732
-16.417085427135678           0.783764759685077
-16.301507537688444           0.7837643109349731
-16.185929648241206           0.7837647633141873
-16.07035175879397            0.783764962664932
-15.954773869346734           0.7837638333825315
-15.839195979899497           0.7837646595287944
-15.72361809045226            0.783764724693721
-15.608040201005025           0.7837651578562987
-15.492462311557789           0.7837646275376403
-15.376884422110553           0.783764446871356
-15.261306532663315           0.7837647288061231
-15.145728643216081           0.7837646212201733
-15.030150753768844           0.7837654078554811
-14.914572864321608           0.7837643925642124
-14.798994974874372           0.7837637619932576
-14.683417085427136           0.7837646145462108
-14.5678391959799             0.7837645463786684
-14.452261306532662           0.7837645067838059
-14.336683417085428           0.7837644478485231
-14.22110552763819            0.7837647317544557
-14.105527638190955           0.7837644042172655
-13.989949748743719           0.7837635991651577
-13.874371859296481           0.7837642677609054
-13.758793969849247           0.7837649981434794
-13.64321608040201            0.7837643587782108
-13.527638190954773           0.7837638143549638
-13.412060301507537           0.7837643785983828
-13.296482412060302           0.7837643513634321
-13.180904522613066           0.7837644686869373
-13.065326633165828           0.7837639410639571
-12.949748743718594           0.7837643937317255
-12.834170854271356           0.783763914728293
-12.71859296482412            0.7837645482994304
-12.603015075376884           0.7837638011474698
-12.487437185929648           0.7837643836074545
-12.371859296482413           0.7837642180402838
-12.256281407035175           0.7837644328498659
-12.14070351758794            0.783764226359327
-12.025125628140703           0.7837641743281856
-11.909547738693467           0.7837640668068295
-11.793969849246231           0.7837639405489597
-11.678391959798995           0.7837641956500263
-11.56281407035176            0.7837641504848678
-11.447236180904522           0.7837644546351105
-11.331658291457286           0.7837642146484953
-11.21608040201005            0.7837641390508585
-11.100502512562814           0.7837644885751234
-10.984924623115578           0.7837642003543116
-10.869346733668342           0.7837640660941253
-10.753768844221106           0.7837634919555719
-10.638190954773869           0.7837641718955024
-10.522613065326633           0.7837639968102431
-10.407035175879397           0.783764175326182
-10.291457286432161           0.7837647066446843
-10.175879396984925           0.7837640432692786
-10.06030150753769            0.7837639163668279
-9.944723618090451            0.7837640272657829
-9.829145728643216            0.7837637948366699
-9.71356783919598             0.7837644040488841
-9.597989949748744            0.7837640010249551
-9.482412060301508            0.7837639797058729
-9.366834170854272            0.7837640539522901
-9.251256281407034            0.7837639812526364
-9.135678391959798            0.7837639382184287
-9.020100502512562            0.7837641036008601
-8.904522613065327            0.7837636316734365
-8.78894472361809             0.7837635366973436
-8.673366834170855            0.7837648682567441
-8.557788944723619            0.7837639318024521
-8.442211055276381            0.7837648107193456
-8.326633165829145            0.7837635592837411
-8.21105527638191             0.7837637515579267
-8.095477386934673            0.7837639357046366
-7.9798994974874375           0.7837638790367524
-7.864321608040202            0.7837638379918844
-7.748743718592964            0.7837637817751276
-7.633165829145728            0.7837638736104844
-7.517587939698492            0.7837636481889436
-7.402010050251256            0.7837640732783455
-7.28643216080402             0.7837638477968163
-7.170854271356784            0.7837637855943096
-7.055276381909547            0.7837635328242882
-6.939698492462311            0.7837637661290373
-6.824120603015075            0.7837637894746655
-6.708542713567839            0.783763674301335
-6.592964824120603            0.7837637492729447
-6.477386934673367            0.7837636994389363
-6.361809045226131            0.7837637364924929
-6.246231155778894            0.7837636430761734
-6.130653266331658            0.7837637320662204
-6.015075376884422            0.7837637381148356
-5.899497487437186            0.7837637947429168
-5.78391959798995             0.783763686465838
-5.668341708542714            0.7837636992897482
-5.5527638190954764           0.7837635629275418
-5.4371859296482405           0.7837634480069402
-5.321608040201005            0.7837635676134621
-5.206030150753769            0.7837636154816318
-5.090452261306533            0.7837636849690582
-4.974874371859297            0.7837636702631575
-4.859296482412061            0.7837638367364976
-4.743718592964823            0.7837636439622925
-4.628140703517587            0.7837637250584975
-4.5125628140703515           0.7837635798345893
-4.396984924623116            0.7837636001513558
-4.28140703517588             0.783763619710928
-4.165829145728644            0.7837635963284897
-4.050251256281406            0.783763531996859
-3.934673366834172            0.783763612678783
-3.8190954773869343           0.7837636241539825
-3.7035175879396967           0.7837635716782716
-3.5879396984924625           0.7837635794398181
-3.472361809045225            0.7837635669184285
-3.3567839195979907           0.7837635863030503
-3.241206030150753            0.7837635358663634
-3.125628140703519            0.783763532347394
-3.0100502512562812           0.7837635369047952
-2.8944723618090435           0.7837635484405233
-2.7788944723618094           0.7837634258806965
-2.6633165829145717           0.783763504239854
-2.5477386934673376           0.783763516260822
-2.4321608040201              0.7837635111975572
-2.316582914572866            0.783763512320834
-2.201005025125628            0.7837635243312597
-2.0854271356783904           0.7837635137446584
-1.9698492462311563           0.7837634748352965
-1.8542713567839186           0.7837634155938835
-1.7386934673366845           0.78376342040626
-1.6231155778894468           0.7837633342287458
-1.5075376884422127           0.7837632831869089
-1.391959798994975            0.7837629733643744
-1.2763819095477373           0.7837622395346491
-1.1608040201005032           0.7837604018764243
-1.0452261306532655           0.7837558045488673
-0.9296482412060314           0.7837444958113158
-0.8140703517587937           0.7837168995803032
-0.698492462311556            0.7836497507083522
-0.5829145728643219           0.7834894850349703
-0.46733668341708423          0.7831125133216481
-0.3517587939698501           0.7822438629048878
-0.23618090452261245          0.7802929151791076
-0.12060301507537828          0.7760475393608197
-0.005025125628140596         0.7671551943805565
0.11055276381909708           0.7493406302632881
0.22613065326633117           0.7153839915216867
0.34170854271356893           0.6539841906023881
0.457286432160803             0.548667235741959
0.5728643216080407            0.376790431421859
0.6884422110552748            0.10849063532483084
0.8040201005025125            -0.2947173985908682
0.9195979899497502            -0.8819862941453467
1.0351758793969843            -1.7160543956995706
1.150753768844222             -2.877271752663778
1.266331658291456             -4.469149316487479
1.3819095477386938            -6.625991747017895
1.4974874371859315            -9.522888118229984
1.6130653266331656            -13.388222425805019
1.7286432160804033            -18.519633050616328
1.8442211055276374            -25.304980792572856
1.959798994974875             -34.249924435642214
2.075376884422109             -46.01395374687625
2.190954773869347             -61.45738500261493
2.3065326633165846            -81.70265945558498
2.4221105527638187            -108.2143135649318
2.5376884422110564            -142.9033194496023
2.6532663316582905            -188.26322917524178
2.768844221105528             -249.29719832301606
