-20.0                         0.22296505111871992
-19.884422110552762           0.22296552348551119
-19.768844221105528           0.2229650024483027
-19.65326633165829            0.22296438983609673
-19.537688442211056           0.22296497665641057
-19.42211055276382            0.22296505524936067
-19.306532663316585           0.2229650305645884
-19.190954773869347           0.22296490530115487
-19.07537688442211            0.22296495888353668
-18.959798994974875           0.222964893045824
-18.844221105527637           0.22296521541950065
-18.728643216080403           0.22296489395018207
-18.613065326633166           0.22296476147375782
-18.49748743718593            0.22296482297023856
-18.381909547738694           0.22296547212717047
-18.266331658291456           0.22296472138418988
-18.150753768844222           0.2229647908636336
-18.035175879396984           0.22296433789327136
-17.91959798994975            0.22296470581950403
-17.804020100502512           0.2229647486019305
-17.688442211055275           0.2229648139166423
-17.57286432160804            0.22296471069506177
-17.457286432160803           0.2229645104624544
-17.34170854271357            0.2229646660381816
-17.22613065326633            0.22296478214618626
-17.110552763819094           0.22296449235548693
-16.99497487437186            0.22296457129781513
-16.87939698492462            0.22296469123318235
-16.763819095477388           0.22296460686790162
-16.64824120603015            0.2229646012241631
-16.532663316582916           0.2229644664688188
-16.417085427135678           0.22296453561808993
-16.301507537688444           0.22296449943180552
-16.185929648241206           0.22296445575834378
-16.07035175879397            0.22296450017907288
-15.954773869346734           0.22296412198779697
-15.839195979899497           0.2229643840812802
-15.72361809045226            0.22296438222473872
-15.608040201005025           0.2229642605225817
-15.492462311557789           0.22296430301362935
-15.376884422110553           0.22296415120363283
-15.261306532663315           0.22296435446961188
-15.145728643216081           0.22296427402768634
-15.030150753768844           0.22296448436260602
-14.914572864321608           0.22296415539900816
-14.798994974874372           0.2229639766378428
-14.683417085427136           0.22296422949337208
-14.5678391959799             0.22296425127959324
-14.452261306532662           0.22296422061782822
-14.336683417085428           0.22296415269403483
-14.22110552763819            0.2229640514151588
-14.105527638190955           0.22296416116926862
-13.989949748743719           0.22296367926907606
-13.874371859296481           0.22296405122321764
-13.758793969849247           0.2229646169207593
-13.64321608040201            0.2229641091741385
-13.527638190954773           0.22296403954825791
-13.412060301507537           0.22296408174437135
-13.296482412060302           0.2229642694532024
-13.180904522613066           0.22296404760168242
-13.065326633165828           0.22296373181738582
-12.949748743718594           0.22296407983289382
-12.834170854271356           0.2229637347609774
-12.71859296482412            0.22296412474083993
-12.603015075376884           0.22296369222339069
-12.487437185929648           0.2229639965493441
-12.371859296482413           0.22296398638480314
-12.256281407035175           0.22296399938619013
-12.14070351758794            0.2229639027118086
-12.025125628140703           0.2229640792059402
-11.909547738693467           0.22296381469936202
-11.793969849246231           0.22296378961611438
-11.678391959798995           0.2229638657846217
-11.56281407035176            0.22296384728341057
-11.447236180904522           0.22296393713170676
-11.331658291457286           0.2229638660310402
-11.21608040201005            0.22296382851056717
-11.100502512562814           0.2229641453152045
-10.984924623115578           0.2229638363983891
-10.869346733668342           0.22296375852764486
-10.753768844221106           0.22296348445329667
-10.638190954773869           0.22296377386803157
-10.522613065326633           0.22296374742868003
-10.407035175879397           0.22296374732540095
-10.291457286432161           0.22296384252807855
-10.175879396984925           0.22296371965197037
-10.06030150753769            0.22296364734273505
-9.944723618090451            0.22296368854606569
-9.829145728643216            0.22296373968992866
-9.71356783919598             0.22296370608621374
-9.597989949748744            0.22296364957078504
-9.482412060301508            0.22296365719829395
-9.366834170854272            0.22296363699086744
-9.251256281407034            0.22296362991626206
-9.135678391959798            0.2229636282749413
-9.020100502512562            0.22296363680002076
-8.904522613065327            0.2229635782479179
-8.78894472361809             0.22296344099150514
-8.673366834170855            0.22296405512164358
-8.557788944723619            0.2229635443893727
-8.442211055276381            0.22296401587316814
-8.326633165829145            0.22296343882367342
-8.21105527638191             0.22296360019110964
-8.095477386934673            0.22296350238779186
-7.9798994974874375           0.22296351449259197
-7.864321608040202            0.22296349952611993
-7.748743718592964            0.22296348329559426
-7.633165829145728            0.22296348939950983
-7.517587939698492            0.2229634494823614
-7.402010050251256            0.22296349050436406
-7.28643216080402             0.22296348281370457
-7.170854271356784            0.2229634566806644
-7.055276381909547            0.22296332871895608
-6.939698492462311            0.22296342573250993
-6.824120603015075            0.22296343216586095
-6.708542713567839            0.22296345083296487
-6.592964824120603            0.22296338629584245
-6.477386934673367            0.22296330960276317
-6.361809045226131            0.22296337915340722
-6.246231155778894            0.22296331854828758
-6.130653266331658            0.22296337933192137
-6.015075376884422            0.22296337572051594
-5.899497487437186            0.22296338379035702
-5.78391959798995             0.22296335849173482
-5.668341708542714            0.2229633554809901
-5.5527638190954764           0.222963317574078
-5.4371859296482405           0.2229632314711699
-5.321608040201005            0.22296332270226132
-5.206030150753769            0.2229633036837755
-5.090452261306533            0.22296329263869072
-4.974874371859297            0.22296335665299488
-4.859296482412061            0.22296341177014856
-4.743718592964823            0.2229632923069377
-4.628140703517587            0.22296332761032422
-4.5125628140703515           0.2229632617995481
-4.396984924623116            0.2229632592560093
-4.28140703517588             0.22296326035564862
-4.165829145728644            0.22296324577667104
-4.050251256281406            0.22296325562846853
-3.934673366834172            0.22296322825157358
-3.8190954773869343           0.22296321441872036
-3.7035175879396967           0.22296317674205077
-3.5879396984924625           0.22296314213264729
-3.472361809045225            0.22296308432920123
-3.3567839195979907           0.2229630103487104
-3.241206030150753            0.22296286830140868
-3.125628140703519            0.22296264886402106
-3.0100502512562812           0.22296230852918847
-2.8944723618090435           0.22296172128020575
-2.7788944723618094           0.22296078063165997
-2.6633165829145717           0.22295932392068674
-2.5477386934673376           0.22295694947240685
-2.4321608040201              0.22295304537558305
-2.316582914572866            0.22294670496192368
-2.201005025125628            0.22293641414605736
-2.0854271356783904           0.22291971463710264
-1.9698492462311563           0.22289263578504723
-1.8542713567839186           0.2228488104072234
-1.7386934673366845           0.22277802089411095
-1.6231155778894468           0.2226637597526013
-1.5075376884422127           0.22247990098289044
-1.391959798994975            0.22218464463334886
-1.2763819095477373           0.22171203378083829
-1.1608040201005032           0.22095838676665266
-1.0452261306532655           0.219761849582521
-0.9296482412060314           0.21787209128770654
-0.8140703517587937           0.214905691696628
-0.698492462311556            0.210282126306967
-0.5829145728643219           0.20313448009912227
-0.46733668341708423          0.19218621337526937
-0.3517587939698501           0.17558769366370408
-0.23618090452261245          0.15070289922876723
-0.12060301507537828          0.11383759286056283
-0.005025125628140596         0.05989765947742834
0.11055276381909708           -0.018037299819359875
0.22613065326633117           -0.12924799963734496
0.34170854271356893           -0.28604941695717595
0.457286432160803             -0.5046518425418253
0.5728643216080407            -0.8062708560647037
0.6884422110552748            -1.2185667854197246
0.8040201005025125            -1.7775146208059893
0.9195979899497502            -2.529830023076909
1.0351758793969843            -3.53612233701602
1.150753768844222             -4.875041282393998
1.266331658291456             -6.648854841469801
1.3819095477386938            -8.99097347102688
1.4974874371859315            -12.075751793959538
1.6130653266331656            -16.13092081036741
1.7286432160804033            -21.45358714106305
1.8442211055276374            -28.431221851450434
1.959798994974875             -37.56920834792087
2.075376884422109             -49.526840288763616
2.190954773869347             -65.16429208512707
2.3065326633165846            -85.60390100943367
2.4221105527638187            -112.3101265266125
2.5376884422110564            -147.19388329013486
2.6532663316582905            -192.74868020897094
2.768844221105528             -253.97654505668442
