-20.0                         0.20057931671804233
-19.884422110552762           0.20057967224158543
-19.768844221105528           0.20057927379364493
-19.65326633165829            0.20057878544770064
-19.537688442211056           0.20057924987253709
-19.42211055276382            0.20057931669968873
-19.306532663316585           0.20057925958558842
-19.190954773869347           0.20057929014397283
-19.07537688442211            0.20057919677000266
-18.959798994974875           0.2005791663678842
-18.844221105527637           0.20057928476460588
-18.728643216080403           0.20057914030277488
-18.613065326633166           0.20057903056502233
-18.49748743718593            0.2005790890515755
-18.381909547738694           0.20057943814709686
-18.266331658291456           0.20057900694192446
-18.150753768844222           0.20057905679845364
-18.035175879396984           0.20057866785015496
-17.91959798994975            0.20057897516916298
-17.804020100502512           0.20057897801135424
-17.688442211055275           0.2005790077980261
-17.57286432160804            0.2005789808005651
-17.457286432160803           0.2005788071057134
-17.34170854271357            0.20057891039167253
-17.22613065326633            0.20057897337119085
-17.110552763819094           0.2005788010985533
-16.99497487437186            0.2005788339981386
-16.87939698492462            0.20057891198378575
-16.763819095477388           0.2005788275253036
-16.64824120603015            0.20057883916099184
-16.532663316582916           0.20057876790837617
-16.417085427135678           0.20057881249356316
-16.301507537688444           0.2005787966850261
-16.185929648241206           0.2005787176812407
-16.07035175879397            0.20057874830864725
-15.954773869346734           0.2005785242466567
-15.839195979899497           0.20057866228340998
-15.72361809045226            0.2005786522922586
-15.608040201005025           0.20057852943862484
-15.492462311557789           0.20057857690833547
-15.376884422110553           0.20057850028398394
-15.261306532663315           0.20057860655131038
-15.145728643216081           0.2005785490964178
-15.030150753768844           0.20057862770782134
-14.914572864321608           0.20057844995766222
-14.798994974874372           0.20057838374327666
-14.683417085427136           0.20057849415227
-14.5678391959799             0.20057851730172885
-14.452261306532662           0.20057849058133
-14.336683417085428           0.2005784294379437
-14.22110552763819            0.20057834546033895
-14.105527638190955           0.20057843979578913
-13.989949748743719           0.20057806168457598
-13.874371859296481           0.2005783461154202
-13.758793969849247           0.2005787775554229
-13.64321608040201            0.20057838162176517
-13.527638190954773           0.20057838608261444
-13.412060301507537           0.20057835182793607
-13.296482412060302           0.20057849229068836
-13.180904522613066           0.20057831296084355
-13.065326633165828           0.2005780870343131
-12.949748743718594           0.20057832862521036
-12.834170854271356           0.2005780547066175
-12.71859296482412            0.20057835151578327
-12.603015075376884           0.2005780568845663
-12.487437185929648           0.20057824796914203
-12.371859296482413           0.2005782411567256
-12.256281407035175           0.2005782481484723
-12.14070351758794            0.20057817271964182
-12.025125628140703           0.2005783142009522
-11.909547738693467           0.20057810305136975
-11.793969849246231           0.20057811187916263
-11.678391959798995           0.2005781361682045
-11.56281407035176            0.20057812149554244
-11.447236180904522           0.2005781671907853
-11.331658291457286           0.2005781206991238
-11.21608040201005            0.20057809496186474
-11.100502512562814           0.20057834386051435
-10.984924623115578           0.20057808749837824
-10.869346733668342           0.20057803182530543
-10.753768844221106           0.20057783417642222
-10.638190954773869           0.200578033499743
-10.522613065326633           0.20057802483622725
-10.407035175879397           0.20057800526282696
-10.291457286432161           0.2005780260941836
-10.175879396984925           0.20057798331927337
-10.06030150753769            0.2005779298935993
-9.944723618090451            0.20057795508045853
-9.829145728643216            0.2005780165737513
-9.71356783919598             0.20057792884073794
-9.597989949748744            0.20057791726964044
-9.482412060301508            0.20057792282200393
-9.366834170854272            0.2005778962592278
-9.251256281407034            0.20057789234063142
-9.135678391959798            0.20057788915559485
-9.020100502512562            0.2005778780101907
-8.904522613065327            0.20057787976054134
-8.78894472361809             0.20057776158343474
-8.673366834170855            0.20057819919425218
-8.557788944723619            0.2005778046492533
-8.442211055276381            0.20057816462095465
-8.326633165829145            0.20057775127979857
-8.21105527638191             0.2005778630512817
-8.095477386934673            0.20057777263218188
-7.9798994974874375           0.20057777743044655
-7.864321608040202            0.20057776622154455
-7.748743718592964            0.2005777561378769
-7.633165829145728            0.20057774914032434
-7.517587939698492            0.20057773696812134
-7.402010050251256            0.20057772659886214
-7.28643216080402             0.20057773888222075
-7.170854271356784            0.2005777205318776
-7.055276381909547            0.20057763777773188
-6.939698492462311            0.20057769225672267
-6.824120603015075            0.20057769150936158
-6.708542713567839            0.20057772775719188
-6.592964824120603            0.2005776525484323
-6.477386934673367            0.20057758889107977
-6.361809045226131            0.20057764669425293
-6.246231155778894            0.2005775916650351
-6.130653266331658            0.20057763812602356
-6.015075376884422            0.20057763294302222
-5.899497487437186            0.20057762943035667
-5.78391959798995             0.2005776164991589
-5.668341708542714            0.2005776120129609
-5.5527638190954764           0.200577588646734
-5.4371859296482405           0.20057751590116105
-5.321608040201005            0.2005775781861165
-5.206030150753769            0.2005775510890262
-5.090452261306533            0.20057752784321636
-4.974874371859297            0.20057755685859588
-4.859296482412061            0.2005775716403118
-4.743718592964823            0.20057745497436189
-4.628140703517587            0.20057743721294946
-4.5125628140703515           0.20057732582995727
-4.396984924623116            0.20057722666251726
-4.28140703517588             0.20057709155621312
-4.165829145728644            0.20057688669749726
-4.050251256281406            0.2005766195908849
-3.934673366834172            0.2005761831600165
-3.8190954773869343           0.20057558245804494
-3.7035175879396967           0.20057470585005852
-3.5879396984924625           0.20057344797173285
-3.472361809045225            0.20057162324576366
-3.3567839195979907           0.20056899187233165
-3.241206030150753            0.2005651670552071
-3.125628140703519            0.20055962354538426
-3.0100502512562812           0.20055160697351335
-2.8944723618090435           0.20053996542291444
-2.7788944723618094           0.20052312400520525
-2.6633165829145717           0.20049878514304395
-2.5477386934673376           0.20046356553045058
-2.4321608040201              0.200412588854256
-2.316582914572866            0.20033889537147584
-2.201005025125628            0.20023243229472173
-2.0854271356783904           0.2000787439491746
-1.9698492462311563           0.1998570811410536
-1.8542713567839186           0.19953774893874354
-1.7386934673366845           0.19907831744165805
-1.6231155778894468           0.19841824226703952
-1.5075376884422127           0.19747166211583186
-1.391959798994975            0.1961168347561542
-1.2763819095477373           0.19418219458289038
-1.1608040201005032           0.1914268879924104
-1.0452261306532655           0.18751439762828848
-0.9296482412060314           0.1819771488493698
-0.8140703517587937           0.17416906123263617
-0.698492462311556            0.16320260952362647
-0.5829145728643219           0.1478663330276324
-0.46733668341708423          0.1265159330629612
-0.3517587939698501           0.0969328601535068
-0.23618090452261245          0.056139827097212755
-0.12060301507537828          0.0001610342859626357
-0.005025125628140596         -0.07628949359981008
0.11055276381909708           -0.18021236960988382
0.22613065326633117           -0.3208478451285864
0.34170854271356893           -0.5103556608503382
0.457286432160803             -0.7646953753099386
0.5728643216080407            -1.1047643800124813
0.6884422110552748            -1.5578682922111937
0.8040201005025125            -2.1596194213105653
0.9195979899497502            -2.9563863786700573
1.0351758793969843            -4.008466566864341
1.150753768844222             -5.394250344544137
1.266331658291456             -7.215807210641521
1.3819095477386938            -9.606393311718389
1.4974874371859315            -12.740223077038296
1.6130653266331656            -16.84489380065963
1.7286432160804033            -22.217398221597293
1.8442211055276374            -29.245120654390494
1.959798994974875             -38.43338105510524
2.075376884422109             -50.441426610227126
2.190954773869347             -66.12939737353706
2.3065326633165846            -86.61960500963829
2.4221105527638187            -113.37648977557201
2.5376884422110564            -148.31095184589913
2.6532663316582905            -193.91648917266343
2.768844221105528             -255.19483651397084
