-20.0                         0.2223157916720586
-19.884422110552762           0.22231626274480565
-19.768844221105528           0.22231574308002225
-19.65326633165829            0.22231513183940532
-19.537688442211056           0.22231571734581115
-19.42211055276382            0.2223157959325349
-19.306532663316585           0.22231577065677335
-19.190954773869347           0.22231564774656276
-19.07537688442211            0.222315699103384
-18.959798994974875           0.222315633763163
-18.844221105527637           0.22231595345637342
-18.728643216080403           0.22231563431385126
-18.613065326633166           0.2223155020116078
-18.49748743718593            0.22231556355736898
-18.381909547738694           0.2223162090342243
-18.266331658291456           0.22231546221142523
-18.150753768844222           0.22231553151311048
-18.035175879396984           0.22231507890655516
-17.91959798994975            0.22231544643523388
-17.804020100502512           0.22231548865348175
-17.688442211055275           0.22231555360027494
-17.57286432160804            0.22231545150964602
-17.457286432160803           0.22231525139719766
-17.34170854271357            0.22231540635353808
-17.22613065326633            0.22231552189114273
-17.110552763819094           0.22231523344934528
-16.99497487437186            0.2223153117872075
-16.87939698492462            0.2223154314297265
-16.763819095477388           0.22231534684660909
-16.64824120603015            0.2223153415479476
-16.532663316582916           0.22231520757078227
-16.417085427135678           0.22231527640335327
-16.301507537688444           0.22231524067703923
-16.185929648241206           0.2223151963000914
-16.07035175879397            0.22231524054110335
-15.954773869346734           0.22231486423425542
-15.839195979899497           0.22231512482930363
-15.72361809045226            0.22231512287502236
-15.608040201005025           0.22231500084856273
-15.492462311557789           0.22231504368870397
-15.376884422110553           0.22231489274102068
-15.261306532663315           0.22231509488832193
-15.145728643216081           0.22231501471095513
-15.030150753768844           0.2223152233153193
-14.914572864321608           0.22231489631586882
-14.798994974874372           0.2223147189604251
-14.683417085427136           0.2223149700465359
-14.5678391959799             0.2223149919327149
-14.452261306532662           0.2223149613096366
-14.336683417085428           0.22231489341313987
-14.22110552763819            0.22231479212977667
-14.105527638190955           0.22231490196563508
-13.989949748743719           0.22231442117433278
-13.874371859296481           0.22231479215976016
-13.758793969849247           0.22231535654263798
-13.64321608040201            0.22231484989320416
-13.527638190954773           0.22231478132062435
-13.412060301507537           0.22231482241881484
-13.296482412060302           0.22231500978090876
-13.180904522613066           0.22231478816506098
-13.065326633165828           0.2223144733396032
-12.949748743718594           0.22231482027147365
-12.834170854271356           0.222314475937459
-12.71859296482412            0.22231486491626717
-12.603015075376884           0.22231443390481853
-12.487437185929648           0.22231473696129403
-12.371859296482413           0.22231472689677392
-12.256281407035175           0.22231473976914423
-12.14070351758794            0.2223146433541772
-12.025125628140703           0.2223148196505819
-11.909547738693467           0.22231455555230933
-11.793969849246231           0.22231453094424256
-11.678391959798995           0.22231460643963466
-11.56281407035176            0.22231458798399686
-11.447236180904522           0.22231467728988225
-11.331658291457286           0.2223146065080304
-11.21608040201005            0.2223145691316324
-11.100502512562814           0.22231488530856683
-10.984924623115578           0.22231457682985706
-10.869346733668342           0.2223144992115538
-10.753768844221106           0.22231422601536907
-10.638190954773869           0.22231451438449926
-10.522613065326633           0.2223144882017928
-10.407035175879397           0.22231448779037435
-10.291457286432161           0.22231458201586962
-10.175879396984925           0.22231446022980653
-10.06030150753769            0.22231438813380344
-9.944723618090451            0.22231442915354788
-9.829145728643216            0.22231448058813588
-9.71356783919598             0.22231444601958245
-9.597989949748744            0.22231439018545304
-9.482412060301508            0.2223143978139126
-9.366834170854272            0.22231437747426275
-9.251256281407034            0.22231437047268374
-9.135678391959798            0.2223143688307137
-9.020100502512562            0.22231437704371132
-8.904522613065327            0.22231431938955185
-8.78894472361809             0.22231418224127952
-8.673366834170855            0.22231479432737325
-8.557788944723619            0.22231428490150532
-8.442211055276381            0.22231475513230886
-8.326633165829145            0.22231417998664524
-8.21105527638191             0.22231434088430038
-8.095477386934673            0.2223142429978649
-7.9798994974874375           0.22231425504788715
-7.864321608040202            0.22231424013560477
-7.748743718592964            0.22231422398298414
-7.633165829145728            0.22231422991320118
-7.517587939698492            0.22231419040172593
-7.402010050251256            0.22231423064642533
-7.28643216080402             0.2223142233015832
-7.170854271356784            0.22231419726798318
-7.055276381909547            0.22231406981687177
-6.939698492462311            0.22231416634004456
-6.824120603015075            0.22231417268733705
-6.708542713567839            0.22231419162094462
-6.592964824120603            0.22231412688342783
-6.477386934673367            0.2223140502965173
-6.361809045226131            0.2223141197691585
-6.246231155778894            0.2223140592232194
-6.130653266331658            0.22231411985585942
-6.015075376884422            0.2223141162245402
-5.899497487437186            0.22231412414644738
-5.78391959798995             0.22231409904884417
-5.668341708542714            0.2223140960359693
-5.5527638190954764           0.2223140583630953
-5.4371859296482405           0.2223139724055799
-5.321608040201005            0.2223140634069996
-5.206030150753769            0.22231404433781393
-5.090452261306533            0.2223140332237085
-4.974874371859297            0.22231409705638633
-4.859296482412061            0.2223141519241494
-4.743718592964823            0.22231403279876974
-4.628140703517587            0.22231406797696784
-4.5125628140703515           0.2223140023549645
-4.396984924623116            0.22231399968479876
-4.28140703517588             0.2223140006607375
-4.165829145728644            0.22231398598268348
-4.050251256281406            0.22231399569750765
-3.934673366834172            0.22231396787041835
-3.8190954773869343           0.22231395347913868
-3.7035175879396967           0.22231391505257045
-3.5879396984924625           0.2223138791167024
-3.472361809045225            0.222313819238844
-3.3567839195979907           0.22231374193431094
-3.241206030150753            0.22231359479612622
-3.125628140703519            0.222313367183977
-3.0100502512562812           0.2223130140373128
-2.8944723618090435           0.22231240671858513
-2.7788944723618094           0.22231143480985788
-2.6633165829145717           0.22230992888962445
-2.5477386934673376           0.22230747779967566
-2.4321608040201              0.222303454498626
-2.316582914572866            0.22229692904820156
-2.201005025125628            0.22228635181735676
-2.0854271356783904           0.22226921045850204
-1.9698492462311563           0.2222414524235464
-1.8542713567839186           0.22219658726699051
-1.7386934673366845           0.2221242131164115
-1.6231155778894468           0.22200755029310706
-1.5075376884422127           0.22182007335146253
-1.391959798994975            0.22151940480901353
-1.2763819095477373           0.2210387633683925
-1.1608040201005032           0.22027331139217476
-1.0452261306532655           0.21905960687972542
-0.9296482412060314           0.21714519016012676
-0.8140703517587937           0.2141438707442411
-0.698492462311556            0.2094716447065656
-0.5829145728643219           0.2022574088375415
-0.46733668341708423          0.1912198382577384
-0.3517587939698501           0.17450416926325601
-0.23618090452261245          0.1494693017191015
-0.12060301507537828          0.11241648077751319
-0.005025125628140596         0.05824816544437984
0.11055276381909708           -0.01995793994032618
0.22613065326633117           -0.13148268301334493
0.34170854271356893           -0.28863943661961194
0.457286432160803             -0.507635422055709
0.5728643216080407            -0.8096821190451631
0.6884422110552748            -1.222435212076107
0.8040201005025125            -1.7818649454055384
0.9195979899497502            -2.534682476712969
1.0351758793969843            -3.5414931485009413
1.150753768844222             -4.880943387282296
1.266331658291456             -6.655298680787217
1.3819095477386938            -8.997967578628902
1.4974874371859315            -12.083303007114099
1.6130653266331656            -16.13903437131482
1.7286432160804033            -21.462266945887944
1.8442211055276374            -28.440470778743002
1.959798994974875             -37.579028537199484
2.075376884422109             -49.537233341281116
2.190954773869347             -65.17525920592958
2.3065326633165846            -85.61544310925908
2.4221105527638187            -112.32224429602083
2.5376884422110564            -147.20657725405013
2.6532663316582905            -192.7619507671663
2.768844221105528             -253.99038927778994
