-20.0                         0.32448895688862367
-19.884422110552762           0.3244895544101128
-19.768844221105528           0.32448889811836246
-19.65326633165829            0.32448815312615564
-19.537688442211056           0.32448886337827604
-19.42211055276382            0.3244889268273245
-19.306532663316585           0.32448898359454165
-19.190954773869347           0.32448856922623304
-19.07537688442211            0.32448889894098076
-18.959798994974875           0.32448877442035684
-18.844221105527637           0.3244893872065598
-18.728643216080403           0.3244888083857675
-18.613065326633166           0.3244886752589947
-18.49748743718593            0.32448872112256405
-18.381909547738694           0.324489756823564
-18.266331658291456           0.32448859428586235
-18.150753768844222           0.32448867626483546
-18.035175879396984           0.3244882312600834
-17.91959798994975            0.3244886022848033
-17.804020100502512           0.3244887133532159
-17.688442211055275           0.3244888005936712
-17.57286432160804            0.32448856216180727
-17.457286432160803           0.3244883745626241
-17.34170854271357            0.3244885892567934
-17.22613065326633            0.3244887503041203
-17.110552763819094           0.3244883406434964
-16.99497487437186            0.3244884904457756
-16.87939698492462            0.3244886025244929
-16.763819095477388           0.3244885761237825
-16.64824120603015            0.3244885120333859
-16.532663316582916           0.3244883072551241
-16.417085427135678           0.3244884076071503
-16.301507537688444           0.32448829621139974
-16.185929648241206           0.32448835668457604
-16.07035175879397            0.32448842513371995
-15.954773869346734           0.32448784537386205
-15.839195979899497           0.32448826456212354
-15.72361809045226            0.3244882735225314
-15.608040201005025           0.32448822639608516
-15.492462311557789           0.32448819312201665
-15.376884422110553           0.3244879668527611
-15.261306532663315           0.32448826960266464
-15.145728643216081           0.3244881648652719
-15.030150753768844           0.32448856337610726
-14.914572864321608           0.3244880207012351
-14.798994974874372           0.3244876960616951
-14.683417085427136           0.32448813386362646
-14.5678391959799             0.32448813623230693
-14.452261306532662           0.3244881023126357
-14.336683417085428           0.3244880370987753
-14.22110552763819            0.32448796768398447
-14.105527638190955           0.3244880327797427
-13.989949748743719           0.32448744712262784
-13.874371859296481           0.32448791306437497
-13.758793969849247           0.32448858375643125
-13.64321608040201            0.3244879879881168
-13.527638190954773           0.32448779543133255
-13.412060301507537           0.3244879676507237
-13.296482412060302           0.32448816197018926
-13.180904522613066           0.3244879526623924
-13.065326633165828           0.3244875502601879
-12.949748743718594           0.32448798619192726
-12.834170854271356           0.32448757711266873
-12.71859296482412            0.3244880592568365
-12.603015075376884           0.32448748971950714
-12.487437185929648           0.3244879126400524
-12.371859296482413           0.324487882303932
-12.256281407035175           0.3244879202537622
-12.14070351758794            0.3244877948085526
-12.025125628140703           0.32448796401124363
-11.909547738693467           0.3244876857228694
-11.793969849246231           0.32448760960403367
-11.678391959798995           0.32448775644538874
-11.56281407035176            0.32448773316242124
-11.447236180904522           0.32448788079504287
-11.331658291457286           0.32448777265102746
-11.21608040201005            0.3244877207087402
-11.100502512562814           0.3244880829402794
-10.984924623115578           0.32448774785990026
-10.869346733668342           0.32448764615736736
-10.753768844221106           0.3244872837622359
-10.638190954773869           0.3244876802736023
-10.522613065326633           0.32448762238576645
-10.407035175879397           0.3244876627566023
-10.291457286432161           0.324487867307975
-10.175879396984925           0.3244876169159362
-10.06030150753769            0.3244875241503643
-9.944723618090451            0.32448758381770526
-9.829145728643216            0.32448758647340675
-9.71356783919598             0.32448768699249975
-9.597989949748744            0.32448754527479423
-9.482412060301508            0.3244875498902843
-9.366834170854272            0.3244875494586008
-9.251256281407034            0.32448753056962715
-9.135678391959798            0.32448752587315965
-9.020100502512562            0.3244875748355722
-8.904522613065327            0.3244874072388419
-8.78894472361809             0.3244872697376064
-8.673366834170855            0.32448809143887547
-8.557788944723619            0.324487451591419
-8.442211055276381            0.32448804682407734
-8.326633165829145            0.3244872757453198
-8.21105527638191             0.3244874714816725
-8.095477386934673            0.32448740484266514
-7.9798994974874375           0.32448741653575697
-7.864321608040202            0.32448739487209277
-7.748743718592964            0.32448736986827903
-7.633165829145728            0.32448739591437187
-7.517587939698492            0.3244873070875642
-7.402010050251256            0.32448744465218593
-7.28643216080402             0.3244873897449395
-7.170854271356784            0.32448735278173296
-7.055276381909547            0.3244871766661644
-6.939698492462311            0.32448732129767427
-6.824120603015075            0.32448733613763686
-6.708542713567839            0.32448732256908364
-6.592964824120603            0.32448728581526903
-6.477386934673367            0.32448720397853764
-6.361809045226131            0.32448727546330147
-6.246231155778894            0.32448720866759007
-6.130653266331658            0.3244872831851901
-6.015075376884422            0.3244872826000973
-5.899497487437186            0.32448730699540934
-5.78391959798995             0.3244872571556836
-5.668341708542714            0.32448725527355804
-5.5527638190954764           0.3244871899215552
-5.4371859296482405           0.3244870933436675
-5.321608040201005            0.32448720163147277
-5.206030150753769            0.32448719199216647
-5.090452261306533            0.324487193319858
-4.974874371859297            0.3244872646356716
-4.859296482412061            0.3244873467460889
-4.743718592964823            0.3244871963234806
-4.628140703517587            0.32448724261944684
-4.5125628140703515           0.3244871533611
-4.396984924623116            0.3244871607345234
-4.28140703517588             0.32448716787491755
-4.165829145728644            0.32448715192477334
-4.050251256281406            0.32448715297286945
-3.934673366834172            0.32448715076652446
-3.8190954773869343           0.3244871514719176
-3.7035175879396967           0.3244871226941274
-3.5879396984924625           0.32448711887640724
-3.472361809045225            0.3244871081696703
-3.3567839195979907           0.3244871162256972
-3.241206030150753            0.32448708991173997
-3.125628140703519            0.3244870800519941
-3.0100502512562812           0.32448707527431253
-2.8944723618090435           0.32448703357943026
-2.7788944723618094           0.3244869521529885
-2.6633165829145717           0.32448693083448243
-2.5477386934673376           0.3244868615290012
-2.4321608040201              0.324486680550896
-2.316582914572866            0.32448635033723067
-2.201005025125628            0.3244857454218267
-2.0854271356783904           0.3244846147198516
-1.9698492462311563           0.32448250485433655
-1.8542713567839186           0.32447861576430015
-1.7386934673366845           0.3244715090758013
-1.6231155778894468           0.32445834555206565
-1.5075376884422127           0.32443425306183893
-1.391959798994975            0.32439001318569427
-1.2763819095477373           0.3243091741525529
-1.1608040201005032           0.3241621118428618
-1.0452261306532655           0.3238958717034534
-0.9296482412060314           0.32341689378674965
-0.8140703517587937           0.3225615971883675
-0.698492462311556            0.32104795544928244
-0.5829145728643219           0.3183987745775382
-0.46733668341708423          0.3138219267039368
-0.3517587939698501           0.30603463111898144
-0.23618090452261245          0.2930155970053253
-0.12060301507537828          0.2716747956687748
-0.005025125628140596         0.23743647934467024
0.11055276381909708           0.18373693027175197
0.22613065326633117           0.10143551778907504
0.34170854271356893           -0.02187617752370074
0.457286432160803             -0.20271013059810616
0.5728643216080407            -0.46273494177518154
0.6884422110552748            -0.830145814224356
0.8040201005025125            -1.3414706292627614
0.9195979899497502            -2.0439477147180978
1.0351758793969843            -2.9986462348667384
1.150753768844222             -4.284590142652576
1.266331658291456             -6.004327659527164
1.3819095477386938            -8.291479487571234
1.4974874371859315            -11.320582818921054
1.6130653266331656            -15.319537462437765
1.7286432160804033            -20.585591000972425
1.8442211055276374            -27.506320080696415
1.959798994974875             -36.58718417801961
2.075376884422109             -48.487531988496734
2.190954773869347             -64.0675782278748
2.3065326633165846            -84.44968998922916
2.4221105527638187            -111.09834897902967
2.5376884422110564            -145.92448654346575
2.6532663316582905            -191.42162418140592
2.768844221105528             -252.59212294613164
