-20.0                         0.8531224080046794
-19.884422110552762           0.8531233437382666
-19.768844221105528           0.853122293153126
-19.65326633165829            0.8531212886604717
-19.537688442211056           0.8531222940405716
-19.42211055276382            0.8531221656060568
-19.306532663316585           0.8531224605645683
-19.190954773869347           0.8531211346045628
-19.07537688442211            0.8531224650452939
-18.959798994974875           0.853122159328433
-18.844221105527637           0.8531233902793746
-18.728643216080403           0.8531220956403792
-18.613065326633166           0.8531222530860235
-18.49748743718593            0.8531221057231724
-18.381909547738694           0.8531241893312975
-18.266331658291456           0.8531219519793576
-18.150753768844222           0.853122031999309
-18.035175879396984           0.8531220170840116
-17.91959798994975            0.853121997798253
-17.804020100502512           0.853122386065088
-17.688442211055275           0.8531222279680173
-17.57286432160804            0.8531217188400032
-17.457286432160803           0.8531217273826299
-17.34170854271357            0.8531219429181497
-17.22613065326633            0.8531220407023905
-17.110552763819094           0.8531216780570597
-16.99497487437186            0.8531220857955821
-16.87939698492462            0.8531217177604911
-16.763819095477388           0.8531222736926761
-16.64824120603015            0.8531217616573554
-16.532663316582916           0.8531217158963852
-16.417085427135678           0.8531217346722434
-16.301507537688444           0.8531212439722112
-16.185929648241206           0.8531217408595158
-16.07035175879397            0.853121960914677
-15.954773869346734           0.8531207650734085
-15.839195979899497           0.8531216405710647
-15.72361809045226            0.8531217184873628
-15.608040201005025           0.8531222254579163
-15.492462311557789           0.8531216146930886
-15.376884422110553           0.8531214670767815
-15.261306532663315           0.853121713601814
-15.145728643216081           0.8531216129073959
-15.030150753768844           0.8531224250788995
-14.914572864321608           0.8531213721272387
-14.798994974874372           0.8531207142570372
-14.683417085427136           0.853121607635478
-14.5678391959799             0.8531215356928835
-14.452261306532662           0.853121495613161
-14.336683417085428           0.8531214314581078
-14.22110552763819            0.85312177933081
-14.105527638190955           0.8531213852921099
-13.989949748743719           0.8531205539973983
-13.874371859296481           0.8531212446752432
-13.758793969849247           0.8531219681955765
-13.64321608040201            0.8531213375346474
-13.527638190954773           0.85312075146626
-13.412060301507537           0.8531213639486586
-13.296482412060302           0.8531212912593681
-13.180904522613066           0.8531214696345946
-13.065326633165828           0.8531209356323064
-12.949748743718594           0.8531213721291884
-12.834170854271356           0.8531208918617332
-12.71859296482412            0.8531215372382029
-12.603015075376884           0.8531207843435469
-12.487437185929648           0.8531213708634352
-12.371859296482413           0.8531211843360058
-12.256281407035175           0.8531214270986125
-12.14070351758794            0.8531212129907174
-12.025125628140703           0.8531211201454009
-11.909547738693467           0.8531210471147785
-11.793969849246231           0.853120929289907
-11.678391959798995           0.8531211850775645
-11.56281407035176            0.8531211352408529
-11.447236180904522           0.8531214590883124
-11.331658291457286           0.8531211998373864
-11.21608040201005            0.8531211229525015
-11.100502512562814           0.8531214622420887
-10.984924623115578           0.8531211864959668
-10.869346733668342           0.8531210512692207
-10.753768844221106           0.8531204519669441
-10.638190954773869           0.853121168402138
-10.522613065326633           0.8531209761063773
-10.407035175879397           0.8531211694259108
-10.291457286432161           0.8531217449099643
-10.175879396984925           0.8531210270074497
-10.06030150753769            0.8531208977818231
-9.944723618090451            0.8531210166947857
-9.829145728643216            0.8531207489538106
-9.71356783919598             0.853121423034795
-9.597989949748744            0.8531209923286671
-9.482412060301508            0.8531209668454457
-9.366834170854272            0.8531210495455198
-9.251256281407034            0.8531209698660273
-9.135678391959798            0.8531209201250365
-9.020100502512562            0.8531210940829855
-8.904522613065327            0.8531205923265679
-8.78894472361809             0.8531205027752703
-8.673366834170855            0.8531218952183176
-8.557788944723619            0.8531209247194902
-8.442211055276381            0.8531218361492996
-8.326633165829145            0.8531205271103978
-8.21105527638191             0.8531207139511122
-8.095477386934673            0.8531209398598916
-7.9798994974874375           0.8531208686487497
-7.864321608040202            0.8531208262072688
-7.748743718592964            0.8531207652510213
-7.633165829145728            0.8531208662466403
-7.517587939698492            0.8531206275025661
-7.402010050251256            0.8531210820940646
-7.28643216080402             0.8531208360911973
-7.170854271356784            0.8531207717073142
-7.055276381909547            0.8531205139259731
-6.939698492462311            0.853120754956228
-6.824120603015075            0.8531207775253202
-6.708542713567839            0.8531206492677322
-6.592964824120603            0.853120740497332
-6.477386934673367            0.8531206983868285
-6.361809045226131            0.8531207283637848
-6.246231155778894            0.8531206302132572
-6.130653266331658            0.8531207186883017
-6.015075376884422            0.8531207240599437
-5.899497487437186            0.8531207825421016
-5.78391959798995             0.8531206710819602
-5.668341708542714            0.8531206867542503
-5.5527638190954764           0.8531205441625481
-5.4371859296482405           0.8531204249110259
-5.321608040201005            0.8531205456655517
-5.206030150753769            0.8531206031506572
-5.090452261306533            0.8531206818767261
-4.974874371859297            0.8531206481512201
-4.859296482412061            0.8531208257877706
-4.743718592964823            0.853120630376876
-4.628140703517587            0.8531207171335455
-4.5125628140703515           0.8531205673482238
-4.396984924623116            0.8531205863432746
-4.28140703517588             0.8531206072108369
-4.165829145728644            0.8531205839388409
-4.050251256281406            0.8531205097807402
-3.934673366834172            0.8531206020789577
-3.8190954773869343           0.8531206150862961
-3.7035175879396967           0.8531205598208608
-3.5879396984924625           0.8531205697047478
-3.472361809045225            0.853120556727625
-3.3567839195979907           0.8531205765382899
-3.241206030150753            0.8531205251908921
-3.125628140703519            0.8531205197598444
-3.0100502512562812           0.853120524046381
-2.8944723618090435           0.8531205427326468
-2.7788944723618094           0.8531204101007025
-2.6633165829145717           0.8531204958799076
-2.5477386934673376           0.8531205046589164
-2.4321608040201              0.853120499398145
-2.316582914572866            0.853120501302856
-2.201005025125628            0.8531205142351714
-2.0854271356783904           0.8531205034315614
-1.9698492462311563           0.8531204648860006
-1.8542713567839186           0.8531204074010964
-1.7386934673366845           0.8531204222938831
-1.6231155778894468           0.8531203585223427
-1.5075376884422127           0.8531203672640506
-1.391959798994975            0.8531201914013489
-1.2763819095477373           0.8531197887310863
-1.1608040201005032           0.8531187329151841
-1.0452261306532655           0.8531159745063089
-0.9296482412060314           0.8531089426062495
-0.8140703517587937           0.8530911707448305
-0.698492462311556            0.8530461564640321
-0.5829145728643219           0.8529347556054117
-0.46733668341708423          0.8526628313192649
-0.3517587939698501           0.852012743973474
-0.23618090452261245          0.8504985403930279
-0.12060301507537828          0.8470838472406377
-0.005025125628140596         0.8396808671489212
0.11055276381909708           0.8243604228688659
0.22613065326633117           0.7942777357194666
0.34170854271356893           0.7384429682124056
0.457286432160803             0.6405375754179421
0.5728643216080407            0.4778805770559738
0.6884422110552748            0.2204107771013653
0.8040201005025125            -0.17063942706034138
0.9195979899497502            -0.7447167218939418
1.0351758793969843            -1.5648192332206905
1.150753768844222             -2.711501900923224
1.266331658291456             -4.288422019529674
1.3819095477386938            -6.42998487118264
1.4974874371859315            -9.311356933672348
1.6130653266331656            -13.160987698279813
1.7286432160804033            -18.276567154498924
1.8442211055276374            -25.045992826327414
1.959798994974875             -33.97494874517802
2.075376884422109             -45.722942253988
2.190954773869347             -61.15030211858157
2.3065326633165846            -81.37947861971902
2.4221105527638187            -107.87501482996825
2.5376884422110564            -142.54788776332927
2.6532663316582905            -187.89165313805265
2.768844221105528             -248.9095601320613
