-20.0                         1.3647618363860454
-19.884422110552762           1.3647631065201453
-19.768844221105528           1.36476167822478
-19.65326633165829            1.3647606443474751
-19.537688442211056           1.364761909238658
-19.42211055276382            1.3647615037333591
-19.306532663316585           1.3647617498341058
-19.190954773869347           1.3647600540624178
-19.07537688442211            1.3647620448359528
-18.959798994974875           1.3647616585241804
-18.844221105527637           1.3647628935937923
-18.728643216080403           1.3647613052336323
-18.613065326633166           1.3647619461608556
-18.49748743718593            1.3647614880370997
-18.381909547738694           1.3647641847126062
-18.266331658291456           1.364761412580121
-18.150753768844222           1.364761478947413
-18.035175879396984           1.3647620550449677
-17.91959798994975            1.3647613955666278
-17.804020100502512           1.3647620244711713
-17.688442211055275           1.364761400613053
-17.57286432160804            1.3647611369843677
-17.457286432160803           1.364761196517624
-17.34170854271357            1.3647612110956513
-17.22613065326633            1.3647611307731835
-17.110552763819094           1.3647611720057444
-16.99497487437186            1.3647616816404136
-16.87939698492462            1.3647607762451737
-16.763819095477388           1.3647619930949917
-16.64824120603015            1.3647610128045868
-16.532663316582916           1.364761487260059
-16.417085427135678           1.3647611619657858
-16.301507537688444           1.3647604679685132
-16.185929648241206           1.3647611843810281
-16.07035175879397            1.3647615166405762
-15.954773869346734           1.3647599104237242
-15.839195979899497           1.3647611106036395
-15.72361809045226            1.3647613240396135
-15.608040201005025           1.364762299204253
-15.492462311557789           1.364761130103652
-15.376884422110553           1.3647613372661238
-15.261306532663315           1.3647611924757905
-15.145728643216081           1.364761159700473
-15.030150753768844           1.3647619932684563
-14.914572864321608           1.3647608372702749
-14.798994974874372           1.3647600582681885
-14.683417085427136           1.3647611622325144
-14.5678391959799             1.3647611165412992
-14.452261306532662           1.3647610782471775
-14.336683417085428           1.3647609237604788
-14.22110552763819            1.3647617470117115
-14.105527638190955           1.364760881044353
-13.989949748743719           1.3647598639103724
-13.874371859296481           1.3647606900864877
-13.758793969849247           1.3647613216203938
-13.64321608040201            1.3647608088173835
-13.527638190954773           1.364759962859951
-13.412060301507537           1.3647608816343255
-13.296482412060302           1.3647604466640952
-13.180904522613066           1.3647610816502955
-13.065326633165828           1.3647605627647614
-12.949748743718594           1.3647608102618252
-12.834170854271356           1.3647603481277497
-12.71859296482412            1.3647610444686082
-12.603015075376884           1.3647603295411859
-12.487437185929648           1.3647608628454966
-12.371859296482413           1.364760556133866
-12.256281407035175           1.3647609533731409
-12.14070351758794            1.364760728533557
-12.025125628140703           1.3647603262005141
-11.909547738693467           1.364760515622073
-11.793969849246231           1.364760548809153
-11.678391959798995           1.3647607256948815
-11.56281407035176            1.3647606336945601
-11.447236180904522           1.364761090632605
-11.331658291457286           1.3647606912163743
-11.21608040201005            1.364760616539474
-11.100502512562814           1.3647608553780688
-10.984924623115578           1.3647606824949157
-10.869346733668342           1.3647605551065056
-10.753768844221106           1.364759789533329
-10.638190954773869           1.3647607510339352
-10.522613065326633           1.3647604412219538
-10.407035175879397           1.3647606872159945
-10.291457286432161           1.3647615843174463
-10.175879396984925           1.3647605125022253
-10.06030150753769            1.3647603726103934
-9.944723618090451            1.364760564373485
-9.829145728643216            1.3647600412340135
-9.71356783919598             1.3647610965677826
-9.597989949748744            1.3647605414317456
-9.482412060301508            1.3647604893208418
-9.366834170854272            1.36476061175529
-9.251256281407034            1.364760496105761
-9.135678391959798            1.3647604059382819
-9.020100502512562            1.3647605683851127
-8.904522613065327            1.3647599420138132
-8.78894472361809             1.3647598762248303
-8.673366834170855            1.364761667210989
-8.557788944723619            1.3647604790448364
-8.442211055276381            1.3647615981342087
-8.326633165829145            1.3647599111003732
-8.21105527638191             1.364760054903795
-8.095477386934673            1.3647605721917995
-7.9798994974874375           1.364760385331068
-7.864321608040202            1.364760347695602
-7.748743718592964            1.364760252406475
-7.633165829145728            1.3647604156326
-7.517587939698492            1.3647601274179026
-7.402010050251256            1.3647607044554697
-7.28643216080402             1.3647603502211507
-7.170854271356784            1.3647602781142694
-7.055276381909547            1.3647600084106688
-6.939698492462311            1.364760284240672
-6.824120603015075            1.3647602923409825
-6.708542713567839            1.3647600765780172
-6.592964824120603            1.3647602855489362
-6.477386934673367            1.3647603123316137
-6.361809045226131            1.3647602821678306
-6.246231155778894            1.3647601452989482
-6.130653266331658            1.3647602188156924
-6.015075376884422            1.3647602055107853
-5.899497487437186            1.3647602632485922
-5.78391959798995             1.3647601645573881
-5.668341708542714            1.3647602011245563
-5.5527638190954764           1.3647600415587215
-5.4371859296482405           1.3647598702479946
-5.321608040201005            1.3647600127762027
-5.206030150753769            1.3647601419056643
-5.090452261306533            1.364760265266982
-4.974874371859297            1.3647600828669053
-4.859296482412061            1.3647603336315113
-4.743718592964823            1.3647601298418452
-4.628140703517587            1.364760261236651
-4.5125628140703515           1.364760101000104
-4.396984924623116            1.3647600915802216
-4.28140703517588             1.3647601170131736
-4.165829145728644            1.3647601024537146
-4.050251256281406            1.364759957766072
-3.934673366834172            1.364760125565223
-3.8190954773869343           1.3647601502587927
-3.7035175879396967           1.3647600774514124
-3.5879396984924625           1.3647601038788493
-3.472361809045225            1.3647600881464486
-3.3567839195979907           1.364760100295813
-3.241206030150753            1.364760067016182
-3.125628140703519            1.3647600338364392
-3.0100502512562812           1.3647600344445225
-2.8944723618090435           1.3647601109822802
-2.7788944723618094           1.3647599038888265
-2.6633165829145717           1.3647600459471245
-2.5477386934673376           1.3647600250598708
-2.4321608040201              1.3647600162314424
-2.316582914572866            1.3647600248607765
-2.201005025125628            1.3647600359975554
-2.0854271356783904           1.364760022024277
-1.9698492462311563           1.36475998160521
-1.8542713567839186           1.3647599165935138
-1.7386934673366845           1.3647599462053672
-1.6231155778894468           1.3647598922350408
-1.5075376884422127           1.3647599806024953
-1.391959798994975            1.3647599381821351
-1.2763819095477373           1.3647599565836204
-1.1608040201005032           1.364759946130672
-1.0452261306532655           1.3647598522525441
-0.9296482412060314           1.3647595537737691
-0.8140703517587937           1.3647587877099314
-0.698492462311556            1.3647557588271777
-0.5829145728643219           1.36474662493954
-0.46733668341708423          1.364718221294315
-0.3517587939698501           1.3646318385462672
-0.23618090452261245          1.364376211226399
-0.12060301507537828          1.3636456015673342
-0.005025125628140596         1.361648356599201
0.11055276381909708           1.3564825908090123
0.22613065326633117           1.3439862224302588
0.34170854271356893           1.3159971432713766
0.457286432160803             1.2583078694025431
0.5728643216080407            1.1488992175954742
0.6884422110552748            0.9568165564684502
0.8040201005025125            0.6413626150993107
0.9195979899497502            0.15083261403953113
1.0351758793969843            -0.5798428662155671
1.150753768844222             -1.6328613017971363
1.266331658291456             -3.113043181203975
1.3819095477386938            -5.1555748949177405
1.4974874371859315            -7.936201838531738
1.6130653266331656            -11.68384940871608
1.7286432160804033            -16.69657553308075
1.8442211055276374            -23.362535077469804
1.959798994974875             -32.18758615331668
2.075376884422109             -43.83135567628767
2.190954773869347             -59.15425649834165
2.3065326633165846            -79.27879919343164
2.4221105527638187            -105.66957072703238
2.5376884422110564            -140.23758044539463
2.6532663316582905            -185.47640810318114
2.768844221105528             -246.38991189085527
