-20.0                         1.4834401368032153
-19.884422110552762           1.4834414933185562
-19.768844221105528           1.4834399733148664
-19.65326633165829            1.4834389496489053
-19.537688442211056           1.4834402814915764
-19.42211055276382            1.4834398012094832
-19.306532663316585           1.4834400084044754
-19.190954773869347           1.4834382744412118
-19.07537688442211            1.48344038812868
-18.959798994974875           1.4834399908705125
-18.844221105527637           1.483441177444576
-18.728643216080403           1.483439565718433
-18.613065326633166           1.4834403252493444
-18.49748743718593            1.483439785583246
-18.381909547738694           1.4834425906579063
-18.266331658291456           1.4834397367320151
-18.150753768844222           1.4834397991224675
-18.035175879396984           1.483440524539017
-17.91959798994975            1.483439695526283
-17.804020100502512           1.4834403741302813
-17.688442211055275           1.4834396327857824
-17.57286432160804            1.4834394812399674
-17.457286432160803           1.483439522388256
-17.34170854271357            1.4834394812931941
-17.22613065326633            1.4834393540559028
-17.110552763819094           1.4834395070711612
-16.99497487437186            1.4834400142944093
-16.87939698492462            1.4834390071794243
-16.763819095477388           1.4834403687581976
-16.64824120603015            1.48343929409239
-16.532663316582916           1.4834399052079863
-16.417085427135678           1.4834394773091921
-16.301507537688444           1.483438763444402
-16.185929648241206           1.4834395087630843
-16.07035175879397            1.4834398510956546
-15.954773869346734           1.483438166959215
-15.839195979899497           1.4834394359865133
-15.72361809045226            1.4834396902208506
-15.608040201005025           1.4834407489080443
-15.492462311557789           1.4834394655535075
-15.376884422110553           1.4834397737292198
-15.261306532663315           1.4834395183318179
-15.145728643216081           1.4834395004192549
-15.030150753768844           1.4834403071243392
-14.914572864321608           1.4834391620473222
-14.798994974874372           1.483438370561749
-14.683417085427136           1.4834395065400394
-14.5678391959799             1.4834394765722037
-14.452261306532662           1.4834394404963895
-14.336683417085428           1.4834392550974378
-14.22110552763819            1.4834401823787184
-14.105527638190955           1.4834392174885478
-13.989949748743719           1.4834381574517526
-13.874371859296481           1.4834390102532835
-13.758793969849247           1.4834396144283568
-13.64321608040201            1.4834391387040031
-13.527638190954773           1.483438241172889
-13.412060301507537           1.4834392209792855
-13.296482412060302           1.4834386998863316
-13.180904522613066           1.4834394361361776
-13.065326633165828           1.4834389351497885
-12.949748743718594           1.4834391262780127
-12.834170854271356           1.483438672457365
-12.71859296482412            1.4834393744803314
-12.603015075376884           1.483438683267172
-12.487437185929648           1.4834391888677818
-12.371859296482413           1.4834388661582112
-12.256281407035175           1.4834392812035626
-12.14070351758794            1.4834390651336866
-12.025125628140703           1.4834385918908406
-11.909547738693467           1.483438840805923
-11.793969849246231           1.4834389269252575
-11.678391959798995           1.4834390676499019
-11.56281407035176            1.4834389655534883
-11.447236180904522           1.4834394510781506
-11.331658291457286           1.4834390195991995
-11.21608040201005            1.483438948640839
-11.100502512562814           1.4834391592647371
-10.984924623115578           1.4834390115153833
-10.869346733668342           1.4834388884398524
-10.753768844221106           1.4834380876506774
-10.638190954773869           1.4834390995447182
-10.522613065326633           1.4834387666814675
-10.407035175879397           1.483439011129435
-10.291457286432161           1.4834399828574556
-10.175879396984925           1.4834388413744721
-10.06030150753769            1.483438698939151
-9.944723618090451            1.483438911242771
-9.829145728643216            1.4834383302487848
-9.71356783919598             1.4834394509895918
-9.597989949748744            1.483438884128044
-9.482412060301508            1.4834388277349224
-9.366834170854272            1.4834389543935438
-9.251256281407034            1.4834388344997333
-9.135678391959798            1.4834387387475627
-9.020100502512562            1.4834388810547214
-8.904522613065327            1.4834382453402504
-8.78894472361809             1.483438181128619
-8.673366834170855            1.4834400558112164
-8.557788944723619            1.4834388229155826
-8.442211055276381            1.4834399846336745
-8.326633165829145            1.4834382180411059
-8.21105527638191             1.48343835276774
-8.095477386934673            1.4834389298199608
-7.9798994974874375           1.4834387166753267
-7.864321608040202            1.483438683836151
-7.748743718592964            1.4834385810977457
-7.633165829145728            1.4834387569708138
-7.517587939698492            1.4834384685664779
-7.402010050251256            1.483439052581375
-7.28643216080402             1.483438683673398
-7.170854271356784            1.4834386112818685
-7.055276381909547            1.4834383436030505
-6.939698492462311            1.4834386227424736
-6.824120603015075            1.4834386262572445
-6.708542713567839            1.4834383919756022
-6.592964824120603            1.4834386278751799
-6.477386934673367            1.4834386728855902
-6.361809045226131            1.483438627020736
-6.246231155778894            1.4834384806402652
-6.130653266331658            1.4834385487698003
-6.015075376884422            1.4834385283994773
-5.899497487437186            1.4834385831365293
-5.78391959798995             1.4834384947932966
-5.668341708542714            1.483438535593827
-5.5527638190954764           1.4834383786498826
-5.4371859296482405           1.4834381904106182
-5.321608040201005            1.4834383419339308
-5.206030150753769            1.4834384869990496
-5.090452261306533            1.4834386139862288
-4.974874371859297            1.4834383982231751
-4.859296482412061            1.4834386637618313
-4.743718592964823            1.483438460255396
-4.628140703517587            1.4834386020144394
-4.5125628140703515           1.4834384441178123
-4.396984924623116            1.4834384249848858
-4.28140703517588             1.4834384500670532
-4.165829145728644            1.4834384389175288
-4.050251256281406            1.483438278416757
-3.934673366834172            1.4834384612540725
-3.8190954773869343           1.4834384886847163
-3.7035175879396967           1.4834384123630833
-3.5879396984924625           1.4834384425142144
-3.472361809045225            1.483438426515421
-3.3567839195979907           1.4834384341807973
-3.241206030150753            1.4834384106313776
-3.125628140703519            1.4834383684934553
-3.0100502512562812           1.4834383681061418
-2.8944723618090435           1.4834384587476614
-2.7788944723618094           1.4834382343201329
-2.6633165829145717           1.4834383898023202
-2.5477386934673376           1.4834383607941148
-2.4321608040201              1.4834383506387165
-2.316582914572866            1.483438361229982
-2.201005025125628            1.4834383702592342
-2.0854271356783904           1.48343835624363
-1.9698492462311563           1.4834383164834735
-1.8542713567839186           1.4834382499281187
-1.7386934673366845           1.4834382816681835
-1.6231155778894468           1.4834382233284515
-1.5075376884422127           1.4834383163240326
-1.391959798994975            1.4834382705892015
-1.2763819095477373           1.4834382967453208
-1.1608040201005032           1.483438301581308
-1.0452261306532655           1.4834382541739752
-0.9296482412060314           1.483438091105336
-0.8140703517587937           1.483437767058049
-0.698492462311556            1.4834360372031183
-0.5829145728643219           1.483430762476226
-0.46733668341708423          1.4834135034009914
-0.3517587939698501           1.483358304700425
-0.23618090452261245          1.4831865405074407
-0.12060301507537828          1.4826703842398714
-0.005025125628140596         1.481187775349715
0.11055276381909708           1.477162972641277
0.22613065326633117           1.4669657536396166
0.34170854271356893           1.4431299341904216
0.457286432160803             1.3921197934495138
0.5728643216080407            1.292304251314941
0.6884422110552748            1.1126921717138767
0.8040201005025125            0.8122010269908227
0.9195979899497502            0.3385882668509671
1.0351758793969843            -0.3737365550719207
1.150753768844222             -1.4073894588225149
1.266331658291456             -2.8674859820815115
1.3819095477386938            -4.889406713099733
1.4974874371859315            -7.6490361250231835
1.6130653266331656            -11.375410818730012
1.7286432160804033            -16.366673125355064
1.8442211055276374            -23.011035945326594
1.959798994974875             -31.814396013104002
2.075376884422109             -43.43640641465206
2.190954773869347             -58.73749820973061
2.3065326633165846            -78.84019492012077
2.4221105527638187            -105.20909287674571
2.5376884422110564            -139.755208290319
2.6532663316582905            -184.97212599905583
2.768844221105528             -245.86383148884522
