-20.0                         0.8330265728722992
-19.884422110552762           0.8330274966862922
-19.768844221105528           0.833026460182071
-19.65326633165829            0.8330254601844621
-19.537688442211056           0.8330264560458854
-19.42211055276382            0.833026336798648
-19.306532663316585           0.8330266285843486
-19.190954773869347           0.8330253257685629
-19.07537688442211            0.8330266251220902
-18.959798994974875           0.8330263241171326
-18.844221105527637           0.8330275457514269
-18.728643216080403           0.8330262694837924
-18.613065326633166           0.8330264104084856
-18.49748743718593            0.8330262732004882
-18.381909547738694           0.8330283270986449
-18.266331658291456           0.8330261181477658
-18.150753768844222           0.8330261986157614
-18.035175879396984           0.8330261628179454
-17.91959798994975            0.8330261646254266
-17.804020100502512           0.8330265428845274
-17.688442211055275           0.8330264002742614
-17.57286432160804            0.8330258907757897
-17.457286432160803           0.8330258933178448
-17.34170854271357            0.8330261140861785
-17.22613065326633            0.8330262176503169
-17.110552763819094           0.8330258436097921
-16.99497487437186            0.8330262439098199
-16.87939698492462            0.8330258984667197
-16.763819095477388           0.8330264285145368
-16.64824120603015            0.8330259356632819
-16.532663316582916           0.8330258742178833
-16.417085427135678           0.8330259020770255
-16.301507537688444           0.8330254232015464
-16.185929648241206           0.833025907600292
-16.07035175879397            0.8330261217178363
-15.954773869346734           0.8330249448535798
-15.839195979899497           0.8330258062331705
-15.72361809045226            0.8330258803162527
-15.608040201005025           0.8330263660613204
-15.492462311557789           0.8330257785787858
-15.376884422110553           0.8330256208985864
-15.261306532663315           0.8330258782786086
-15.145728643216081           0.8330257754686387
-15.030150753768844           0.8330265809209876
-14.914572864321608           0.8330255381863871
-14.798994974874372           0.8330248878914386
-14.683417085427136           0.8330257698243946
-14.5678391959799             0.8330256987689038
-14.452261306532662           0.8330256588173197
-14.336683417085428           0.8330255963665701
-14.22110552763819            0.8330259255973059
-14.105527638190955           0.8330255508485002
-13.989949748743719           0.8330247270987976
-13.874371859296481           0.8330254115026663
-13.758793969849247           0.8330261372199067
-13.64321608040201            0.8330255038000954
-13.527638190954773           0.833024929594527
-13.412060301507537           0.8330255283016877
-13.296482412060302           0.8330254689419576
-13.180904522613066           0.8330256295152839
-13.065326633165828           0.8330250971303862
-12.949748743718594           0.8330255386192815
-12.834170854271356           0.8330250585841839
-12.71859296482412            0.8330257007056995
-12.603015075376884           0.8330249491277254
-12.487437185929648           0.8330255348256033
-12.371859296482413           0.8330253543041258
-12.256281407035175           0.83302558906235
-12.14070351758794            0.8330253770190515
-12.025125628140703           0.8330252960737401
-11.909547738693467           0.8330252129676751
-11.793969849246231           0.8330250923502244
-11.678391959798995           0.8330253482644279
-11.56281407035176            0.8330252998194795
-11.447236180904522           0.8330256180150486
-11.331658291457286           0.8330253643388097
-11.21608040201005            0.833025287785809
-11.100502512562814           0.8330256301529744
-10.984924623115578           0.8330253507320411
-10.869346733668342           0.8330252157184695
-10.753768844221106           0.8330246236157064
-10.638190954773869           0.8330253295637331
-10.522613065326633           0.8330251422403989
-10.407035175879397           0.833025331454748
-10.291457286432161           0.8330258941832722
-10.175879396984925           0.833025191916638
-10.06030150753769            0.8330250633223271
-9.944723618090451            0.8330251798761018
-9.829145728643216            0.8330249223499021
-9.71356783919598             0.8330255779676748
-9.597989949748744            0.8330251549897981
-9.482412060301508            0.8330251307083124
-9.366834170854272            0.8330252110395271
-9.251256281407034            0.8330251333364977
-9.135678391959798            0.8330250855298243
-9.020100502512562            0.8330252572577724
-8.904522613065327            0.8330247637770541
-8.78894472361809             0.8330246727067685
-8.673366834170855            0.8330260477404255
-8.557788944723619            0.8330250869522495
-8.442211055276381            0.833025989109237
-8.326633165829145            0.833024696546005
-8.21105527638191             0.8330248849995712
-8.095477386934673            0.8330250988106235
-7.9798994974874375           0.833025031874079
-7.864321608040202            0.8330249897890304
-7.748743718592964            0.8330249302075169
-7.633165829145728            0.8330250285633227
-7.517587939698492            0.8330247935050495
-7.402010050251256            0.8330252398909099
-7.28643216080402             0.8330249996884157
-7.170854271356784            0.8330249359023092
-7.055276381909547            0.8330246794660607
-6.939698492462311            0.8330249183486241
-6.824120603015075            0.8330249411825974
-6.708542713567839            0.8330248166780172
-6.592964824120603            0.8330249032067474
-6.477386934673367            0.8330248588080271
-6.361809045226131            0.8330248908667016
-6.246231155778894            0.8330247941049111
-6.130653266331658            0.8330248827779747
-6.015075376884422            0.8330248883957961
-5.899497487437186            0.8330249464001273
-5.78391959798995             0.8330248357244207
-5.668341708542714            0.8330248505646921
-5.5527638190954764           0.8330247096725775
-5.4371859296482405           0.83302459174152
-5.321608040201005            0.8330247121316994
-5.206030150753769            0.8330247668185161
-5.090452261306533            0.833024842930701
-4.974874371859297            0.8330248147891819
-4.859296482412061            0.8330249892237022
-4.743718592964823            0.833024794527011
-4.628140703517587            0.8330248796281355
-4.5125628140703515           0.8330247310761767
-4.396984924623116            0.8330247505318207
-4.28140703517588             0.8330247710358143
-4.165829145728644            0.8330247477005004
-4.050251256281406            0.8330246763834962
-3.934673366834172            0.8330247653486924
-3.8190954773869343           0.8330247779109966
-3.7035175879396967           0.8330247234405296
-3.5879396984924625           0.8330247327026115
-3.472361809045225            0.8330247198580447
-3.3567839195979907           0.8330247395793481
-3.241206030150753            0.833024688409266
-3.125628140703519            0.8330246835865613
-3.0100502512562812           0.833024687960322
-2.8944723618090435           0.8330247045505784
-2.7788944723618094           0.8330245748366414
-2.6633165829145717           0.8330246584613015
-2.5477386934673376           0.8330246682029999
-2.4321608040201              0.8330246630086074
-2.316582914572866            0.833024664691284
-2.201005025125628            0.8330246774012837
-2.0854271356783904           0.8330246667075207
-1.9698492462311563           0.8330246281642255
-1.8542713567839186           0.8330245704508149
-1.7386934673366845           0.8330245831254673
-1.6231155778894468           0.8330245145278182
-1.5075376884422127           0.8330245097654648
-1.391959798994975            0.8330243038096714
-1.2763819095477373           0.8330238249459695
-1.1608040201005032           0.8330225868297324
-1.0452261306532655           0.83301939322805
-0.9296482412060314           0.8330113340259538
-0.8140703517587937           0.8329911661238932
-0.698492462311556            0.832940673125648
-0.5829145728643219           0.8328169957727392
-0.46733668341708423          0.8325182861075611
-0.3517587939698501           0.8318116421876718
-0.23618090452261245          0.8301827680487727
-0.12060301507537828          0.8265468498745825
-0.005025125628140596         0.8187417856195705
0.11055276381909708           0.8027394248908858
0.22613065326633117           0.7715855620750074
0.34170854271356893           0.7141973517929786
0.457286432160803             0.6142074919158869
0.5728643216080407            0.44894304069773233
0.6884422110552748            0.18839860238989797
0.8040201005025125            -0.20611192304819823
0.9195979899497502            -0.7839496844369462
1.0351758793969843            -1.608037072693658
1.150753768844222             -2.7588692971130664
1.266331658291456             -4.340061033027996
1.3819095477386938            -6.4859883267713965
1.4974874371859315            -9.371795245851926
1.6130653266331656            -13.225912370453768
1.7286432160804033            -18.34601481544847
1.8442211055276374            -25.119989537433614
1.959798994974875             -34.05351331387837
2.075376884422109             -45.806088444283205
2.190954773869347             -61.23804011412016
2.3065326633165846            -81.47181601806514
2.4221105527638187            -107.97195733538744
2.5376884422110564            -142.64943967936526
2.6532663316582905            -187.99781772342288
2.768844221105528             -249.02031390090553
