-20.0                         1.2410228538701806
-19.884422110552762           1.2410240371987387
-19.768844221105528           1.2410227034389292
-19.65326633165829            1.2410216642635954
-19.537688442211056           1.2410228622091264
-19.42211055276382            1.2410225308853335
-19.306532663316585           1.2410228085097899
-19.190954773869347           1.2410211687013692
-19.07537688442211            1.241023020489685
-18.959798994974875           1.2410226479525863
-18.844221105527637           1.2410239168550856
-18.728643216080403           1.2410223702215841
-18.613065326633166           1.2410228877341716
-18.49748743718593            1.2410225120401281
-18.381909547738694           1.241025083025121
-18.266331658291456           1.2410224112457122
-18.150753768844222           1.2410224813621875
-18.035175879396984           1.2410229058840345
-17.91959798994975            1.241022416406228
-17.804020100502512           1.2410229904415402
-17.688442211055275           1.241022487405399
-17.57286432160804            1.2410221266302714
-17.457286432160803           1.241022193073226
-17.34170854271357            1.2410222641741366
-17.22613065326633            1.2410222309362804
-17.110552763819094           1.2410221602254041
-16.99497487437186            1.2410226616818405
-16.87939698492462            1.2410218738035468
-16.763819095477388           1.2410229345482162
-16.64824120603015            1.2410220601088988
-16.532663316582916           1.2410223947671815
-16.417085427135678           1.2410221692390084
-16.301507537688444           1.2410215068209616
-16.185929648241206           1.2410221855196086
-16.07035175879397            1.2410224998454094
-15.954773869346734           1.2410209812047734
-15.839195979899497           1.2410221076010117
-15.72361809045226            1.2410222818766536
-15.608040201005025           1.241023159052368
-15.492462311557789           1.24102211629247
-15.376884422110553           1.2410222239127249
-15.261306532663315           1.2410221889369002
-15.145728643216081           1.2410221393113132
-15.030150753768844           1.2410229901128371
-14.914572864321608           1.2410218349111701
-14.798994974874372           1.2410210744128625
-14.683417085427136           1.241022139325707
-14.5678391959799             1.241022080066091
-14.452261306532662           1.2410220402644785
-14.336683417085428           1.2410219148291086
-14.22110552763819            1.2410226258477683
-14.105527638190955           1.241021868244352
-13.989949748743719           1.2410208957026556
-13.874371859296481           1.2410216925241628
-13.758793969849247           1.241022350844642
-13.64321608040201            1.241021802679159
-13.527638190954773           1.241021013443359
-13.412060301507537           1.241021864973904
-13.296482412060302           1.2410215197370795
-13.180904522613066           1.241022046252412
-13.065326633165828           1.2410215143072532
-12.949748743718594           1.241021816390259
-12.834170854271356           1.2410213467767277
-12.71859296482412            1.2410220352109431
-12.603015075376884           1.2410213006558748
-12.487437185929648           1.2410218576705963
-12.371859296482413           1.2410215729118972
-12.256281407035175           1.24102194362357
-12.14070351758794            1.2410217139559283
-12.025125628140703           1.241021386392233
-11.909547738693467           1.2410215127159496
-11.793969849246231           1.2410214970185915
-11.678391959798995           1.241021705016467
-11.56281407035176            1.2410216238181049
-11.447236180904522           1.2410220501333347
-11.331658291457286           1.2410216843170863
-11.21608040201005            1.241021607160133
-11.100502512562814           1.2410218735803766
-10.984924623115578           1.2410216747831562
-10.869346733668342           1.2410215436623369
-10.753768844221106           1.2410208159476772
-10.638190954773869           1.2410217221387245
-10.522613065326633           1.2410214384525664
-10.407035175879397           1.2410216807596648
-10.291457286432161           1.2410225001054556
-10.175879396984925           1.241021506006584
-10.06030150753769            1.241021368404886
-9.944723618090451            1.241021540165232
-9.829145728643216            1.2410210779517896
-9.71356783919598             1.241022056253492
-9.597989949748744            1.2410215195319898
-9.482412060301508            1.2410214728350861
-9.366834170854272            1.2410215890362415
-9.251256281407034            1.2410214794468692
-9.135678391959798            1.2410213968767132
-9.020100502512562            1.2410215737181154
-8.904522613065327            1.2410209640079422
-8.78894472361809             1.241020895057724
-8.673366834170855            1.24102259590365
-8.557788944723619            1.2410214562608575
-8.442211055276381            1.2410225290891526
-8.326633165829145            1.2410209276754094
-8.21105527638191             1.241021081537645
-8.095477386934673            1.2410215327810006
-7.9798994974874375           1.241021374050265
-7.864321608040202            1.2410213328166597
-7.748743718592964            1.2410212455750762
-7.633165829145728            1.2410213947945947
-7.517587939698492            1.2410211111001115
-7.402010050251256            1.2410216728326242
-7.28643216080402             1.2410213379560706
-7.170854271356784            1.24102126662191
-7.055276381909547            1.2410209964834558
-6.939698492462311            1.2410212670403244
-6.824120603015075            1.2410212796308586
-6.708542713567839            1.241021083816432
-6.592964824120603            1.2410212645856913
-6.477386934673367            1.241021273132855
-6.361809045226131            1.241021258665808
-6.246231155778894            1.2410211315930528
-6.130653266331658            1.2410212101227736
-6.015075376884422            1.2410212032765624
-5.899497487437186            1.241021263144514
-5.78391959798995             1.2410211562422584
-5.668341708542714            1.2410211880367241
-5.5527638190954764           1.2410210282229575
-5.4371859296482405           1.2410208726983243
-5.321608040201005            1.241021007488482
-5.206030150753769            1.2410211195484928
-5.090452261306533            1.2410212363454693
-4.974874371859297            1.2410210897365765
-4.859296482412061            1.2410213242467567
-4.743718592964823            1.2410211210099036
-4.628140703517587            1.2410212414337278
-4.5125628140703515           1.2410210804319313
-4.396984924623116            1.2410210802341974
-4.28140703517588             1.2410211054429112
-4.165829145728644            1.2410210877413932
-4.050251256281406            1.2410209597780717
-3.934673366834172            1.2410211109502345
-3.8190954773869343           1.2410211327741003
-3.7035175879396967           1.2410210638197308
-3.5879396984924625           1.241021086252315
-3.472361809045225            1.2410210709897078
-3.3567839195979907           1.241021086760103
-3.241206030150753            1.2410210453638029
-3.125628140703519            1.2410210207152086
-3.0100502512562812           1.2410210223620144
-2.8944723618090435           1.2410210843518559
-2.7788944723618094           1.2410208953096822
-2.6633165829145717           1.2410210235109904
-2.5477386934673376           1.2410210106237163
-2.4321608040201              1.2410210029807283
-2.316582914572866            1.2410210097244416
-2.201005025125628            1.241021022432408
-2.0854271356783904           1.2410210088395066
-1.9698492462311563           1.2410209682471967
-1.8542713567839186           1.2410209051502314
-1.7386934673366845           1.2410209327430681
-1.6231155778894468           1.2410208824893556
-1.5075376884422127           1.2410209650965365
-1.391959798994975            1.241020923977754
-1.2763819095477373           1.2410209269249792
-1.1608040201005032           1.241020880098046
-1.0452261306532655           1.2410206800783445
-0.9296482412060314           1.2410200774753881
-0.8140703517587937           1.241018400231435
-0.698492462311556            1.2410128006230008
-0.5829145728643219           1.2409964442015045
-0.46733668341708423          1.240948290535546
-0.3517587939698501           1.2408095855492145
-0.23618090452261245          1.2404207674327532
-0.12060301507537828          1.239367799023975
-0.005025125628140596         1.2366382167927639
0.11055276381909708           1.229933688326166
0.22613065326633117           1.214490782995686
0.34170854271356893           1.1814191359050608
0.457286432160803             1.1158691786397914
0.5728643216080407            0.9955085455100428
0.6884422110552748            0.7894947056822005
0.8040201005025125            0.4575627443885114
0.9195979899497502            -0.05143461066668664
1.0351758793969843            -0.8020397414279744
1.150753768844222             -1.8760295115301233
1.266331658291456             -3.377927621559094
1.3819095477386938            -5.442723753775282
1.4974874371859315            -8.24602067454649
1.6130653266331656            -12.016628581250682
1.7286432160804033            -17.052517380263897
1.8442211055276374            -23.741781040293596
1.959798994974875             -32.59023690416822
2.075376884422109             -44.25748412658556
2.190954773869347             -59.603916170190466
2.3065326633165846            -79.75202977956192
2.4221105527638187            -106.16640189386565
2.5376884422110564            -140.75803449731683
2.6532663316582905            -186.02050188498254
2.768844221105528             -246.9575249561819
