-20.0                         1.4330140965787868
-19.884422110552762           1.4330154160525388
-19.768844221105528           1.4330139350941529
-19.65326633165829            1.433012906557051
-19.537688442211056           1.4330142096357654
-19.42211055276382            1.4330137615273084
-19.306532663316585           1.4330139861752968
-19.190954773869347           1.4330122667436846
-19.07537688442211            1.4330143293794235
-18.959798994974875           1.4330139365432661
-18.844221105527637           1.4330151454932105
-18.728643216080403           1.4330135417302603
-18.613065326633166           1.4330142509523847
-18.49748743718593            1.4330137461623675
-18.381909547738694           1.4330165066048541
-18.266331658291456           1.4330136857881701
-18.150753768844222           1.4330137499182956
-18.035175879396984           1.4330144114535908
-17.91959798994975            1.4330136551617647
-17.804020100502512           1.433014313034894
-17.688442211055275           1.4330136217044347
-17.57286432160804            1.4330134204092593
-17.457286432160803           1.4330134707609992
-17.34170854271357            1.4330134533906165
-17.22613065326633            1.433013346289147
-17.110552763819094           1.433013451398483
-16.99497487437186            1.4330139608707904
-16.87939698492462            1.4330129955797128
-16.763819095477388           1.4330142963344672
-16.64824120603015            1.4330132608390547
-16.532663316582916           1.4330138137605237
-16.417085427135678           1.4330134301816253
-16.301507537688444           1.4330127235256778
-16.185929648241206           1.433013457362287
-16.07035175879397            1.4330137963091125
-15.954773869346734           1.4330121445852522
-15.839195979899497           1.4330133845634765
-15.72361809045226            1.4330136211045286
-15.608040201005025           1.4330146455766692
-15.492462311557789           1.4330134098962584
-15.376884422110553           1.4330136745701845
-15.261306532663315           1.433013466686965
-15.145728643216081           1.4330134426591448
-15.030150753768844           1.43301426191829
-14.914572864321608           1.4330131108904502
-14.798994974874372           1.433012324111824
-14.683417085427136           1.4330134470885665
-14.5678391959799             1.4330134101804755
-14.452261306532662           1.4330133730666783
-14.336683417085428           1.433013201116151
-14.22110552763819            1.4330140846817683
-14.105527638190955           1.433013161183856
-13.989949748743719           1.4330121193979988
-13.874371859296481           1.433012961056231
-13.758793969849247           1.4330135770303616
-13.64321608040201            1.433013085197631
-13.527638190954773           1.4330122092642184
-13.412060301507537           1.4330131635358687
-13.296482412060302           1.433012679012481
-13.180904522613066           1.4330133726069454
-13.065326633165828           1.4330128633786112
-12.949748743718594           1.4330130789035096
-12.834170854271356           1.4330126214324908
-12.71859296482412            1.4330133212492984
-12.603015075376884           1.4330126194113773
-12.487437185929648           1.4330131373336052
-12.371859296482413           1.4330128207994473
-12.256281407035175           1.4330132292113515
-12.14070351758794            1.4330130089414201
-12.025125628140703           1.4330125657124222
-11.909547738693467           1.4330127894891573
-11.793969849246231           1.4330128524376808
-11.678391959798995           1.4330130092584183
-11.56281407035176            1.4330129113960441
-11.447236180904522           1.433013384865991
-11.331658291457286           1.4330129669916372
-11.21608040201005            1.4330128942847062
-11.100502512562814           1.4330131171069187
-10.984924623115578           1.4330129586529323
-10.869346733668342           1.4330128336685997
-10.753768844221106           1.43301204771708
-10.638190954773869           1.433013038529158
-10.522613065326633           1.4330127151992833
-10.407035175879397           1.4330129608931645
-10.291457286432161           1.4330139009135379
-10.175879396984925           1.4330127884440713
-10.06030150753769            1.4330126471470892
-9.944723618090451            1.43301285056856
-9.829145728643216            1.4330122940821757
-9.71356783919598             1.4330133880196667
-9.597989949748744            1.4330128254695684
-9.482412060301508            1.4330127707767268
-9.366834170854272            1.4330128958402877
-9.251256281407034            1.4330127775657981
-9.135678391959798            1.4330126839735906
-9.020100502512562            1.4330128355675742
-8.904522613065327            1.4330122030771144
-8.78894472361809             1.4330121383651313
-8.673366834170855            1.433013977790262
-8.557788944723619            1.433012763700245
-8.442211055276381            1.4330139074977215
-8.326633165829145            1.4330121744263438
-8.21105527638191             1.43301231293413
-8.095477386934673            1.4330128650434082
-7.9798994974874375           1.433012662959084
-7.864321608040202            1.4330126279280018
-7.748743718592964            1.4330125283190416
-7.633165829145728            1.4330126989180088
-7.517587939698492            1.433012410109178
-7.402010050251256            1.4330129920492845
-7.28643216080402             1.433012628918927
-7.170854271356784            1.4330125566006164
-7.055276381909547            1.433012287879119
-6.939698492462311            1.433012565820554
-6.824120603015075            1.4330125713064752
-6.708542713567839            1.4330123448224974
-6.592964824120603            1.433012569293276
-6.477386934673367            1.4330126064763717
-6.361809045226131            1.4330125673597094
-6.246231155778894            1.4330124250295782
-6.130653266331658            1.433012495509798
-6.015075376884422            1.433012478233906
-5.899497487437186            1.433012534355158
-5.78391959798995             1.433012441340237
-5.668341708542714            1.4330124803885531
-5.5527638190954764           1.4330123220525994
-5.4371859296482405           1.4330121412142076
-5.321608040201005            1.4330122887271248
-5.206030150753769            1.4330124270829958
-5.090452261306533            1.4330125528487458
-4.974874371859297            1.4330123511233883
-4.859296482412061            1.433012610480575
-4.743718592964823            1.4330124067558296
-4.628140703517587            1.4330125441394956
-4.5125628140703515           1.4330123850696523
-4.396984924623116            1.4330123701489215
-4.28140703517588             1.433012395448856
-4.165829145728644            1.433012382811476
-4.050251256281406            1.43301222900083
-3.934673366834172            1.4330124055535263
-3.8190954773869343           1.433012431825048
-3.7035175879396967           1.433012356976226
-3.5879396984924625           1.433012385561267
-3.472361809045225            1.4330123696517598
-3.3567839195979907           1.4330123793398353
-3.241206030150753            1.4330123514361124
-3.125628140703519            1.4330123131862842
-3.0100502512562812           1.4330123132188486
-2.8944723618090435           1.4330123978553548
-2.7788944723618094           1.4330121807950276
-2.6633165829145717           1.4330123305580686
-2.5477386934673376           1.4330123050527415
-2.4321608040201              1.4330122954834625
-2.316582914572866            1.4330123052235975
-2.201005025125628            1.4330123152170584
-2.0854271356783904           1.4330123011801879
-1.9698492462311563           1.433012261082913
-1.8542713567839186           1.4330121951487975
-1.7386934673366845           1.4330122259567841
-1.6231155778894468           1.433012169553383
-1.5075376884422127           1.4330122606458275
-1.391959798994975            1.4330122164435268
-1.2763819095477373           1.433012239813659
-1.1608040201005032           1.4330122395710694
-1.0452261306532655           1.4330121765259858
-0.9296482412060314           1.4330119679390074
-0.8140703517587937           1.4330114904429372
-0.698492462311556            1.4330093045898138
-0.5829145728643219           1.4330026510588958
-0.46733668341708423          1.4329813423540543
-0.3517587939698501           1.4329146207366104
-0.23618090452261245          1.432711347504568
-0.12060301507537828          1.4321132743007663
-0.005025125628140596         1.4304308519527003
0.11055276381909708           1.4259559743925838
0.22613065326633117           1.4148381090386877
0.34170854271356893           1.3893165549513635
0.457286432160803             1.3355643446434435
0.5728643216080407            1.2317752815864296
0.6884422110552748            1.0469649933065002
0.8040201005025125            0.7402107937319197
0.9195979899497502            0.2594988297775117
1.0351758793969843            -0.46053812765991586
1.150753768844222             -1.502336422381349
1.266331658291456             -2.9708849503944736
1.3819095477386938            -5.001481099568863
1.4974874371859315            -7.769949957590228
1.6130653266331656            -11.505280772576059
1.7286432160804033            -16.50558000086097
1.8442211055276374            -23.159035917835457
1.959798994974875             -31.971528896355913
2.075376884422109             -43.60270095121675
2.190954773869347             -58.912975447743406
2.3065326633165846            -79.02487044064051
2.4221105527638187            -105.40297830892017
2.5376884422110564            -139.95831236816147
2.6532663316582905            -185.18445531338222
2.768844221105528             -246.08533902653366
