-20.0                         1.3250330383543412
-19.884422110552762           1.3250342802289947
-19.768844221105528           1.325032882441807
-19.65326633165829            1.32503184620282
-19.537688442211056           1.3250330892745117
-19.42211055276382            1.325032708032812
-19.306532663316585           1.325032965353491
-19.190954773869347           1.3250312856268125
-19.07537688442211            1.325033233037055
-18.959798994974875           1.3250328508514237
-18.844221105527637           1.3250340987682947
-18.728643216080403           1.3250325218508974
-18.613065326633166           1.3250331230321828
-18.49748743718593            1.3250326917170734
-18.381909547738694           1.3250353494710068
-18.266331658291456           1.325032607811704
-18.150753768844222           1.3250326754233361
-18.035175879396984           1.3250332023677724
-17.91959798994975            1.3250325982964573
-17.804020100502512           1.325033209894646
-17.688442211055275           1.3250326250961617
-17.57286432160804            1.3250323279735126
-17.457286432160803           1.325032391098536
-17.34170854271357            1.3250324240804543
-17.22613065326633            1.3250323590873165
-17.110552763819094           1.3250323637668346
-16.99497487437186            1.3250328719651583
-16.87939698492462            1.325032003097133
-16.763819095477388           1.3250331703431732
-16.64824120603015            1.3250322232721254
-16.532663316582916           1.3250326523945268
-16.417085427135678           1.325032360019025
-16.301507537688444           1.3250316749419648
-16.185929648241206           1.3250323801446227
-16.07035175879397            1.325032707437305
-15.954773869346734           1.325031128608385
-15.839195979899497           1.3250323053425779
-15.72361809045226            1.325032505807007
-15.608040201005025           1.3250334507027004
-15.492462311557789           1.3250323214010855
-15.376884422110553           1.3250324958934836
-15.261306532663315           1.3250323870690048
-15.145728643216081           1.3250323489967193
-15.030150753768844           1.325033189375952
-14.914572864321608           1.3250320322062255
-14.798994974874372           1.3250312585072945
-14.683417085427136           1.3250323506056185
-14.5678391959799             1.3250323001922248
-14.452261306532662           1.3250322613271484
-14.336683417085428           1.3250321165620784
-14.22110552763819            1.3250329041523448
-14.105527638190955           1.3250320724305036
-13.989949748743719           1.3250310696241347
-13.874371859296481           1.325031886563824
-13.758793969849247           1.3250325269130663
-13.64321608040201            1.3250320023686692
-13.527638190954773           1.3250311742757304
-13.412060301507537           1.3250320718757147
-13.296482412060302           1.325031665749167
-13.180904522613066           1.3250322661961873
-13.065326633165828           1.3250317424890472
-12.949748743718594           1.3250320080069458
-12.834170854271356           1.3250315433236817
-12.71859296482412            1.3250322373628003
-12.603015075376884           1.3250315155358177
-12.487437185929648           1.32503205706472
-12.371859296482413           1.3250317568299694
-12.256281407035175           1.3250321464200134
-12.14070351758794            1.3250319195343447
-12.025125628140703           1.3250315411309377
-11.909547738693467           1.3250317103970168
-11.793969849246231           1.325031727151792
-11.678391959798995           1.3250319147807368
-11.56281407035176            1.3250318262372467
-11.447236180904522           1.325032273436239
-11.331658291457286           1.3250318847884224
-11.21608040201005            1.325031809166308
-11.100502512562814           1.3250320570660374
-10.984924623115578           1.3250318758233168
-10.869346733668342           1.3250317471421538
-10.753768844221106           1.3250309935922837
-10.638190954773869           1.3250319376325592
-10.522613065326633           1.3250316359933183
-10.407035175879397           1.3250318814076227
-10.291457286432161           1.3250327535336035
-10.175879396984925           1.325031706110287
-10.06030150753769            1.3250315669806996
-9.944723618090451            1.325031752158718
-9.829145728643216            1.3250312485172735
-9.71356783919598             1.3250322801219463
-9.597989949748744            1.3250317301780241
-9.482412060301508            1.325031679708135
-9.366834170854272            1.3250318003528683
-9.251256281407034            1.3250316864647236
-9.135678391959798            1.3250315985472176
-9.020100502512562            1.325031766372423
-8.904522613065327            1.3250311445414804
-8.78894472361809             1.3250310779095673
-8.673366834170855            1.3250328402954519
-8.557788944723619            1.325031667484658
-8.442211055276381            1.3250327719364674
-8.326633165829145            1.3250311120760825
-8.21105527638191             1.325031259049309
-8.095477386934673            1.3250317555282762
-7.9798994974874375           1.325031577638618
-7.864321608040202            1.3250315386866065
-7.748743718592964            1.3250314459530288
-7.633165829145728            1.3250316047688766
-7.517587939698492            1.3250313175157893
-7.402010050251256            1.3250318905581633
-7.28643216080402             1.3250315420808347
-7.170854271356784            1.3250314701635164
-7.055276381909547            1.325031200125408
-6.939698492462311            1.325031474466303
-6.824120603015075            1.3250314840492623
-6.708542713567839            1.3250312746177042
-6.592964824120603            1.3250314745488194
-6.477386934673367            1.3250314953861353
-6.361809045226131            1.3250314703375585
-6.246231155778894            1.3250313366314097
-6.130653266331658            1.3250314118311783
-6.015075376884422            1.3250314007103698
-5.899497487437186            1.325031459247795
-5.78391959798995             1.325031357616469
-5.668341708542714            1.3250313926867616
-5.5527638190954764           1.3250312327588418
-5.4371859296482405           1.3250310667286131
-5.321608040201005            1.3250312065902747
-5.206030150753769            1.3250313302820036
-5.090452261306533            1.3250314518450252
-4.974874371859297            1.3250312808437967
-4.859296482412061            1.3250315264854837
-4.743718592964823            1.3250313227791766
-4.628140703517587            1.3250314506622272
-4.5125628140703515           1.3250312899831094
-4.396984924623116            1.325031283640049
-4.28140703517588             1.3250313090657708
-4.165829145728644            1.3250312934447546
-4.050251256281406            1.3250311541016353
-3.934673366834172            1.325031316670627
-3.8190954773869343           1.3250313404430256
-3.7035175879396967           1.3250312688506114
-3.5879396984924625           1.325031294005276
-3.472361809045225            1.325031278403926
-3.3567839195979907           1.3250312918357594
-3.241206030150753            1.3250312557143857
-3.125628140703519            1.3250312253726784
-3.0100502512562812           1.3250312263165867
-2.8944723618090435           1.3250312981612802
-2.7788944723618094           1.3250310968663581
-2.6633165829145717           1.3250312344596196
-2.5477386934673376           1.3250312161939657
-2.4321608040201              1.3250312077684872
-2.316582914572866            1.3250312157739976
-2.201005025125628            1.3250312274873166
-2.0854271356783904           1.3250312135994018
-1.9698492462311563           1.3250311730663449
-1.8542713567839186           1.3250311086354938
-1.7386934673366845           1.3250311375820025
-1.6231155778894468           1.3250310849147084
-1.5075376884422127           1.3250311715806944
-1.391959798994975            1.3250311299398643
-1.2763819095477373           1.3250311445303737
-1.1608040201005032           1.3250311255741822
-1.0452261306532655           1.3250310064526174
-0.9296482412060314           1.325030634809839
-0.8140703517587937           1.325029642568612
-0.698492462311556            1.3250259641520234
-0.5829145728643219           1.3250149646511973
-0.46733668341708423          1.3249813487075506
-0.3517587939698501           1.3248808597625705
-0.23618090452261245          1.3245885549194343
-0.12060301507537828          1.3237672924281825
-0.005025125628140596         1.3215598060143905
0.11055276381909708           1.3159433875961166
0.22613065326633117           1.3025678079905054
0.34170854271356893           1.273036704095362
0.457286432160803             1.2129292494779003
0.5728643216080407            1.1001153228425526
0.6884422110552748            0.9036682595716795
0.8040201005025125            0.5830264589713025
0.9195979899497502            0.0866646252468
1.0351758793969843            -0.6503156248308727
1.150753768844222             -1.709974989647815
1.266331658291456             -3.1970374883744848
1.3819095477386938            -5.246625732563016
1.4974874371859315            -8.034439075078291
1.6130653266331656            -11.789365856651939
1.7286432160804033            -16.80943575799669
1.8442211055276374            -23.482784145072944
1.959798994974875             -32.31525610203213
2.075376884422109             -43.966469689216446
2.190954773869347             -59.29683158213799
2.3065326633165846            -79.42884795408176
2.4221105527638187            -105.82710258265152
2.5376884422110564            -140.40260247482038
2.6532663316582905            -185.64892565132268
2.768844221105528             -246.56988676522712
