-20.0                         0.4840173145036043
-19.884422110552762           0.4840180306928591
-19.768844221105528           0.4840172398850348
-19.65326633165829            0.48401637686695315
-19.537688442211056           0.4840171973909303
-19.42211055276382            0.48401721541316833
-19.306532663316585           0.48401737761155655
-19.190954773869347           0.48401661305790067
-19.07537688442211            0.4840172924241153
-18.959798994974875           0.48401709877239385
-18.844221105527637           0.48401799873223833
-18.728643216080403           0.4840171410412413
-18.613065326633166           0.48401705634448455
-18.49748743718593            0.4840170612901588
-18.381909547738694           0.4840184952406422
-18.266331658291456           0.4840169118890253
-18.150753768844222           0.4840169974232102
-18.035175879396984           0.4840166459219228
-17.91959798994975            0.48401694366655323
-17.804020100502512           0.4840171432028155
-17.688442211055275           0.484017201872806
-17.57286432160804            0.4840168172079916
-17.457286432160803           0.48401668718291146
-17.34170854271357            0.48401693966742054
-17.22613065326633            0.48401711045713997
-17.110552763819094           0.484016641371673
-16.99497487437186            0.48401688108746144
-16.87939698492462            0.4840168923124424
-16.763819095477388           0.4840170086845041
-16.64824120603015            0.4840168291505896
-16.532663316582916           0.484016603692008
-16.417085427135678           0.48401671701344967
-16.301507537688444           0.4840164812242549
-16.185929648241206           0.4840166952930212
-16.07035175879397            0.48401680499314054
-15.954773869346734           0.4840160045072933
-15.839195979899497           0.4840165892412702
-15.72361809045226            0.4840166134303421
-15.608040201005025           0.48401672232039156
-15.492462311557789           0.4840165314557513
-15.376884422110553           0.48401627630373156
-15.261306532663315           0.4840166269679798
-15.145728643216081           0.4840165084075391
-15.030150753768844           0.4840170953731831
-14.914572864321608           0.484016333503261
-14.798994974874372           0.484015868337483
-14.683417085427136           0.48401648994435403
-14.5678391959799             0.4840164605425815
-14.452261306532662           0.4840164241000581
-14.336683417085428           0.4840163672452919
-14.22110552763819            0.4840163982942698
-14.105527638190955           0.48401634486560086
-13.989949748743719           0.4840156663764922
-13.874371859296481           0.48401622001936623
-13.758793969849247           0.4840169447076935
-13.64321608040201            0.48401630379798505
-13.527638190954773           0.48401596845516903
-13.412060301507537           0.4840162962342636
-13.296482412060302           0.4840164377629551
-13.180904522613066           0.4840163163513845
-13.065326633165828           0.4840158474723662
-12.949748743718594           0.4840163244998066
-12.834170854271356           0.48401587250052486
-12.71859296482412            0.48401642923768556
-12.603015075376884           0.4840157581235508
-12.487437185929648           0.4840162727024486
-12.371859296482413           0.4840161995895614
-12.256281407035175           0.48401629205364766
-12.14070351758794            0.4840161328507969
-12.025125628140703           0.4840162416183698
-11.909547738693467           0.4840160030345926
-11.793969849246231           0.48401588484838676
-11.678391959798995           0.4840160946278383
-11.56281407035176            0.48401606519592777
-11.447236180904522           0.48401627531842795
-11.331658291457286           0.4840161197302074
-11.21608040201005            0.4840160554056763
-11.100502512562814           0.4840164306344991
-10.984924623115578           0.48401609973816057
-10.869346733668342           0.4840159794521736
-10.753768844221106           0.48401552922852725
-10.638190954773869           0.4840160378930299
-10.522613065326633           0.48401593821197497
-10.407035175879397           0.48401603362526413
-10.291457286432161           0.4840163639940157
-10.175879396984925           0.4840159565400715
-10.06030150753769            0.4840158464957337
-9.944723618090451            0.4840159251840317
-9.829145728643216            0.48401584676306075
-9.71356783919598             0.48401613903455265
-9.597989949748744            0.4840158899967104
-9.482412060301508            0.484015886467553
-9.366834170854272            0.4840159152922292
-9.251256281407034            0.48401587691542947
-9.135678391959798            0.4840158615219379
-9.020100502512562            0.48401596207826053
-8.904522613065327            0.4840156645487917
-8.78894472361809             0.4840155413494434
-8.673366834170855            0.4840165731173637
-8.557788944723619            0.48401580820833806
-8.442211055276381            0.48401652314953925
-8.326633165829145            0.4840155546650456
-8.21105527638191             0.4840157609601217
-8.095477386934673            0.4840157712012698
-7.9798994974874375           0.48401576705085875
-7.864321608040202            0.4840157369232718
-7.748743718592964            0.48401570092110746
-7.633165829145728            0.4840157513954825
-7.517587939698492            0.48401560437886126
-7.402010050251256            0.48401586163115584
-7.28643216080402             0.4840157408387107
-7.170854271356784            0.48401569249129134
-7.055276381909547            0.48401547720527993
-6.939698492462311            0.48401566362660176
-6.824120603015075            0.48401568484902924
-6.708542713567839            0.4840156317905893
-6.592964824120603            0.48401563502297673
-6.477386934673367            0.48401555901030396
-6.361809045226131            0.4840156221466982
-6.246231155778894            0.48401554701422184
-6.130653266331658            0.4840156313353403
-6.015075376884422            0.4840156349057761
-5.899497487437186            0.48401567548310276
-5.78391959798995             0.4840155974578798
-5.668341708542714            0.4840155994344953
-5.5527638190954764           0.4840155027375944
-5.4371859296482405           0.48401540029452994
-5.321608040201005            0.48401551593785297
-5.206030150753769            0.48401552446304025
-5.090452261306533            0.4840155492513416
-4.974874371859297            0.48401560288603956
-4.859296482412061            0.4840157170727914
-4.743718592964823            0.4840155440228597
-4.628140703517587            0.48401560235363805
-4.5125628140703515           0.4840154877003008
-4.396984924623116            0.48401550414818567
-4.28140703517588             0.48401551640646856
-4.165829145728644            0.4840154962340218
-4.050251256281406            0.4840154748463765
-3.934673366834172            0.48401550216336214
-3.8190954773869343           0.48401550696887696
-3.7035175879396967           0.4840154685329592
-3.5879396984924625           0.4840154682295409
-3.472361809045225            0.48401545744492835
-3.3567839195979907           0.4840154715109675
-3.241206030150753            0.4840154344793004
-3.125628140703519            0.4840154325717626
-3.0100502512562812           0.4840154368807973
-2.8944723618090435           0.48401542064957964
-2.7788944723618094           0.4840153412811667
-2.6633165829145717           0.48401538648828096
-2.5477386934673376           0.48401540624235573
-2.4321608040201              0.48401539459931003
-2.316582914572866            0.4840153781681452
-2.201005025125628            0.48401535317133465
-2.0854271356783904           0.4840152795194192
-1.9698492462311563           0.48401510665205305
-1.8542713567839186           0.48401476236873425
-1.7386934673366845           0.48401414174579455
-1.6231155778894468           0.48401275618146383
-1.5075376884422127           0.4840099799064346
-1.391959798994975            0.4840040643944722
-1.2763819095477373           0.4839917375733757
-1.1608040201005032           0.4839661747936895
-1.0452261306532655           0.48391338528564903
-0.9296482412060314           0.48380515113153616
-0.8140703517587937           0.4835849716763237
-0.698492462311556            0.48314121132422433
-0.5829145728643219           0.4822583435397476
-0.46733668341708423          0.48052783660869325
-0.3517587939698501           0.4771978307641911
-0.23618090452261245          0.4709301340812171
-0.12060301507537828          0.45943578109078137
-0.005025125628140596         0.4389720376260611
0.11055276381909708           0.40370938698496595
0.22613065326633117           0.34500237607985135
0.34170854271356893           0.2506009341130934
0.457286432160803             0.103798525784463
0.5728643216080407            -0.11755413144575613
0.6884422110552748            -0.4423043943263144
0.8040201005025125            -0.907687039850117
0.9195979899497502            -1.5616136199893027
1.0351758793969843            -2.465739026717032
1.150753768844222             -3.6995560853112197
1.266331658291456             -5.365957466044544
1.3819095477386938            -7.598813967832768
1.4974874371859315            -10.572870727360767
1.6130653266331656            -14.516213987942317
1.7286432160804033            -19.72624393297217
1.8442211055276374            -26.590649539176063
1.959798994974875             -35.61496995767424
2.075376884422109             -47.45861079512242
2.190954773869347             -62.98182802978769
2.3065326633165846            -83.3070190492806
2.4221105527638187            -109.89868802076836
2.5376884422110564            -144.66778307034437
2.6532663316582905            -190.10783830780753
2.768844221105528             -251.22154505668442
