-20.0                         0.8156248805709547
-19.884422110552762           0.8156257941124152
-19.768844221105528           0.8156247697657635
-19.65326633165829            0.8156237739149251
-19.537688442211056           0.8156247615387757
-19.42211055276382            0.815624650138227
-19.306532663316585           0.8156249388140048
-19.190954773869347           0.8156236566646138
-19.07537688442211            0.8156249287354859
-18.959798994974875           0.8156246319269264
-18.844221105527637           0.8156258448023682
-18.728643216080403           0.8156245848955046
-18.613065326633166           0.8156247117573292
-18.49748743718593            0.8156245831844561
-18.381909547738694           0.8156266109382903
-18.266331658291456           0.8156244271314437
-18.150753768844222           0.8156245079808895
-18.035175879396984           0.8156244542856912
-17.91959798994975            0.8156244740517102
-17.804020100502512           0.8156248436222224
-17.688442211055275           0.8156247141575579
-17.57286432160804            0.8156242049713125
-17.457286432160803           0.8156242021140406
-17.34170854271357            0.8156244271716045
-17.22613065326633            0.8156245356265412
-17.110552763819094           0.8156241521188279
-16.99497487437186            0.8156245457944956
-16.87939698492462            0.8156242198698209
-16.763819095477388           0.815624727599426
-16.64824120603015            0.8156242513263817
-16.532663316582916           0.815624176737595
-16.417085427135678           0.8156242121304379
-16.301507537688444           0.8156237437137371
-16.185929648241206           0.8156242170307684
-16.07035175879397            0.8156244259628561
-15.954773869346734           0.815623265732303
-15.839195979899497           0.81562411476994
-15.72361809045226            0.8156241856254369
-15.608040201005025           0.8156246528798982
-15.492462311557789           0.815624085580591
-15.376884422110553           0.8156239195013483
-15.261306532663315           0.8156241858966194
-15.145728643216081           0.8156240813302565
-15.030150753768844           0.8156248805220109
-14.914572864321608           0.8156238470872323
-14.798994974874372           0.8156232035687002
-14.683417085427136           0.8156240753422687
-14.5678391959799             0.8156240051908342
-14.452261306532662           0.8156239653585726
-14.336683417085428           0.8156239042572981
-14.22110552763819            0.8156242174114947
-14.105527638190955           0.8156238593568553
-13.989949748743719           0.8156230421771304
-13.874371859296481           0.8156237210682513
-13.758793969849247           0.8156244485546457
-13.64321608040201            0.8156238128984994
-13.527638190954773           0.8156232490970856
-13.412060301507537           0.8156238357448672
-13.296482412060302           0.8156237878264824
-13.180904522613066           0.8156239330536097
-13.065326633165828           0.8156234022198563
-12.949748743718594           0.8156238478336548
-12.834170854271356           0.8156233680855748
-12.71859296482412            0.8156240072820151
-12.603015075376884           0.8156232570685011
-12.487437185929648           0.8156238418251894
-12.371859296482413           0.8156236665512638
-12.256281407035175           0.8156238943115725
-12.14070351758794            0.8156236841507204
-12.025125628140703           0.815623613463778
-11.909547738693467           0.8156235216837486
-11.793969849246231           0.8156233988757463
-11.678391959798995           0.815623654687438
-11.56281407035176            0.8156236074227861
-11.447236180904522           0.8156239206886834
-11.331658291457286           0.8156236718443514
-11.21608040201005            0.8156235956054976
-11.100502512562814           0.8156239405657325
-10.984924623115578           0.8156236580009006
-10.869346733668342           0.8156235232151005
-10.753768844221106           0.8156229374052858
-10.638190954773869           0.815623634215597
-10.522613065326633           0.8156234512079863
-10.407035175879397           0.8156236367456466
-10.291457286432161           0.8156241884034413
-10.175879396984925           0.8156234997835222
-10.06030150753769            0.8156233717625055
-9.944723618090451            0.8156234862985056
-9.829145728643216            0.8156232376286808
-9.71356783919598             0.8156238770395575
-9.597989949748744            0.8156234609457338
-9.482412060301508            0.8156234377083961
-9.366834170854272            0.8156235159353293
-9.251256281407034            0.8156234399744368
-9.135678391959798            0.8156233938497218
-9.020100502512562            0.815623563478628
-8.904522613065327            0.8156230774039709
-8.78894472361809             0.8156229849832769
-8.673366834170855            0.8156243447928183
-8.557788944723619            0.8156233925121399
-8.442211055276381            0.815624286544584
-8.326633165829145            0.815623008386165
-8.21105527638191             0.815623198212761
-8.095477386934673            0.8156234015433765
-7.9798994974874375           0.815623338269895
-7.864321608040202            0.8156232965254888
-7.748743718592964            0.8156232381335421
-7.633165829145728            0.8156233341939426
-7.517587939698492            0.8156231024416813
-7.402010050251256            0.8156235414972812
-7.28643216080402             0.8156233064135362
-7.170854271356784            0.8156232431673784
-7.055276381909547            0.8156229879649711
-6.939698492462311            0.8156232249291008
-6.824120603015075            0.8156232479666291
-6.708542713567839            0.8156231267365329
-6.592964824120603            0.8156232091882962
-6.477386934673367            0.8156231628407365
-6.361809045226131            0.8156231966817348
-6.246231155778894            0.8156231011114512
-6.130653266331658            0.8156231899244131
-6.015075376884422            0.8156231957224722
-5.899497487437186            0.8156232532744913
-5.78391959798995             0.8156231433682783
-5.668341708542714            0.815623157492169
-5.5527638190954764           0.815623018140825
-5.4371859296482405           0.8156229013097012
-5.321608040201005            0.8156230214061461
-5.206030150753769            0.8156230736772049
-5.090452261306533            0.8156231474835076
-4.974874371859297            0.8156231241315259
-4.859296482412061            0.8156232957720133
-4.743718592964823            0.815623101725664
-4.628140703517587            0.8156231854032442
-4.5125628140703515           0.8156230379770345
-4.396984924623116            0.8156230577809117
-4.28140703517588             0.8156230779598582
-4.165829145728644            0.8156230545902121
-4.050251256281406            0.8156229857374565
-3.934673366834172            0.8156230717947388
-3.8190954773869343           0.8156230839724482
-3.7035175879396967           0.8156230301989801
-3.5879396984924625           0.8156230389269734
-3.472361809045225            0.815623026196959
-3.3567839195979907           0.8156230458182663
-3.241206030150753            0.8156229948587608
-3.125628140703519            0.8156229905273533
-3.0100502512562812           0.8156229949710222
-2.8944723618090435           0.815623009761877
-2.7788944723618094           0.8156228825749079
-2.6633165829145717           0.8156229643370149
-2.5477386934673376           0.8156229748973141
-2.4321608040201              0.815622969754731
-2.316582914572866            0.8156229712432486
-2.201005025125628            0.8156229837333365
-2.0854271356783904           0.8156229731089174
-1.9698492462311563           0.8156229345081089
-1.8542713567839186           0.8156228764377049
-1.7386934673366845           0.815622886786826
-1.6231155778894468           0.8156228130408292
-1.5075376884422127           0.8156227943514455
-1.391959798994975            0.8156225572024716
-1.2763819095477373           0.8156220006489502
-1.1608040201005032           0.8156205782790743
-1.0452261306532655           0.8156169491912618
-0.9296482412060314           0.8156078722930832
-0.8140703517587937           0.8155853553575266
-0.698492462311556            0.8155295454600809
-0.5829145728643219           0.8153940767574573
-0.46733668341708423          0.8150699054496696
-0.3517587939698501           0.8143100553027571
-0.23618090452261245          0.8125744141179049
-0.12060301507537828          0.8087346089822265
-0.005025125628140596         0.8005626100924291
0.11055276381909708           0.7839436727493365
0.22613065326633117           0.7518292764819837
0.34170854271356893           0.6930578554679543
0.457286432160803             0.5912223218673395
0.5728643216080407            0.423658715031037
0.6884422110552748            0.16041101499549468
0.8040201005025125            -0.23713609302259833
0.9195979899497502            -0.8182699090214993
1.0351758793969843            -1.6458475525032332
1.150753768844222             -2.800312754588181
1.266331658291456             -4.3852434317543425
1.3819095477386938            -6.534990370234817
1.4974874371859315            -9.424678223025115
1.6130653266331656            -13.282721153598152
1.7286432160804033            -18.4067813466738
1.8442211055276374            -25.184736561603454
1.959798994974875             -34.1222572552194
2.075376884422109             -45.87884132831621
2.190954773869347             -61.31481084139579
2.3065326633165846            -81.55261123067615
2.4221105527638187            -108.05678202125263
2.5376884422110564            -142.7382976021739
2.6532663316582905            -188.0907117334454
2.768844221105528             -249.1172234486442
