-20.0                         0.7716725050236282
-19.884422110552762           0.7716733927876677
-19.768844221105528           0.7716723990245905
-19.65326633165829            0.771671414734127
-19.537688442211056           0.7716723815332039
-19.42211055276382            0.771672289499379
-19.306532663316585           0.771672568799139
-19.190954773869347           0.771671341493722
-19.07537688442211            0.7716725431192104
-18.959798994974875           0.7716722574026261
-18.844221105527637           0.7716734451985156
-18.728643216080403           0.7716722285191187
-18.613065326633166           0.7716723209305953
-18.49748743718593            0.7716722134963349
-18.381909547738694           0.7716741734156811
-18.266331658291456           0.7716720554795785
-18.150753768844222           0.771672137261843
-18.035175879396984           0.7716720391677773
-17.91959798994975            0.7716721029825886
-17.804020100502512           0.7716724505170542
-17.688442211055275           0.7716723530901067
-17.57286432160804            0.7716718473443699
-17.457286432160803           0.7716718300541384
-17.34170854271357            0.7716720648907394
-17.22613065326633            0.7716721851865658
-17.110552763819094           0.7716717795227749
-16.99497487437186            0.7716721557332038
-16.87939698492462            0.7716718788080074
-16.763819095477388           0.7716723306375789
-16.64824120603015            0.7716718960351084
-16.532663316582916           0.7716717901645495
-16.417085427135678           0.7716718431778158
-16.301507537688444           0.771671402064995
-16.185929648241206           0.7716718462754749
-16.07035175879397            0.7716720419651678
-15.954773869346734           0.7716709246011453
-15.839195979899497           0.7716717419536563
-15.72361809045226            0.7716718050319024
-15.608040201005025           0.7716722251820195
-15.492462311557789           0.7716717089020169
-15.376884422110553           0.7716715229762163
-15.261306532663315           0.77167181046942
-15.145728643216081           0.7716717018081014
-15.030150753768844           0.7716724832971746
-14.914572864321608           0.7716714752800028
-14.798994974874372           0.7716708498132027
-14.683417085427136           0.7716716948529831
-14.5678391959799             0.7716716275501407
-14.452261306532662           0.7716715880514589
-14.336683417085428           0.7716715298351152
-14.22110552763819            0.7716718027100545
-14.105527638190955           0.7716714867331627
-13.989949748743719           0.7716706863216696
-13.874371859296481           0.7716713509376539
-13.758793969849247           0.7716720822961535
-13.64321608040201            0.7716714416593
-13.527638190954773           0.7716709047073782
-13.412060301507537           0.7716714603329533
-13.296482412060302           0.7716714408530599
-13.180904522613066           0.7716715476587828
-13.065326633165828           0.7716710213830339
-12.949748743718594           0.7716714765525192
-12.834170854271356           0.7716709979100704
-12.71859296482412            0.771671629250088
-12.603015075376884           0.7716708834587557
-12.487437185929648           0.7716714648457803
-12.371859296482413           0.7716713029925629
-12.256281407035175           0.771671512846155
-12.14070351758794            0.7716713078233859
-12.025125628140703           0.7716712628263639
-11.909547738693467           0.7716711493827508
-11.793969849246231           0.7716710220093471
-11.678391959798995           0.7716712766595207
-11.56281407035176            0.7716712322700564
-11.447236180904522           0.7716715329280819
-11.331658291457286           0.7716712963075524
-11.21608040201005            0.7716712209762728
-11.100502512562814           0.7716715721673355
-10.984924623115578           0.7716712818361336
-10.869346733668342           0.77167114781375
-10.753768844221106           0.7716705781589763
-10.638190954773869           0.7716712516459657
-10.522613065326633           0.7716710795741242
-10.407035175879397           0.7716712553274174
-10.291457286432161           0.7716717788985006
-10.175879396984925           0.771671125193984
-10.06030150753769            0.7716709987409975
-9.944723618090451            0.7716711082777143
-9.829145728643216            0.7716708820218507
-9.71356783919598             0.7716714795932568
-9.597989949748744            0.7716710816896567
-9.482412060301508            0.7716710611003575
-9.366834170854272            0.7716711337924615
-9.251256281407034            0.7716710623543063
-9.135678391959798            0.7716710204951895
-9.020100502512562            0.7716711841294057
-8.904522613065327            0.7716707177744112
-8.78894472361809             0.7716706218007149
-8.673366834170855            0.7716719425029307
-8.557788944723619            0.7716710121450661
-8.442211055276381            0.7716718852388037
-8.326633165829145            0.7716706440709309
-8.21105527638191             0.7716708372486545
-8.095477386934673            0.7716710141197854
-7.9798994974874375           0.7716709599224577
-7.864321608040202            0.7716709191684615
-7.748743718592964            0.7716708637762573
-7.633165829145728            0.7716709540003212
-7.517587939698492            0.7716707310768088
-7.402010050251256            0.7716711506786162
-7.28643216080402             0.7716709289198287
-7.170854271356784            0.7716708671325602
-7.055276381909547            0.771670615346902
-6.939698492462311            0.7716708472108947
-6.824120603015075            0.7716708706508367
-6.708542713567839            0.7716707577982124
-6.592964824120603            0.7716708299249377
-6.477386934673367            0.7716707787961837
-6.361809045226131            0.7716708170514415
-6.246231155778894            0.7716707244431328
-6.130653266331658            0.771670813472649
-6.015075376884422            0.7716708195894514
-5.899497487437186            0.7716708758333944
-5.78391959798995             0.7716707682502807
-5.668341708542714            0.7716707805852188
-5.5527638190954764           0.7716706454152693
-5.4371859296482405           0.7716705311853679
-5.321608040201005            0.7716706506206527
-5.206030150753769            0.771670696825042
-5.090452261306533            0.7716707646417731
-4.974874371859297            0.7716707531721723
-4.859296482412061            0.7716709176664909
-4.743718592964823            0.7716707254043347
-4.628140703517587            0.7716708055293274
-4.5125628140703515           0.7716706611899122
-4.396984924623116            0.7716706816582796
-4.28140703517588             0.7716707009746261
-4.165829145728644            0.7716706776045004
-4.050251256281406            0.771670614992102
-3.934673366834172            0.7716706936165377
-3.8190954773869343           0.7716707048255439
-3.7035175879396967           0.7716706528500756
-3.5879396984924625           0.7716706602489146
-3.472361809045225            0.7716706478061801
-3.3567839195979907           0.7716706670830588
-3.241206030150753            0.7716706168913076
-3.125628140703519            0.7716706136507457
-3.0100502512562812           0.771670618246259
-2.8944723618090435           0.7716706285602601
-2.7788944723618094           0.7716705077570941
-2.6633165829145717           0.7716705848267763
-2.5477386934673376           0.77167059738858
-2.4321608040201              0.7716705923493566
-2.316582914572866            0.7716705933285882
-2.201005025125628            0.7716706051263591
-2.0854271356783904           0.7716705945132035
-1.9698492462311563           0.7716705553942576
-1.8542713567839186           0.7716704954807679
-1.7386934673366845           0.7716704976411505
-1.6231155778894468           0.7716704054709731
-1.5075376884422127           0.7716703392711857
-1.391959798994975            0.7716699953995848
-1.2763819095477373           0.7716691798918897
-1.1608040201005032           0.7716671529507653
-1.0452261306532655           0.7716621194846546
-0.9296482412060314           0.7716498173187536
-0.8140703517587937           0.7716199876813205
-0.698492462311556            0.7715479126481505
-0.5829145728643219           0.7713770049700335
-0.46733668341708423          0.7709776495729412
-0.3517587939698501           0.7700634395658645
-0.23618090452261245          0.7680234320761499
-0.12060301507537828          0.7636123083171837
-0.005025125628140596         0.7544289806328021
0.11055276381909708           0.7361366668926027
0.22613065326633117           0.7014510169911118
0.34170854271356893           0.6390196117851706
0.457286432160803             0.5323450982301039
0.5728643216080407            0.35879447405450865
0.6884422110552748            0.08854067223346773
0.8040201005025125            -0.3168520308540563
0.9195979899497502            -0.9064853166973857
1.0351758793969843            -1.7430526849130534
1.150753768844222             -2.90686881034746
1.266331658291456             -4.501419333573136
1.3819095477386938            -6.660991442206963
1.4974874371859315            -9.560660689374979
1.6130653266331656            -13.428799577820158
1.7286432160804033            -18.563037405065387
1.8442211055276374            -25.351228489868078
1.959798994974875             -34.299027149194885
2.075376884422109             -46.065920033908135
2.190954773869347             -61.51222120235283
2.3065326633165846            -81.76037030194766
2.4221105527638187            -108.27490261473059
2.5376884422110564            -142.96678938773135
2.6532663316582905            -188.32958203560625
2.768844221105528             -249.3664194285437
