-20.0                         0.48588021627163125
-19.884422110552762           0.48588093366269014
-19.768844221105528           0.4858801414587692
-19.65326633165829            0.48587927734484476
-19.537688442211056           0.48588009894785716
-19.42211055276382            0.48588011635905204
-19.306532663316585           0.48588027962696556
-19.190954773869347           0.4858795114346302
-19.07537688442211            0.4858801945751071
-18.959798994974875           0.4858800002056416
-18.844221105527637           0.4858809028532716
-18.728643216080403           0.48588004233691007
-18.613065326633166           0.4858799584557361
-18.49748743718593            0.48587996282831025
-18.381909547738694           0.4858814007970158
-18.266331658291456           0.48587981324442814
-18.150753768844222           0.4858798987799854
-18.035175879396984           0.48587954864356
-17.91959798994975            0.48587984523432565
-17.804020100502512           0.4858800457601017
-17.688442211055275           0.48588010379580027
-17.57286432160804            0.48587971777394207
-17.457286432160803           0.48587958850721596
-17.34170854271357            0.4858798411908282
-17.22613065326633            0.4858800118716183
-17.110552763819094           0.4858795426077966
-16.99497487437186            0.4858797833128808
-16.87939698492462            0.48587979299988415
-16.763819095477388           0.4858799112854054
-16.64824120603015            0.48587973025962267
-16.532663316582916           0.48587950499693144
-16.417085427135678           0.48587961826063136
-16.301507537688444           0.48587938103062184
-16.185929648241206           0.4858795968006014
-16.07035175879397            0.4858797070225011
-15.954773869346734           0.4858789042259396
-15.839195979899497           0.48587949066676767
-15.72361809045226            0.48587951505091315
-15.608040201005025           0.4858796258953677
-15.492462311557789           0.48587943303920134
-15.376884422110553           0.4858791779108419
-15.261306532663315           0.4858795286911876
-15.145728643216081           0.4858794100717573
-15.030150753768844           0.4858799988185277
-14.914572864321608           0.48587923482484285
-14.798994974874372           0.48587876831405025
-14.683417085427136           0.48587939172166716
-14.5678391959799             0.4858793619790904
-14.452261306532662           0.4858793255123424
-14.336683417085428           0.4858792687331949
-14.22110552763819            0.4858793011559708
-14.105527638190955           0.4858792461683007
-13.989949748743719           0.4858785667685087
-13.874371859296481           0.48587912127155664
-13.758793969849247           0.4858798462725917
-13.64321608040201            0.4858792051118297
-13.527638190954773           0.4858788682760363
-13.412060301507537           0.485879197707404
-13.296482412060302           0.4858793384003259
-13.180904522613066           0.4858792182545661
-13.065326633165828           0.48587874880473503
-12.949748743718594           0.48587922599862055
-12.834170854271356           0.48587877367063487
-12.71859296482412            0.4858793310748949
-12.603015075376884           0.48587865913107336
-12.487437185929648           0.4858791744676496
-12.371859296482413           0.48587910080694763
-12.256281407035175           0.485879193982678
-12.14070351758794            0.4858790344219749
-12.025125628140703           0.48587914232578566
-11.909547738693467           0.4858789043965075
-11.793969849246231           0.4858787859010331
-11.678391959798995           0.4858789962178885
-11.56281407035176            0.4858789667088775
-11.447236180904522           0.485879177483597
-11.331658291457286           0.48587902136044925
-11.21608040201005            0.4858789569274122
-11.100502512562814           0.485879332141094
-10.984924623115578           0.48587900141458956
-10.869346733668342           0.4858788809748048
-10.753768844221106           0.48587842986308866
-10.638190954773869           0.48587893969903817
-10.522613065326633           0.48587883954337296
-10.407035175879397           0.4858789355590794
-10.291457286432161           0.48587926727240427
-10.175879396984925           0.48587885810364856
-10.06030150753769            0.4858787479053691
-9.944723618090451            0.485878826795235
-9.829145728643216            0.48587874741594994
-9.71356783919598             0.48587904183462843
-9.597989949748744            0.4858787916579224
-9.482412060301508            0.48587878802409445
-9.366834170854272            0.48587881717293807
-9.251256281407034            0.48587877856883654
-9.135678391959798            0.48587876302499233
-9.020100502512562            0.4858788641170045
-8.904522613065327            0.4858785652470217
-8.78894472361809             0.485878442234815
-8.673366834170855            0.48587947614185584
-8.557788944723619            0.48587870998251864
-8.442211055276381            0.4858794261197866
-8.326633165829145            0.4858784556209563
-8.21105527638191             0.48587866191939816
-8.095477386934673            0.48587867316006766
-7.9798994974874375           0.48587866875838487
-7.864321608040202            0.4858786385416894
-7.748743718592964            0.48587860241461367
-7.633165829145728            0.4858786531583187
-7.517587939698492            0.4858785055400772
-7.402010050251256            0.485878764051255
-7.28643216080402             0.48587864253041413
-7.170854271356784            0.48587859407055145
-7.055276381909547            0.48587837844026377
-6.939698492462311            0.4858785652492114
-6.824120603015075            0.48587858651904103
-6.708542713567839            0.4858785330362453
-6.592964824120603            0.485878536724924
-6.477386934673367            0.4858784608263627
-6.361809045226131            0.4858785238320991
-6.246231155778894            0.4858784485977677
-6.130653266331658            0.48587853299311207
-6.015075376884422            0.48587853660329156
-5.899497487437186            0.48587857733037415
-5.78391959798995             0.48587849902900654
-5.668341708542714            0.48587850106126224
-5.5527638190954764           0.4858784040471051
-5.4371859296482405           0.4858783015466269
-5.321608040201005            0.4858784172312047
-5.206030150753769            0.4858784259840051
-5.090452261306533            0.4858784510583318
-4.974874371859297            0.48587850437771224
-4.859296482412061            0.4858786189141904
-4.743718592964823            0.4858784456760273
-4.628140703517587            0.4858785041423827
-4.5125628140703515           0.48587838923760596
-4.396984924623116            0.4858784057614413
-4.28140703517588             0.4858784180733969
-4.165829145728644            0.4858783978619898
-4.050251256281406            0.4858783762073809
-3.934673366834172            0.4858784038676901
-3.8190954773869343           0.4858784087164631
-3.7035175879396967           0.48587837017948216
-3.5879396984924625           0.48587836991880107
-3.472361809045225            0.48587835912545013
-3.3567839195979907           0.4858783732404893
-3.241206030150753            0.48587833608127295
-3.125628140703519            0.48587833420138254
-3.0100502512562812           0.4858783385255157
-2.8944723618090435           0.48587832245530393
-2.7788944723618094           0.4858782428358356
-2.6633165829145717           0.48587828829406043
-2.5477386934673376           0.4858783081131567
-2.4321608040201              0.48587829670160393
-2.316582914572866            0.48587828075832823
-2.201005025125628            0.48587825676540836
-2.0854271356783904           0.4858781850338619
-1.9698492462311563           0.4858780160312737
-1.8542713567839186           0.48587767953420397
-1.7386934673366845           0.4858770747017591
-1.6231155778894468           0.4858757205220648
-1.5075376884422127           0.48587300651600335
-1.391959798994975            0.4858672132319999
-1.2763819095477373           0.48585512525930324
-1.1608040201005032           0.4858300246528966
-1.0452261306532655           0.48577812023704997
-0.9296482412060314           0.48567156003347783
-0.8140703517587937           0.4854544993046356
-0.698492462311556            0.48501644374931446
-0.5829145728643219           0.48414378527114144
-0.46733668341708423          0.4824310704043133
-0.3517587939698501           0.4791311034484311
-0.23618090452261245          0.47291226034868855
-0.12060301507537828          0.4614940034283953
-0.005025125628140596         0.4411431997964452
0.11055276381909708           0.40603967612282066
0.22613065326633117           0.34754519638695613
0.34170854271356893           0.2534131767095851
0.457286432160803             0.10693621035245768
0.5728643216080407            -0.1140396457642341
0.6884422110552748            -0.4383688204912001
0.8040201005025125            -0.9032940489581377
0.9195979899497502            -1.5567345427802113
1.0351758793969843            -2.460351847329549
1.150753768844222             -3.6936440814279887
1.266331658291456             -5.3595077725763405
1.3819095477386938            -7.5918164798193635
1.4974874371859315            -10.565317589192045
1.6130653266331656            -14.508099331386747
1.7286432160804033            -19.717563500979896
1.8442211055276374            -26.58140025071472
1.959798994974875             -35.60514955942959
2.075376884422109             -47.44821762126939
2.190954773869347             -62.97086083834129
2.3065326633165846            -83.2954769082403
2.4221105527638187            -109.88657022727702
2.5376884422110564            -144.65508909234015
2.6532663316582905            -190.09456774136268
2.768844221105528             -251.2077008355789
